PreviousAS	CurrentAS	NextAS	Bandwidth	Delay	Hop	Full Path
5	0	20	8.0	1.0	6	[000000, 000003, 000002, 000004, 000001, 000005]
5	0	20	14.0	1.0	6	[000000, 000003, 000002, 000004, 000006, 000005]
5	0	20	14.0	1.0	4	[000000, 000003, 000002, 000005]
5	0	20	8.0	1.0	6	[000000, 000003, 000006, 000004, 000001, 000005]
5	0	20	14.0	1.0	6	[000000, 000003, 000006, 000004, 000002, 000005]
5	0	20	14.0	2.0	4	[000000, 000003, 000006, 000005]
5	0	20	64.0	1.0	2	[000000, 000005]
4	1	16	6.0	2.0	6	[001003, 001000, 001006, 001001, 001004, 001002]
4	1	16	25.0	2.0	4	[001003, 001000, 001006, 001002]
4	1	16	6.0	2.0	7	[001003, 001000, 001006, 001005, 001001, 001004, 001002]
4	1	16	71.0	1.0	2	[001003, 001002]
4	1	16	6.0	1.0	6	[001003, 001004, 001001, 001005, 001006, 001002]
4	1	16	22.0	1.0	5	[001003, 001004, 001001, 001006, 001002]
4	1	16	6.0	1.0	3	[001003, 001004, 001002]
4	1	16	6.0	2.0	5	[001003, 001006, 001001, 001004, 001002]
4	1	16	70.0	2.0	3	[001003, 001006, 001002]
4	1	16	6.0	2.0	6	[001003, 001006, 001005, 001001, 001004, 001002]
15	2	17	38.0	1.0	6	[002001, 002000, 002002, 002005, 002004, 002003]
15	2	17	15.0	1.0	4	[002001, 002000, 002004, 002003]
15	2	17	21.0	1.0	5	[002001, 002000, 002005, 002004, 002003]
15	2	17	48.0	3.0	2	[002001, 002003]
15	2	17	27.0	2.0	3	[002001, 002006, 002003]
4	3	5	29.0	1.0	4	[003002, 003000, 003003, 003001]
4	3	5	32.0	2.0	5	[003002, 003000, 003004, 003005, 003001]
4	3	5	50.0	1.0	4	[003002, 003000, 003005, 003001]
4	3	5	27.0	2.0	5	[003002, 003000, 003006, 003005, 003001]
4	3	5	29.0	1.0	5	[003002, 003004, 003000, 003003, 003001]
4	3	5	32.0	1.0	5	[003002, 003004, 003000, 003005, 003001]
4	3	5	27.0	1.0	6	[003002, 003004, 003000, 003006, 003005, 003001]
4	3	5	29.0	1.0	6	[003002, 003004, 003005, 003000, 003003, 003001]
4	3	5	39.0	1.0	4	[003002, 003004, 003005, 003001]
4	3	5	27.0	1.0	7	[003002, 003004, 003005, 003006, 003000, 003003, 003001]
4	3	5	29.0	1.0	5	[003002, 003005, 003000, 003003, 003001]
4	3	5	72.0	5.0	3	[003002, 003005, 003001]
4	3	5	29.0	1.0	6	[003002, 003005, 003004, 003000, 003003, 003001]
4	3	5	27.0	1.0	6	[003002, 003005, 003006, 003000, 003003, 003001]
4	3	5	12.0	1.0	5	[003002, 003006, 003000, 003003, 003001]
4	3	5	12.0	1.0	6	[003002, 003006, 003000, 003004, 003005, 003001]
4	3	5	12.0	1.0	5	[003002, 003006, 003000, 003005, 003001]
4	3	5	12.0	1.0	6	[003002, 003006, 003005, 003000, 003003, 003001]
4	3	5	12.0	1.0	4	[003002, 003006, 003005, 003001]
4	3	5	12.0	1.0	7	[003002, 003006, 003005, 003004, 003000, 003003, 003001]
4	3	10	29.0	1.0	6	[003002, 003000, 003003, 003001, 003005, 003004]
4	3	10	32.0	2.0	3	[003002, 003000, 003004]
4	3	10	50.0	1.0	4	[003002, 003000, 003005, 003004]
4	3	10	27.0	2.0	5	[003002, 003000, 003006, 003005, 003004]
4	3	10	39.0	1.0	2	[003002, 003004]
4	3	10	32.0	1.0	4	[003002, 003005, 003000, 003004]
4	3	10	29.0	1.0	6	[003002, 003005, 003001, 003003, 003000, 003004]
4	3	10	68.0	2.0	3	[003002, 003005, 003004]
4	3	10	27.0	2.0	5	[003002, 003005, 003006, 003000, 003004]
4	3	10	12.0	1.0	7	[003002, 003006, 003000, 003003, 003001, 003005, 003004]
4	3	10	12.0	1.0	4	[003002, 003006, 003000, 003004]
4	3	10	12.0	1.0	5	[003002, 003006, 003000, 003005, 003004]
4	3	10	12.0	1.0	5	[003002, 003006, 003005, 003000, 003004]
4	3	10	12.0	1.0	7	[003002, 003006, 003005, 003001, 003003, 003000, 003004]
4	3	10	12.0	1.0	4	[003002, 003006, 003005, 003004]
4	3	18	29.0	1.0	5	[003002, 003000, 003003, 003001, 003005]
4	3	18	32.0	2.0	4	[003002, 003000, 003004, 003005]
4	3	18	50.0	1.0	3	[003002, 003000, 003005]
4	3	18	27.0	2.0	4	[003002, 003000, 003006, 003005]
4	3	18	29.0	1.0	6	[003002, 003004, 003000, 003003, 003001, 003005]
4	3	18	32.0	1.0	4	[003002, 003004, 003000, 003005]
4	3	18	27.0	1.0	5	[003002, 003004, 003000, 003006, 003005]
4	3	18	39.0	1.0	3	[003002, 003004, 003005]
4	3	18	72.0	5.0	2	[003002, 003005]
4	3	18	12.0	1.0	6	[003002, 003006, 003000, 003003, 003001, 003005]
4	3	18	12.0	1.0	5	[003002, 003006, 003000, 003004, 003005]
4	3	18	12.0	1.0	4	[003002, 003006, 003000, 003005]
4	3	18	12.0	1.0	3	[003002, 003006, 003005]
4	3	21	79.0	2.0	2	[003002, 003000]
4	3	21	32.0	1.0	3	[003002, 003004, 003000]
4	3	21	39.0	1.0	4	[003002, 003004, 003005, 003000]
4	3	21	29.0	1.0	6	[003002, 003004, 003005, 003001, 003003, 003000]
4	3	21	27.0	1.0	5	[003002, 003004, 003005, 003006, 003000]
4	3	21	50.0	1.0	3	[003002, 003005, 003000]
4	3	21	29.0	1.0	5	[003002, 003005, 003001, 003003, 003000]
4	3	21	32.0	2.0	4	[003002, 003005, 003004, 003000]
4	3	21	27.0	2.0	4	[003002, 003005, 003006, 003000]
4	3	21	12.0	1.0	3	[003002, 003006, 003000]
4	3	21	12.0	1.0	4	[003002, 003006, 003005, 003000]
4	3	21	12.0	1.0	6	[003002, 003006, 003005, 003001, 003003, 003000]
4	3	21	12.0	1.0	5	[003002, 003006, 003005, 003004, 003000]
5	3	10	29.0	1.0	5	[003001, 003003, 003000, 003002, 003004]
5	3	10	29.0	1.0	6	[003001, 003003, 003000, 003002, 003005, 003004]
5	3	10	12.0	1.0	7	[003001, 003003, 003000, 003002, 003006, 003005, 003004]
5	3	10	29.0	1.0	4	[003001, 003003, 003000, 003004]
5	3	10	29.0	1.0	6	[003001, 003003, 003000, 003005, 003002, 003004]
5	3	10	29.0	1.0	5	[003001, 003003, 003000, 003005, 003004]
5	3	10	12.0	1.0	7	[003001, 003003, 003000, 003005, 003006, 003002, 003004]
5	3	10	12.0	1.0	6	[003001, 003003, 003000, 003006, 003002, 003004]
5	3	10	12.0	1.0	7	[003001, 003003, 003000, 003006, 003002, 003005, 003004]
5	3	10	27.0	1.0	7	[003001, 003003, 003000, 003006, 003005, 003002, 003004]
5	3	10	27.0	1.0	6	[003001, 003003, 003000, 003006, 003005, 003004]
5	3	10	39.0	1.0	5	[003001, 003005, 003000, 003002, 003004]
5	3	10	32.0	1.0	4	[003001, 003005, 003000, 003004]
5	3	10	12.0	1.0	6	[003001, 003005, 003000, 003006, 003002, 003004]
5	3	10	32.0	2.0	5	[003001, 003005, 003002, 003000, 003004]
5	3	10	39.0	1.0	4	[003001, 003005, 003002, 003004]
5	3	10	12.0	1.0	6	[003001, 003005, 003002, 003006, 003000, 003004]
5	3	10	68.0	2.0	3	[003001, 003005, 003004]
5	3	10	27.0	1.0	6	[003001, 003005, 003006, 003000, 003002, 003004]
5	3	10	27.0	2.0	5	[003001, 003005, 003006, 003000, 003004]
5	3	10	12.0	1.0	6	[003001, 003005, 003006, 003002, 003000, 003004]
5	3	10	12.0	1.0	5	[003001, 003005, 003006, 003002, 003004]
5	3	18	29.0	1.0	6	[003001, 003003, 003000, 003002, 003004, 003005]
5	3	18	29.0	1.0	5	[003001, 003003, 003000, 003002, 003005]
5	3	18	12.0	1.0	6	[003001, 003003, 003000, 003002, 003006, 003005]
5	3	18	29.0	1.0	6	[003001, 003003, 003000, 003004, 003002, 003005]
5	3	18	12.0	1.0	7	[003001, 003003, 003000, 003004, 003002, 003006, 003005]
5	3	18	29.0	1.0	5	[003001, 003003, 003000, 003004, 003005]
5	3	18	29.0	1.0	4	[003001, 003003, 003000, 003005]
5	3	18	12.0	1.0	7	[003001, 003003, 003000, 003006, 003002, 003004, 003005]
5	3	18	12.0	1.0	6	[003001, 003003, 003000, 003006, 003002, 003005]
5	3	18	27.0	1.0	5	[003001, 003003, 003000, 003006, 003005]
5	3	18	87.0	5.0	2	[003001, 003005]
5	3	21	29.0	1.0	3	[003001, 003003, 003000]
5	3	21	50.0	1.0	3	[003001, 003005, 003000]
5	3	21	72.0	2.0	4	[003001, 003005, 003002, 003000]
5	3	21	32.0	1.0	5	[003001, 003005, 003002, 003004, 003000]
5	3	21	12.0	1.0	5	[003001, 003005, 003002, 003006, 003000]
5	3	21	32.0	2.0	4	[003001, 003005, 003004, 003000]
5	3	21	39.0	1.0	5	[003001, 003005, 003004, 003002, 003000]
5	3	21	12.0	1.0	6	[003001, 003005, 003004, 003002, 003006, 003000]
5	3	21	27.0	2.0	4	[003001, 003005, 003006, 003000]
5	3	21	12.0	1.0	5	[003001, 003005, 003006, 003002, 003000]
5	3	21	12.0	1.0	6	[003001, 003005, 003006, 003002, 003004, 003000]
10	3	18	32.0	2.0	4	[003004, 003000, 003002, 003005]
10	3	18	12.0	1.0	5	[003004, 003000, 003002, 003006, 003005]
10	3	18	29.0	1.0	5	[003004, 003000, 003003, 003001, 003005]
10	3	18	32.0	1.0	3	[003004, 003000, 003005]
10	3	18	12.0	1.0	5	[003004, 003000, 003006, 003002, 003005]
10	3	18	27.0	2.0	4	[003004, 003000, 003006, 003005]
10	3	18	29.0	1.0	6	[003004, 003002, 003000, 003003, 003001, 003005]
10	3	18	39.0	1.0	4	[003004, 003002, 003000, 003005]
10	3	18	27.0	1.0	5	[003004, 003002, 003000, 003006, 003005]
10	3	18	39.0	1.0	3	[003004, 003002, 003005]
10	3	18	12.0	1.0	7	[003004, 003002, 003006, 003000, 003003, 003001, 003005]
10	3	18	12.0	1.0	5	[003004, 003002, 003006, 003000, 003005]
10	3	18	12.0	1.0	4	[003004, 003002, 003006, 003005]
10	3	18	68.0	2.0	2	[003004, 003005]
10	3	21	32.0	5.0	2	[003004, 003000]
10	3	21	39.0	1.0	3	[003004, 003002, 003000]
10	3	21	39.0	1.0	4	[003004, 003002, 003005, 003000]
10	3	21	29.0	1.0	6	[003004, 003002, 003005, 003001, 003003, 003000]
10	3	21	27.0	1.0	5	[003004, 003002, 003005, 003006, 003000]
10	3	21	12.0	1.0	4	[003004, 003002, 003006, 003000]
10	3	21	12.0	1.0	5	[003004, 003002, 003006, 003005, 003000]
10	3	21	12.0	1.0	7	[003004, 003002, 003006, 003005, 003001, 003003, 003000]
10	3	21	50.0	1.0	3	[003004, 003005, 003000]
10	3	21	29.0	1.0	5	[003004, 003005, 003001, 003003, 003000]
10	3	21	68.0	2.0	4	[003004, 003005, 003002, 003000]
10	3	21	12.0	1.0	5	[003004, 003005, 003002, 003006, 003000]
10	3	21	27.0	2.0	4	[003004, 003005, 003006, 003000]
10	3	21	12.0	1.0	5	[003004, 003005, 003006, 003002, 003000]
18	3	21	50.0	1.0	2	[003005, 003000]
18	3	21	29.0	1.0	4	[003005, 003001, 003003, 003000]
18	3	21	72.0	2.0	3	[003005, 003002, 003000]
18	3	21	32.0	1.0	4	[003005, 003002, 003004, 003000]
18	3	21	12.0	1.0	4	[003005, 003002, 003006, 003000]
18	3	21	32.0	2.0	3	[003005, 003004, 003000]
18	3	21	39.0	1.0	4	[003005, 003004, 003002, 003000]
18	3	21	12.0	1.0	5	[003005, 003004, 003002, 003006, 003000]
18	3	21	27.0	2.0	3	[003005, 003006, 003000]
18	3	21	12.0	1.0	4	[003005, 003006, 003002, 003000]
18	3	21	12.0	1.0	5	[003005, 003006, 003002, 003004, 003000]
1	4	3	7.0	1.0	6	[004005, 004001, 004000, 004002, 004004, 004003]
1	4	3	7.0	1.0	7	[004005, 004001, 004000, 004002, 004004, 004006, 004003]
1	4	3	62.0	1.0	4	[004005, 004001, 004000, 004003]
1	4	3	23.0	1.0	5	[004005, 004001, 004000, 004004, 004003]
1	4	3	62.0	1.0	6	[004005, 004001, 004000, 004004, 004006, 004003]
1	4	3	62.0	1.0	5	[004005, 004001, 004000, 004006, 004003]
1	4	3	23.0	1.0	6	[004005, 004001, 004000, 004006, 004004, 004003]
1	4	3	21.0	1.0	5	[004005, 004001, 004002, 004000, 004003]
1	4	3	21.0	1.0	6	[004005, 004001, 004002, 004000, 004004, 004003]
1	4	3	21.0	1.0	7	[004005, 004001, 004002, 004000, 004004, 004006, 004003]
1	4	3	21.0	1.0	6	[004005, 004001, 004002, 004000, 004006, 004003]
1	4	3	21.0	1.0	7	[004005, 004001, 004002, 004000, 004006, 004004, 004003]
1	4	3	7.0	2.0	6	[004005, 004001, 004002, 004004, 004000, 004003]
1	4	3	7.0	2.0	7	[004005, 004001, 004002, 004004, 004000, 004006, 004003]
1	4	3	7.0	2.0	5	[004005, 004001, 004002, 004004, 004003]
1	4	3	7.0	2.0	7	[004005, 004001, 004002, 004004, 004006, 004000, 004003]
1	4	3	7.0	2.0	6	[004005, 004001, 004002, 004004, 004006, 004003]
1	4	3	44.0	2.0	3	[004005, 004001, 004003]
1	4	3	44.0	1.0	5	[004005, 004004, 004000, 004001, 004003]
1	4	3	21.0	1.0	6	[004005, 004004, 004000, 004002, 004001, 004003]
1	4	3	68.0	4.0	4	[004005, 004004, 004000, 004003]
1	4	3	68.0	3.0	5	[004005, 004004, 004000, 004006, 004003]
1	4	3	7.0	1.0	6	[004005, 004004, 004002, 004000, 004001, 004003]
1	4	3	7.0	1.0	5	[004005, 004004, 004002, 004000, 004003]
1	4	3	7.0	1.0	6	[004005, 004004, 004002, 004000, 004006, 004003]
1	4	3	7.0	1.0	6	[004005, 004004, 004002, 004001, 004000, 004003]
1	4	3	7.0	1.0	7	[004005, 004004, 004002, 004001, 004000, 004006, 004003]
1	4	3	7.0	2.0	5	[004005, 004004, 004002, 004001, 004003]
1	4	3	23.0	4.0	3	[004005, 004004, 004003]
1	4	3	44.0	1.0	6	[004005, 004004, 004006, 004000, 004001, 004003]
1	4	3	21.0	1.0	7	[004005, 004004, 004006, 004000, 004002, 004001, 004003]
1	4	3	79.0	3.0	5	[004005, 004004, 004006, 004000, 004003]
1	4	3	78.0	3.0	4	[004005, 004004, 004006, 004003]
0	5	3	45.0	1.0	5	[005006, 005001, 005003, 005002, 005000]
0	5	3	45.0	1.0	6	[005006, 005001, 005003, 005002, 005004, 005000]
0	5	3	22.0	1.0	6	[005006, 005001, 005003, 005002, 005005, 005000]
0	5	3	8.0	1.0	5	[005006, 005001, 005003, 005004, 005000]
0	5	3	8.0	1.0	6	[005006, 005001, 005003, 005004, 005002, 005000]
0	5	3	8.0	1.0	7	[005006, 005001, 005003, 005004, 005002, 005005, 005000]
0	5	3	32.0	1.0	4	[005006, 005001, 005004, 005000]
0	5	3	32.0	1.0	5	[005006, 005001, 005004, 005002, 005000]
0	5	3	22.0	1.0	6	[005006, 005001, 005004, 005002, 005005, 005000]
0	5	3	8.0	1.0	6	[005006, 005001, 005004, 005003, 005002, 005000]
0	5	3	8.0	1.0	7	[005006, 005001, 005004, 005003, 005002, 005005, 005000]
0	5	3	33.0	1.0	3	[005006, 005002, 005000]
0	5	3	32.0	1.0	6	[005006, 005002, 005003, 005001, 005004, 005000]
0	5	3	8.0	1.0	5	[005006, 005002, 005003, 005004, 005000]
0	5	3	33.0	1.0	4	[005006, 005002, 005004, 005000]
0	5	3	22.0	1.0	4	[005006, 005002, 005005, 005000]
0	5	3	7.0	1.0	5	[005006, 005003, 005001, 005004, 005000]
0	5	3	7.0	1.0	6	[005006, 005003, 005001, 005004, 005002, 005000]
0	5	3	7.0	1.0	7	[005006, 005003, 005001, 005004, 005002, 005005, 005000]
0	5	3	7.0	1.0	4	[005006, 005003, 005002, 005000]
0	5	3	7.0	1.0	5	[005006, 005003, 005002, 005004, 005000]
0	5	3	7.0	1.0	5	[005006, 005003, 005002, 005005, 005000]
0	5	3	7.0	1.0	4	[005006, 005003, 005004, 005000]
0	5	3	7.0	1.0	5	[005006, 005003, 005004, 005002, 005000]
0	5	3	7.0	1.0	6	[005006, 005003, 005004, 005002, 005005, 005000]
0	5	3	85.0	1.0	3	[005006, 005004, 005000]
0	5	3	32.0	1.0	6	[005006, 005004, 005001, 005003, 005002, 005000]
0	5	3	22.0	1.0	7	[005006, 005004, 005001, 005003, 005002, 005005, 005000]
0	5	3	60.0	1.0	4	[005006, 005004, 005002, 005000]
0	5	3	22.0	1.0	5	[005006, 005004, 005002, 005005, 005000]
0	5	3	8.0	1.0	5	[005006, 005004, 005003, 005002, 005000]
0	5	3	8.0	1.0	6	[005006, 005004, 005003, 005002, 005005, 005000]
0	5	22	45.0	2.0	4	[005006, 005001, 005003, 005002]
0	5	22	8.0	1.0	6	[005006, 005001, 005003, 005004, 005000, 005002]
0	5	22	8.0	1.0	7	[005006, 005001, 005003, 005004, 005000, 005005, 005002]
0	5	22	8.0	2.0	5	[005006, 005001, 005003, 005004, 005002]
0	5	22	32.0	1.0	5	[005006, 005001, 005004, 005000, 005002]
0	5	22	22.0	1.0	6	[005006, 005001, 005004, 005000, 005005, 005002]
0	5	22	32.0	2.0	4	[005006, 005001, 005004, 005002]
0	5	22	8.0	2.0	5	[005006, 005001, 005004, 005003, 005002]
0	5	22	33.0	2.0	2	[005006, 005002]
0	5	22	7.0	1.0	6	[005006, 005003, 005001, 005004, 005000, 005002]
0	5	22	7.0	1.0	7	[005006, 005003, 005001, 005004, 005000, 005005, 005002]
0	5	22	7.0	2.0	5	[005006, 005003, 005001, 005004, 005002]
0	5	22	7.0	2.0	3	[005006, 005003, 005002]
0	5	22	7.0	1.0	5	[005006, 005003, 005004, 005000, 005002]
0	5	22	7.0	1.0	6	[005006, 005003, 005004, 005000, 005005, 005002]
0	5	22	7.0	2.0	4	[005006, 005003, 005004, 005002]
0	5	22	60.0	1.0	4	[005006, 005004, 005000, 005002]
0	5	22	22.0	1.0	5	[005006, 005004, 005000, 005005, 005002]
0	5	22	32.0	2.0	5	[005006, 005004, 005001, 005003, 005002]
0	5	22	85.0	2.0	3	[005006, 005004, 005002]
0	5	22	8.0	2.0	4	[005006, 005004, 005003, 005002]
3	5	22	60.0	1.0	2	[005000, 005002]
3	5	22	32.0	1.0	5	[005000, 005004, 005001, 005003, 005002]
3	5	22	7.0	1.0	6	[005000, 005004, 005001, 005003, 005006, 005002]
3	5	22	32.0	1.0	5	[005000, 005004, 005001, 005006, 005002]
3	5	22	7.0	1.0	6	[005000, 005004, 005001, 005006, 005003, 005002]
3	5	22	92.0	1.0	3	[005000, 005004, 005002]
3	5	22	8.0	1.0	6	[005000, 005004, 005003, 005001, 005006, 005002]
3	5	22	8.0	1.0	4	[005000, 005004, 005003, 005002]
3	5	22	7.0	1.0	5	[005000, 005004, 005003, 005006, 005002]
3	5	22	45.0	1.0	6	[005000, 005004, 005006, 005001, 005003, 005002]
3	5	22	33.0	1.0	4	[005000, 005004, 005006, 005002]
3	5	22	7.0	1.0	5	[005000, 005004, 005006, 005003, 005002]
3	5	22	22.0	1.0	3	[005000, 005005, 005002]
7	6	13	17.0	1.0	3	[006006, 006003, 006001]
7	6	13	17.0	1.0	5	[006006, 006003, 006004, 006000, 006001]
7	6	13	17.0	1.0	6	[006006, 006003, 006004, 006000, 006005, 006001]
7	6	13	17.0	1.0	4	[006006, 006003, 006004, 006001]
7	6	13	13.0	1.0	5	[006006, 006003, 006004, 006002, 006001]
7	6	13	17.0	1.0	6	[006006, 006003, 006004, 006005, 006000, 006001]
7	6	13	17.0	1.0	5	[006006, 006003, 006004, 006005, 006001]
7	6	13	49.0	1.0	4	[006006, 006004, 006000, 006001]
7	6	13	43.0	1.0	5	[006006, 006004, 006000, 006005, 006001]
7	6	13	24.0	1.0	3	[006006, 006004, 006001]
7	6	13	13.0	3.0	4	[006006, 006004, 006002, 006001]
7	6	13	65.0	1.0	4	[006006, 006004, 006003, 006001]
7	6	13	43.0	1.0	5	[006006, 006004, 006005, 006000, 006001]
7	6	13	63.0	2.0	4	[006006, 006004, 006005, 006001]
6	7	18	22.0	1.0	5	[007003, 007000, 007001, 007004, 007005]
6	7	18	22.0	1.0	6	[007003, 007000, 007001, 007006, 007004, 007005]
6	7	18	32.0	1.0	4	[007003, 007000, 007002, 007005]
6	7	18	32.0	1.0	4	[007003, 007000, 007004, 007005]
6	7	18	32.0	1.0	3	[007003, 007000, 007005]
6	7	18	22.0	1.0	5	[007003, 007001, 007000, 007002, 007005]
6	7	18	22.0	1.0	5	[007003, 007001, 007000, 007004, 007005]
6	7	18	22.0	3.0	4	[007003, 007001, 007000, 007005]
6	7	18	38.0	1.0	6	[007003, 007001, 007004, 007000, 007002, 007005]
6	7	18	38.0	2.0	5	[007003, 007001, 007004, 007000, 007005]
6	7	18	37.0	1.0	4	[007003, 007001, 007004, 007005]
6	7	18	38.0	1.0	7	[007003, 007001, 007006, 007004, 007000, 007002, 007005]
6	7	18	38.0	3.0	6	[007003, 007001, 007006, 007004, 007000, 007005]
6	7	18	37.0	1.0	5	[007003, 007001, 007006, 007004, 007005]
6	7	18	5.0	1.0	6	[007003, 007002, 007000, 007001, 007004, 007005]
6	7	18	5.0	1.0	7	[007003, 007002, 007000, 007001, 007006, 007004, 007005]
6	7	18	5.0	1.0	5	[007003, 007002, 007000, 007004, 007005]
6	7	18	5.0	1.0	4	[007003, 007002, 007000, 007005]
6	7	18	5.0	1.0	3	[007003, 007002, 007005]
6	7	18	22.0	1.0	6	[007003, 007006, 007001, 007000, 007002, 007005]
6	7	18	22.0	1.0	6	[007003, 007006, 007001, 007000, 007004, 007005]
6	7	18	22.0	1.0	5	[007003, 007006, 007001, 007000, 007005]
6	7	18	38.0	1.0	7	[007003, 007006, 007001, 007004, 007000, 007002, 007005]
6	7	18	38.0	1.0	6	[007003, 007006, 007001, 007004, 007000, 007005]
6	7	18	37.0	1.0	5	[007003, 007006, 007001, 007004, 007005]
6	7	18	38.0	1.0	6	[007003, 007006, 007004, 007000, 007002, 007005]
6	7	18	38.0	1.0	5	[007003, 007006, 007004, 007000, 007005]
6	7	18	22.0	1.0	7	[007003, 007006, 007004, 007001, 007000, 007002, 007005]
6	7	18	22.0	1.0	6	[007003, 007006, 007004, 007001, 007000, 007005]
6	7	18	37.0	1.0	4	[007003, 007006, 007004, 007005]
16	8	22	44.0	1.0	3	[008001, 008000, 008002]
16	8	22	44.0	1.0	4	[008001, 008000, 008005, 008002]
16	8	22	39.0	1.0	5	[008001, 008000, 008005, 008006, 008002]
16	8	22	8.0	1.0	4	[008001, 008000, 008006, 008002]
16	8	22	8.0	1.0	5	[008001, 008000, 008006, 008005, 008002]
16	8	22	8.0	1.0	5	[008001, 008003, 008006, 008000, 008002]
16	8	22	8.0	2.0	6	[008001, 008003, 008006, 008000, 008005, 008002]
16	8	22	39.0	2.0	4	[008001, 008003, 008006, 008002]
16	8	22	45.0	1.0	6	[008001, 008003, 008006, 008005, 008000, 008002]
16	8	22	47.0	2.0	5	[008001, 008003, 008006, 008005, 008002]
16	8	22	45.0	1.0	5	[008001, 008004, 008005, 008000, 008002]
16	8	22	8.0	2.0	6	[008001, 008004, 008005, 008000, 008006, 008002]
16	8	22	47.0	2.0	4	[008001, 008004, 008005, 008002]
16	8	22	8.0	1.0	6	[008001, 008004, 008005, 008006, 008000, 008002]
16	8	22	39.0	2.0	5	[008001, 008004, 008005, 008006, 008002]
17	9	18	33.0	1.0	4	[009006, 009002, 009000, 009001]
17	9	18	6.0	1.0	5	[009006, 009002, 009000, 009005, 009001]
17	9	18	14.0	1.0	5	[009006, 009002, 009003, 009000, 009001]
17	9	18	6.0	1.0	6	[009006, 009002, 009003, 009000, 009005, 009001]
17	9	18	6.0	1.0	6	[009006, 009002, 009004, 009005, 009000, 009001]
17	9	18	31.0	1.0	5	[009006, 009002, 009004, 009005, 009001]
17	9	18	6.0	1.0	5	[009006, 009002, 009005, 009000, 009001]
17	9	18	31.0	1.0	4	[009006, 009002, 009005, 009001]
17	9	18	33.0	1.0	5	[009006, 009004, 009002, 009000, 009001]
17	9	18	6.0	1.0	6	[009006, 009004, 009002, 009000, 009005, 009001]
17	9	18	14.0	1.0	6	[009006, 009004, 009002, 009003, 009000, 009001]
17	9	18	6.0	1.0	7	[009006, 009004, 009002, 009003, 009000, 009005, 009001]
17	9	18	6.0	1.0	6	[009006, 009004, 009002, 009005, 009000, 009001]
17	9	18	31.0	1.0	5	[009006, 009004, 009002, 009005, 009001]
17	9	18	6.0	1.0	5	[009006, 009004, 009005, 009000, 009001]
17	9	18	31.0	1.0	4	[009006, 009004, 009005, 009001]
17	9	18	33.0	1.0	6	[009006, 009004, 009005, 009002, 009000, 009001]
17	9	18	14.0	1.0	7	[009006, 009004, 009005, 009002, 009003, 009000, 009001]
17	9	18	6.0	1.0	4	[009006, 009005, 009000, 009001]
17	9	18	31.0	1.0	3	[009006, 009005, 009001]
17	9	18	33.0	1.0	5	[009006, 009005, 009002, 009000, 009001]
17	9	18	14.0	1.0	6	[009006, 009005, 009002, 009003, 009000, 009001]
17	9	18	33.0	1.0	6	[009006, 009005, 009004, 009002, 009000, 009001]
17	9	18	14.0	1.0	7	[009006, 009005, 009004, 009002, 009003, 009000, 009001]
3	10	15	19.0	5.0	2	[010005, 010000]
3	10	15	7.0	4.0	4	[010005, 010002, 010001, 010000]
3	10	15	7.0	1.0	5	[010005, 010002, 010001, 010004, 010000]
3	10	15	7.0	1.0	7	[010005, 010002, 010001, 010004, 010003, 010006, 010000]
3	10	15	7.0	1.0	6	[010005, 010002, 010001, 010004, 010006, 010000]
3	10	15	7.0	1.0	5	[010005, 010002, 010001, 010006, 010000]
3	10	15	7.0	1.0	7	[010005, 010002, 010001, 010006, 010003, 010004, 010000]
3	10	15	7.0	1.0	6	[010005, 010002, 010001, 010006, 010004, 010000]
3	10	15	7.0	1.0	4	[010005, 010002, 010006, 010000]
3	10	15	7.0	2.0	5	[010005, 010002, 010006, 010001, 010000]
3	10	15	7.0	1.0	6	[010005, 010002, 010006, 010001, 010004, 010000]
3	10	15	7.0	1.0	6	[010005, 010002, 010006, 010003, 010004, 010000]
3	10	15	7.0	2.0	7	[010005, 010002, 010006, 010003, 010004, 010001, 010000]
3	10	15	7.0	1.0	5	[010005, 010002, 010006, 010004, 010000]
3	10	15	7.0	2.0	6	[010005, 010002, 010006, 010004, 010001, 010000]
3	10	15	32.0	1.0	4	[010005, 010003, 010004, 010000]
3	10	15	19.0	2.0	5	[010005, 010003, 010004, 010001, 010000]
3	10	15	44.0	1.0	7	[010005, 010003, 010004, 010001, 010002, 010006, 010000]
3	10	15	57.0	1.0	6	[010005, 010003, 010004, 010001, 010006, 010000]
3	10	15	26.0	1.0	5	[010005, 010003, 010004, 010006, 010000]
3	10	15	19.0	2.0	6	[010005, 010003, 010004, 010006, 010001, 010000]
3	10	15	19.0	2.0	7	[010005, 010003, 010004, 010006, 010002, 010001, 010000]
3	10	15	40.0	1.0	4	[010005, 010003, 010006, 010000]
3	10	15	19.0	2.0	5	[010005, 010003, 010006, 010001, 010000]
3	10	15	32.0	1.0	6	[010005, 010003, 010006, 010001, 010004, 010000]
3	10	15	19.0	2.0	6	[010005, 010003, 010006, 010002, 010001, 010000]
3	10	15	32.0	1.0	7	[010005, 010003, 010006, 010002, 010001, 010004, 010000]
3	10	15	26.0	1.0	5	[010005, 010003, 010006, 010004, 010000]
3	10	15	19.0	2.0	6	[010005, 010003, 010006, 010004, 010001, 010000]
3	10	15	32.0	1.0	3	[010005, 010004, 010000]
3	10	15	19.0	4.0	4	[010005, 010004, 010001, 010000]
3	10	15	44.0	1.0	6	[010005, 010004, 010001, 010002, 010006, 010000]
3	10	15	57.0	1.0	5	[010005, 010004, 010001, 010006, 010000]
3	10	15	40.0	1.0	5	[010005, 010004, 010003, 010006, 010000]
3	10	15	19.0	2.0	6	[010005, 010004, 010003, 010006, 010001, 010000]
3	10	15	19.0	2.0	7	[010005, 010004, 010003, 010006, 010002, 010001, 010000]
3	10	15	26.0	1.0	4	[010005, 010004, 010006, 010000]
3	10	15	19.0	4.0	5	[010005, 010004, 010006, 010001, 010000]
3	10	15	19.0	2.0	6	[010005, 010004, 010006, 010002, 010001, 010000]
3	10	16	19.0	2.0	6	[010005, 010000, 010001, 010002, 010006, 010003]
3	10	16	19.0	2.0	7	[010005, 010000, 010001, 010002, 010006, 010004, 010003]
3	10	16	19.0	4.0	5	[010005, 010000, 010001, 010004, 010003]
3	10	16	19.0	2.0	6	[010005, 010000, 010001, 010004, 010006, 010003]
3	10	16	19.0	2.0	5	[010005, 010000, 010001, 010006, 010003]
3	10	16	19.0	4.0	6	[010005, 010000, 010001, 010006, 010004, 010003]
3	10	16	19.0	1.0	7	[010005, 010000, 010004, 010001, 010002, 010006, 010003]
3	10	16	19.0	1.0	6	[010005, 010000, 010004, 010001, 010006, 010003]
3	10	16	19.0	1.0	4	[010005, 010000, 010004, 010003]
3	10	16	19.0	1.0	5	[010005, 010000, 010004, 010006, 010003]
3	10	16	19.0	1.0	6	[010005, 010000, 010006, 010001, 010004, 010003]
3	10	16	19.0	1.0	7	[010005, 010000, 010006, 010002, 010001, 010004, 010003]
3	10	16	19.0	1.0	4	[010005, 010000, 010006, 010003]
3	10	16	19.0	1.0	5	[010005, 010000, 010006, 010004, 010003]
3	10	16	7.0	1.0	6	[010005, 010002, 010001, 010000, 010004, 010003]
3	10	16	7.0	1.0	7	[010005, 010002, 010001, 010000, 010004, 010006, 010003]
3	10	16	7.0	1.0	6	[010005, 010002, 010001, 010000, 010006, 010003]
3	10	16	7.0	1.0	7	[010005, 010002, 010001, 010000, 010006, 010004, 010003]
3	10	16	7.0	1.0	7	[010005, 010002, 010001, 010004, 010000, 010006, 010003]
3	10	16	7.0	4.0	5	[010005, 010002, 010001, 010004, 010003]
3	10	16	7.0	2.0	6	[010005, 010002, 010001, 010004, 010006, 010003]
3	10	16	7.0	1.0	7	[010005, 010002, 010001, 010006, 010000, 010004, 010003]
3	10	16	7.0	2.0	5	[010005, 010002, 010001, 010006, 010003]
3	10	16	7.0	4.0	6	[010005, 010002, 010001, 010006, 010004, 010003]
3	10	16	7.0	1.0	7	[010005, 010002, 010006, 010000, 010001, 010004, 010003]
3	10	16	7.0	1.0	6	[010005, 010002, 010006, 010000, 010004, 010003]
3	10	16	7.0	1.0	7	[010005, 010002, 010006, 010001, 010000, 010004, 010003]
3	10	16	7.0	2.0	6	[010005, 010002, 010006, 010001, 010004, 010003]
3	10	16	7.0	2.0	4	[010005, 010002, 010006, 010003]
3	10	16	7.0	2.0	5	[010005, 010002, 010006, 010004, 010003]
3	10	16	70.0	2.0	2	[010005, 010003]
3	10	16	19.0	1.0	7	[010005, 010004, 010000, 010001, 010002, 010006, 010003]
3	10	16	19.0	1.0	6	[010005, 010004, 010000, 010001, 010006, 010003]
3	10	16	32.0	1.0	5	[010005, 010004, 010000, 010006, 010003]
3	10	16	19.0	1.0	6	[010005, 010004, 010001, 010000, 010006, 010003]
3	10	16	40.0	2.0	6	[010005, 010004, 010001, 010002, 010006, 010003]
3	10	16	40.0	2.0	5	[010005, 010004, 010001, 010006, 010003]
3	10	16	86.0	4.0	3	[010005, 010004, 010003]
3	10	16	26.0	2.0	4	[010005, 010004, 010006, 010003]
15	10	16	7.0	2.0	5	[010000, 010001, 010002, 010005, 010003]
15	10	16	7.0	4.0	6	[010000, 010001, 010002, 010005, 010004, 010003]
15	10	16	7.0	2.0	7	[010000, 010001, 010002, 010005, 010004, 010006, 010003]
15	10	16	19.0	2.0	5	[010000, 010001, 010002, 010006, 010003]
15	10	16	19.0	2.0	6	[010000, 010001, 010002, 010006, 010004, 010003]
15	10	16	19.0	2.0	7	[010000, 010001, 010002, 010006, 010004, 010005, 010003]
15	10	16	19.0	4.0	4	[010000, 010001, 010004, 010003]
15	10	16	7.0	2.0	7	[010000, 010001, 010004, 010005, 010002, 010006, 010003]
15	10	16	19.0	2.0	5	[010000, 010001, 010004, 010005, 010003]
15	10	16	7.0	2.0	7	[010000, 010001, 010004, 010006, 010002, 010005, 010003]
15	10	16	19.0	2.0	5	[010000, 010001, 010004, 010006, 010003]
15	10	16	7.0	2.0	6	[010000, 010001, 010006, 010002, 010005, 010003]
15	10	16	7.0	2.0	7	[010000, 010001, 010006, 010002, 010005, 010004, 010003]
15	10	16	19.0	2.0	4	[010000, 010001, 010006, 010003]
15	10	16	19.0	4.0	5	[010000, 010001, 010006, 010004, 010003]
15	10	16	19.0	2.0	6	[010000, 010001, 010006, 010004, 010005, 010003]
15	10	16	7.0	1.0	6	[010000, 010004, 010001, 010002, 010005, 010003]
15	10	16	32.0	1.0	6	[010000, 010004, 010001, 010002, 010006, 010003]
15	10	16	7.0	1.0	7	[010000, 010004, 010001, 010006, 010002, 010005, 010003]
15	10	16	32.0	1.0	5	[010000, 010004, 010001, 010006, 010003]
15	10	16	32.0	1.0	3	[010000, 010004, 010003]
15	10	16	7.0	1.0	7	[010000, 010004, 010005, 010002, 010001, 010006, 010003]
15	10	16	7.0	1.0	6	[010000, 010004, 010005, 010002, 010006, 010003]
15	10	16	32.0	1.0	4	[010000, 010004, 010005, 010003]
15	10	16	7.0	1.0	7	[010000, 010004, 010006, 010001, 010002, 010005, 010003]
15	10	16	7.0	1.0	6	[010000, 010004, 010006, 010002, 010005, 010003]
15	10	16	26.0	1.0	4	[010000, 010004, 010006, 010003]
15	10	16	7.0	4.0	6	[010000, 010005, 010002, 010001, 010004, 010003]
15	10	16	7.0	2.0	7	[010000, 010005, 010002, 010001, 010004, 010006, 010003]
15	10	16	7.0	2.0	6	[010000, 010005, 010002, 010001, 010006, 010003]
15	10	16	7.0	4.0	7	[010000, 010005, 010002, 010001, 010006, 010004, 010003]
15	10	16	7.0	2.0	7	[010000, 010005, 010002, 010006, 010001, 010004, 010003]
15	10	16	7.0	2.0	5	[010000, 010005, 010002, 010006, 010003]
15	10	16	7.0	2.0	6	[010000, 010005, 010002, 010006, 010004, 010003]
15	10	16	19.0	2.0	3	[010000, 010005, 010003]
15	10	16	19.0	2.0	7	[010000, 010005, 010004, 010001, 010002, 010006, 010003]
15	10	16	19.0	2.0	6	[010000, 010005, 010004, 010001, 010006, 010003]
15	10	16	19.0	4.0	4	[010000, 010005, 010004, 010003]
15	10	16	19.0	2.0	5	[010000, 010005, 010004, 010006, 010003]
15	10	16	7.0	1.0	6	[010000, 010006, 010001, 010002, 010005, 010003]
15	10	16	7.0	1.0	7	[010000, 010006, 010001, 010002, 010005, 010004, 010003]
15	10	16	57.0	1.0	5	[010000, 010006, 010001, 010004, 010003]
15	10	16	57.0	1.0	6	[010000, 010006, 010001, 010004, 010005, 010003]
15	10	16	44.0	1.0	6	[010000, 010006, 010002, 010001, 010004, 010003]
15	10	16	44.0	1.0	7	[010000, 010006, 010002, 010001, 010004, 010005, 010003]
15	10	16	7.0	1.0	5	[010000, 010006, 010002, 010005, 010003]
15	10	16	7.0	1.0	6	[010000, 010006, 010002, 010005, 010004, 010003]
15	10	16	40.0	1.0	3	[010000, 010006, 010003]
15	10	16	7.0	1.0	7	[010000, 010006, 010004, 010001, 010002, 010005, 010003]
15	10	16	26.0	1.0	4	[010000, 010006, 010004, 010003]
15	10	16	26.0	1.0	5	[010000, 010006, 010004, 010005, 010003]
18	11	20	31.0	1.0	3	[011003, 011000, 011001]
18	11	20	8.0	1.0	6	[011003, 011000, 011004, 011002, 011005, 011001]
18	11	20	7.0	2.0	6	[011003, 011000, 011004, 011002, 011006, 011001]
18	11	20	8.0	1.0	5	[011003, 011000, 011004, 011005, 011001]
18	11	20	7.0	3.0	7	[011003, 011000, 011004, 011005, 011002, 011006, 011001]
18	11	20	8.0	1.0	5	[011003, 011002, 011004, 011000, 011001]
18	11	20	38.0	1.0	5	[011003, 011002, 011004, 011005, 011001]
18	11	20	68.0	1.0	4	[011003, 011002, 011005, 011001]
18	11	20	8.0	1.0	6	[011003, 011002, 011005, 011004, 011000, 011001]
18	11	20	7.0	1.0	4	[011003, 011002, 011006, 011001]
18	11	20	8.0	1.0	4	[011003, 011004, 011000, 011001]
18	11	20	68.0	1.0	5	[011003, 011004, 011002, 011005, 011001]
18	11	20	7.0	2.0	5	[011003, 011004, 011002, 011006, 011001]
18	11	20	38.0	1.0	4	[011003, 011004, 011005, 011001]
18	11	20	7.0	3.0	6	[011003, 011004, 011005, 011002, 011006, 011001]
18	11	23	31.0	1.0	6	[011003, 011000, 011001, 011005, 011002, 011004]
18	11	23	31.0	1.0	5	[011003, 011000, 011001, 011005, 011004]
18	11	23	7.0	1.0	6	[011003, 011000, 011001, 011006, 011002, 011004]
18	11	23	7.0	1.0	7	[011003, 011000, 011001, 011006, 011002, 011005, 011004]
18	11	23	8.0	3.0	3	[011003, 011000, 011004]
18	11	23	68.0	1.0	3	[011003, 011002, 011004]
18	11	23	8.0	1.0	6	[011003, 011002, 011005, 011001, 011000, 011004]
18	11	23	38.0	1.0	4	[011003, 011002, 011005, 011004]
18	11	23	7.0	1.0	6	[011003, 011002, 011006, 011001, 011000, 011004]
18	11	23	7.0	1.0	6	[011003, 011002, 011006, 011001, 011005, 011004]
18	11	23	72.0	3.0	2	[011003, 011004]
20	11	23	31.0	1.0	5	[011001, 011000, 011003, 011002, 011004]
20	11	23	31.0	1.0	6	[011001, 011000, 011003, 011002, 011005, 011004]
20	11	23	31.0	1.0	4	[011001, 011000, 011003, 011004]
20	11	23	8.0	1.0	3	[011001, 011000, 011004]
20	11	23	8.0	1.0	6	[011001, 011005, 011002, 011003, 011000, 011004]
20	11	23	68.0	1.0	5	[011001, 011005, 011002, 011003, 011004]
20	11	23	68.0	1.0	4	[011001, 011005, 011002, 011004]
20	11	23	38.0	1.0	3	[011001, 011005, 011004]
20	11	23	7.0	1.0	6	[011001, 011006, 011002, 011003, 011000, 011004]
20	11	23	7.0	1.0	5	[011001, 011006, 011002, 011003, 011004]
20	11	23	7.0	2.0	4	[011001, 011006, 011002, 011004]
20	11	23	7.0	3.0	5	[011001, 011006, 011002, 011005, 011004]
15	12	19	21.0	2.0	4	[012005, 012001, 012003, 012004]
15	12	19	16.0	3.0	5	[012005, 012002, 012000, 012003, 012004]
15	12	19	16.0	1.0	6	[012005, 012002, 012000, 012006, 012003, 012004]
15	12	19	20.0	1.0	3	[012005, 012003, 012004]
15	12	19	29.0	1.0	2	[012005, 012004]
15	12	19	25.0	1.0	5	[012005, 012006, 012000, 012003, 012004]
15	12	19	25.0	1.0	4	[012005, 012006, 012003, 012004]
15	12	21	21.0	2.0	4	[012005, 012001, 012003, 012000]
15	12	21	21.0	1.0	5	[012005, 012001, 012003, 012006, 012000]
15	12	21	16.0	3.0	3	[012005, 012002, 012000]
15	12	21	20.0	1.0	3	[012005, 012003, 012000]
15	12	21	20.0	1.0	4	[012005, 012003, 012006, 012000]
15	12	21	25.0	1.0	4	[012005, 012004, 012003, 012000]
15	12	21	25.0	1.0	5	[012005, 012004, 012003, 012006, 012000]
15	12	21	94.0	1.0	3	[012005, 012006, 012000]
15	12	21	65.0	1.0	4	[012005, 012006, 012003, 012000]
15	12	23	21.0	2.0	5	[012005, 012001, 012003, 012000, 012006]
15	12	23	21.0	1.0	4	[012005, 012001, 012003, 012006]
15	12	23	16.0	1.0	5	[012005, 012002, 012000, 012003, 012006]
15	12	23	16.0	2.0	4	[012005, 012002, 012000, 012006]
15	12	23	20.0	1.0	4	[012005, 012003, 012000, 012006]
15	12	23	20.0	1.0	3	[012005, 012003, 012006]
15	12	23	25.0	1.0	5	[012005, 012004, 012003, 012000, 012006]
15	12	23	25.0	1.0	4	[012005, 012004, 012003, 012006]
15	12	23	94.0	1.0	2	[012005, 012006]
19	12	21	25.0	3.0	3	[012004, 012003, 012000]
19	12	21	16.0	2.0	6	[012004, 012003, 012001, 012005, 012002, 012000]
19	12	21	21.0	1.0	6	[012004, 012003, 012001, 012005, 012006, 012000]
19	12	21	16.0	1.0	5	[012004, 012003, 012005, 012002, 012000]
19	12	21	20.0	1.0	5	[012004, 012003, 012005, 012006, 012000]
19	12	21	25.0	1.0	4	[012004, 012003, 012006, 012000]
19	12	21	16.0	1.0	6	[012004, 012003, 012006, 012005, 012002, 012000]
19	12	21	21.0	1.0	5	[012004, 012005, 012001, 012003, 012000]
19	12	21	21.0	1.0	6	[012004, 012005, 012001, 012003, 012006, 012000]
19	12	21	16.0	1.0	4	[012004, 012005, 012002, 012000]
19	12	21	20.0	1.0	4	[012004, 012005, 012003, 012000]
19	12	21	20.0	1.0	5	[012004, 012005, 012003, 012006, 012000]
19	12	21	29.0	1.0	4	[012004, 012005, 012006, 012000]
19	12	21	29.0	1.0	5	[012004, 012005, 012006, 012003, 012000]
19	12	23	16.0	1.0	6	[012004, 012003, 012000, 012002, 012005, 012006]
19	12	23	25.0	2.0	4	[012004, 012003, 012000, 012006]
19	12	23	16.0	2.0	7	[012004, 012003, 012001, 012005, 012002, 012000, 012006]
19	12	23	21.0	1.0	5	[012004, 012003, 012001, 012005, 012006]
19	12	23	16.0	1.0	6	[012004, 012003, 012005, 012002, 012000, 012006]
19	12	23	20.0	1.0	4	[012004, 012003, 012005, 012006]
19	12	23	25.0	1.0	3	[012004, 012003, 012006]
19	12	23	21.0	1.0	6	[012004, 012005, 012001, 012003, 012000, 012006]
19	12	23	21.0	1.0	5	[012004, 012005, 012001, 012003, 012006]
19	12	23	16.0	1.0	6	[012004, 012005, 012002, 012000, 012003, 012006]
19	12	23	16.0	1.0	5	[012004, 012005, 012002, 012000, 012006]
19	12	23	20.0	1.0	5	[012004, 012005, 012003, 012000, 012006]
19	12	23	20.0	1.0	4	[012004, 012005, 012003, 012006]
19	12	23	29.0	1.0	3	[012004, 012005, 012006]
21	12	23	16.0	1.0	6	[012000, 012002, 012005, 012001, 012003, 012006]
21	12	23	16.0	1.0	5	[012000, 012002, 012005, 012003, 012006]
21	12	23	16.0	1.0	6	[012000, 012002, 012005, 012004, 012003, 012006]
21	12	23	16.0	1.0	4	[012000, 012002, 012005, 012006]
21	12	23	21.0	1.0	5	[012000, 012003, 012001, 012005, 012006]
21	12	23	25.0	1.0	5	[012000, 012003, 012004, 012005, 012006]
21	12	23	20.0	1.0	4	[012000, 012003, 012005, 012006]
21	12	23	65.0	1.0	3	[012000, 012003, 012006]
21	12	23	95.0	2.0	2	[012000, 012006]
6	13	20	18.0	1.0	5	[013005, 013000, 013001, 013002, 013003]
6	13	20	47.0	1.0	4	[013005, 013000, 013001, 013003]
6	13	20	18.0	1.0	5	[013005, 013000, 013002, 013001, 013003]
6	13	20	27.0	1.0	4	[013005, 013000, 013002, 013003]
6	13	20	47.0	1.0	3	[013005, 013000, 013003]
6	13	20	18.0	1.0	6	[013005, 013000, 013004, 013001, 013002, 013003]
6	13	20	47.0	1.0	5	[013005, 013000, 013004, 013001, 013003]
6	13	20	18.0	1.0	6	[013005, 013000, 013006, 013001, 013002, 013003]
6	13	20	46.0	1.0	5	[013005, 013000, 013006, 013001, 013003]
6	13	20	38.0	4.0	2	[013005, 013003]
6	13	20	18.0	1.0	6	[013005, 013004, 013000, 013001, 013002, 013003]
6	13	20	43.0	2.0	5	[013005, 013004, 013000, 013001, 013003]
6	13	20	18.0	1.0	6	[013005, 013004, 013000, 013002, 013001, 013003]
6	13	20	27.0	1.0	5	[013005, 013004, 013000, 013002, 013003]
6	13	20	43.0	1.0	4	[013005, 013004, 013000, 013003]
6	13	20	18.0	1.0	7	[013005, 013004, 013000, 013006, 013001, 013002, 013003]
6	13	20	43.0	1.0	6	[013005, 013004, 013000, 013006, 013001, 013003]
6	13	20	27.0	1.0	6	[013005, 013004, 013001, 013000, 013002, 013003]
6	13	20	43.0	1.0	5	[013005, 013004, 013001, 013000, 013003]
6	13	20	18.0	1.0	6	[013005, 013004, 013001, 013002, 013000, 013003]
6	13	20	18.0	1.0	5	[013005, 013004, 013001, 013002, 013003]
6	13	20	43.0	2.0	4	[013005, 013004, 013001, 013003]
6	13	20	27.0	1.0	7	[013005, 013004, 013001, 013006, 013000, 013002, 013003]
6	13	20	43.0	1.0	6	[013005, 013004, 013001, 013006, 013000, 013003]
6	13	20	18.0	1.0	6	[013005, 013006, 013000, 013001, 013002, 013003]
6	13	20	32.0	1.0	5	[013005, 013006, 013000, 013001, 013003]
6	13	20	18.0	1.0	6	[013005, 013006, 013000, 013002, 013001, 013003]
6	13	20	27.0	1.0	5	[013005, 013006, 013000, 013002, 013003]
6	13	20	32.0	1.0	4	[013005, 013006, 013000, 013003]
6	13	20	18.0	1.0	7	[013005, 013006, 013000, 013004, 013001, 013002, 013003]
6	13	20	32.0	1.0	6	[013005, 013006, 013000, 013004, 013001, 013003]
6	13	20	27.0	1.0	6	[013005, 013006, 013001, 013000, 013002, 013003]
6	13	20	32.0	1.0	5	[013005, 013006, 013001, 013000, 013003]
6	13	20	18.0	1.0	6	[013005, 013006, 013001, 013002, 013000, 013003]
6	13	20	18.0	1.0	5	[013005, 013006, 013001, 013002, 013003]
6	13	20	32.0	3.0	4	[013005, 013006, 013001, 013003]
6	13	20	27.0	1.0	7	[013005, 013006, 013001, 013004, 013000, 013002, 013003]
6	13	20	32.0	1.0	6	[013005, 013006, 013001, 013004, 013000, 013003]
16	14	19	57.0	1.0	4	[014000, 014005, 014002, 014003]
16	14	19	22.0	1.0	6	[014000, 014005, 014002, 014004, 014001, 014003]
16	14	19	22.0	1.0	7	[014000, 014005, 014002, 014004, 014001, 014006, 014003]
16	14	19	22.0	1.0	7	[014000, 014005, 014002, 014004, 014006, 014001, 014003]
16	14	19	22.0	1.0	6	[014000, 014005, 014002, 014004, 014006, 014003]
16	14	19	57.0	3.0	3	[014000, 014005, 014003]
16	14	19	57.0	1.0	5	[014000, 014005, 014004, 014001, 014003]
16	14	19	57.0	1.0	6	[014000, 014005, 014004, 014001, 014006, 014003]
16	14	19	22.0	2.0	5	[014000, 014005, 014004, 014002, 014003]
16	14	19	54.0	3.0	6	[014000, 014005, 014004, 014006, 014001, 014003]
16	14	19	54.0	3.0	5	[014000, 014005, 014004, 014006, 014003]
16	14	19	41.0	2.0	4	[014000, 014006, 014001, 014003]
16	14	19	22.0	1.0	6	[014000, 014006, 014001, 014004, 014002, 014003]
16	14	19	22.0	1.0	7	[014000, 014006, 014001, 014004, 014002, 014005, 014003]
16	14	19	41.0	1.0	7	[014000, 014006, 014001, 014004, 014005, 014002, 014003]
16	14	19	41.0	1.0	6	[014000, 014006, 014001, 014004, 014005, 014003]
16	14	19	41.0	2.0	3	[014000, 014006, 014003]
16	14	19	41.0	1.0	5	[014000, 014006, 014004, 014001, 014003]
16	14	19	22.0	2.0	5	[014000, 014006, 014004, 014002, 014003]
16	14	19	22.0	1.0	6	[014000, 014006, 014004, 014002, 014005, 014003]
16	14	19	41.0	1.0	6	[014000, 014006, 014004, 014005, 014002, 014003]
16	14	19	41.0	2.0	5	[014000, 014006, 014004, 014005, 014003]
16	14	22	57.0	1.0	3	[014000, 014005, 014002]
16	14	22	22.0	1.0	6	[014000, 014005, 014003, 014001, 014004, 014002]
16	14	22	22.0	2.0	7	[014000, 014005, 014003, 014001, 014006, 014004, 014002]
16	14	22	57.0	3.0	4	[014000, 014005, 014003, 014002]
16	14	22	22.0	1.0	7	[014000, 014005, 014003, 014006, 014001, 014004, 014002]
16	14	22	22.0	2.0	6	[014000, 014005, 014003, 014006, 014004, 014002]
16	14	22	57.0	1.0	6	[014000, 014005, 014004, 014001, 014003, 014002]
16	14	22	57.0	1.0	7	[014000, 014005, 014004, 014001, 014006, 014003, 014002]
16	14	22	22.0	2.0	4	[014000, 014005, 014004, 014002]
16	14	22	54.0	3.0	7	[014000, 014005, 014004, 014006, 014001, 014003, 014002]
16	14	22	54.0	3.0	6	[014000, 014005, 014004, 014006, 014003, 014002]
16	14	22	41.0	2.0	5	[014000, 014006, 014001, 014003, 014002]
16	14	22	41.0	1.0	6	[014000, 014006, 014001, 014003, 014005, 014002]
16	14	22	22.0	2.0	7	[014000, 014006, 014001, 014003, 014005, 014004, 014002]
16	14	22	22.0	1.0	5	[014000, 014006, 014001, 014004, 014002]
16	14	22	41.0	1.0	6	[014000, 014006, 014001, 014004, 014005, 014002]
16	14	22	41.0	1.0	7	[014000, 014006, 014001, 014004, 014005, 014003, 014002]
16	14	22	22.0	1.0	6	[014000, 014006, 014003, 014001, 014004, 014002]
16	14	22	41.0	1.0	7	[014000, 014006, 014003, 014001, 014004, 014005, 014002]
16	14	22	41.0	2.0	4	[014000, 014006, 014003, 014002]
16	14	22	41.0	1.0	5	[014000, 014006, 014003, 014005, 014002]
16	14	22	22.0	2.0	6	[014000, 014006, 014003, 014005, 014004, 014002]
16	14	22	41.0	1.0	6	[014000, 014006, 014004, 014001, 014003, 014002]
16	14	22	41.0	1.0	7	[014000, 014006, 014004, 014001, 014003, 014005, 014002]
16	14	22	22.0	2.0	4	[014000, 014006, 014004, 014002]
16	14	22	41.0	1.0	5	[014000, 014006, 014004, 014005, 014002]
16	14	22	41.0	2.0	6	[014000, 014006, 014004, 014005, 014003, 014002]
19	14	22	22.0	1.0	4	[014003, 014001, 014004, 014002]
19	14	22	85.0	1.0	5	[014003, 014001, 014004, 014005, 014002]
19	14	22	41.0	1.0	7	[014003, 014001, 014004, 014006, 014000, 014005, 014002]
19	14	22	41.0	1.0	6	[014003, 014001, 014006, 014000, 014005, 014002]
19	14	22	22.0	2.0	7	[014003, 014001, 014006, 014000, 014005, 014004, 014002]
19	14	22	22.0	2.0	5	[014003, 014001, 014006, 014004, 014002]
19	14	22	54.0	1.0	6	[014003, 014001, 014006, 014004, 014005, 014002]
19	14	22	78.0	5.0	2	[014003, 014002]
19	14	22	22.0	1.0	7	[014003, 014005, 014000, 014006, 014001, 014004, 014002]
19	14	22	22.0	2.0	6	[014003, 014005, 014000, 014006, 014004, 014002]
19	14	22	85.0	1.0	3	[014003, 014005, 014002]
19	14	22	22.0	2.0	4	[014003, 014005, 014004, 014002]
19	14	22	41.0	1.0	5	[014003, 014006, 014000, 014005, 014002]
19	14	22	22.0	2.0	6	[014003, 014006, 014000, 014005, 014004, 014002]
19	14	22	22.0	1.0	5	[014003, 014006, 014001, 014004, 014002]
19	14	22	57.0	1.0	6	[014003, 014006, 014001, 014004, 014005, 014002]
19	14	22	22.0	2.0	4	[014003, 014006, 014004, 014002]
19	14	22	54.0	1.0	5	[014003, 014006, 014004, 014005, 014002]
2	15	10	26.0	1.0	5	[015005, 015000, 015001, 015002, 015003]
2	15	10	34.0	1.0	6	[015005, 015000, 015001, 015002, 015006, 015003]
2	15	10	29.0	3.0	4	[015005, 015000, 015001, 015003]
2	15	10	32.0	1.0	5	[015005, 015000, 015001, 015004, 015003]
2	15	10	8.0	1.0	5	[015005, 015000, 015002, 015001, 015003]
2	15	10	8.0	1.0	6	[015005, 015000, 015002, 015001, 015004, 015003]
2	15	10	8.0	4.0	4	[015005, 015000, 015002, 015003]
2	15	10	8.0	1.0	5	[015005, 015000, 015002, 015006, 015003]
2	15	10	52.0	4.0	3	[015005, 015000, 015003]
2	15	10	26.0	1.0	6	[015005, 015000, 015004, 015001, 015002, 015003]
2	15	10	30.0	1.0	7	[015005, 015000, 015004, 015001, 015002, 015006, 015003]
2	15	10	29.0	1.0	5	[015005, 015000, 015004, 015001, 015003]
2	15	10	30.0	2.0	4	[015005, 015000, 015004, 015003]
2	15	10	29.0	1.0	6	[015005, 015000, 015006, 015002, 015001, 015003]
2	15	10	32.0	1.0	7	[015005, 015000, 015006, 015002, 015001, 015004, 015003]
2	15	10	26.0	1.0	5	[015005, 015000, 015006, 015002, 015003]
2	15	10	34.0	2.0	4	[015005, 015000, 015006, 015003]
2	15	10	8.0	3.0	5	[015005, 015001, 015000, 015002, 015003]
2	15	10	8.0	1.0	6	[015005, 015001, 015000, 015002, 015006, 015003]
2	15	10	52.0	3.0	4	[015005, 015001, 015000, 015003]
2	15	10	30.0	2.0	5	[015005, 015001, 015000, 015004, 015003]
2	15	10	26.0	1.0	6	[015005, 015001, 015000, 015006, 015002, 015003]
2	15	10	34.0	2.0	5	[015005, 015001, 015000, 015006, 015003]
2	15	10	8.0	1.0	5	[015005, 015001, 015002, 015000, 015003]
2	15	10	8.0	1.0	6	[015005, 015001, 015002, 015000, 015004, 015003]
2	15	10	8.0	1.0	6	[015005, 015001, 015002, 015000, 015006, 015003]
2	15	10	26.0	1.0	4	[015005, 015001, 015002, 015003]
2	15	10	52.0	1.0	6	[015005, 015001, 015002, 015006, 015000, 015003]
2	15	10	30.0	1.0	7	[015005, 015001, 015002, 015006, 015000, 015004, 015003]
2	15	10	34.0	1.0	5	[015005, 015001, 015002, 015006, 015003]
2	15	10	29.0	3.0	3	[015005, 015001, 015003]
2	15	10	8.0	1.0	6	[015005, 015001, 015004, 015000, 015002, 015003]
2	15	10	8.0	1.0	7	[015005, 015001, 015004, 015000, 015002, 015006, 015003]
2	15	10	30.0	1.0	5	[015005, 015001, 015004, 015000, 015003]
2	15	10	26.0	1.0	7	[015005, 015001, 015004, 015000, 015006, 015002, 015003]
2	15	10	30.0	1.0	6	[015005, 015001, 015004, 015000, 015006, 015003]
2	15	10	32.0	1.0	4	[015005, 015001, 015004, 015003]
2	15	10	8.0	1.0	5	[015005, 015002, 015000, 015001, 015003]
2	15	10	8.0	1.0	6	[015005, 015002, 015000, 015001, 015004, 015003]
2	15	10	8.0	1.0	4	[015005, 015002, 015000, 015003]
2	15	10	8.0	1.0	6	[015005, 015002, 015000, 015004, 015001, 015003]
2	15	10	8.0	1.0	5	[015005, 015002, 015000, 015004, 015003]
2	15	10	8.0	1.0	5	[015005, 015002, 015000, 015006, 015003]
2	15	10	52.0	1.0	5	[015005, 015002, 015001, 015000, 015003]
2	15	10	30.0	1.0	6	[015005, 015002, 015001, 015000, 015004, 015003]
2	15	10	34.0	1.0	6	[015005, 015002, 015001, 015000, 015006, 015003]
2	15	10	29.0	1.0	4	[015005, 015002, 015001, 015003]
2	15	10	30.0	1.0	6	[015005, 015002, 015001, 015004, 015000, 015003]
2	15	10	30.0	1.0	7	[015005, 015002, 015001, 015004, 015000, 015006, 015003]
2	15	10	32.0	1.0	5	[015005, 015002, 015001, 015004, 015003]
2	15	10	26.0	1.0	3	[015005, 015002, 015003]
2	15	10	29.0	1.0	6	[015005, 015002, 015006, 015000, 015001, 015003]
2	15	10	32.0	1.0	7	[015005, 015002, 015006, 015000, 015001, 015004, 015003]
2	15	10	52.0	1.0	5	[015005, 015002, 015006, 015000, 015003]
2	15	10	29.0	1.0	7	[015005, 015002, 015006, 015000, 015004, 015001, 015003]
2	15	10	30.0	1.0	6	[015005, 015002, 015006, 015000, 015004, 015003]
2	15	10	34.0	1.0	4	[015005, 015002, 015006, 015003]
2	15	10	51.0	4.0	2	[015005, 015003]
2	15	12	26.0	1.0	6	[015005, 015000, 015001, 015002, 015003, 015006]
2	15	12	70.0	1.0	5	[015005, 015000, 015001, 015002, 015006]
2	15	12	26.0	1.0	6	[015005, 015000, 015001, 015003, 015002, 015006]
2	15	12	29.0	2.0	5	[015005, 015000, 015001, 015003, 015006]
2	15	12	26.0	1.0	7	[015005, 015000, 015001, 015004, 015003, 015002, 015006]
2	15	12	32.0	1.0	6	[015005, 015000, 015001, 015004, 015003, 015006]
2	15	12	8.0	1.0	6	[015005, 015000, 015002, 015001, 015003, 015006]
2	15	12	8.0	1.0	7	[015005, 015000, 015002, 015001, 015004, 015003, 015006]
2	15	12	8.0	2.0	5	[015005, 015000, 015002, 015003, 015006]
2	15	12	8.0	1.0	4	[015005, 015000, 015002, 015006]
2	15	12	29.0	1.0	6	[015005, 015000, 015003, 015001, 015002, 015006]
2	15	12	26.0	1.0	5	[015005, 015000, 015003, 015002, 015006]
2	15	12	32.0	1.0	7	[015005, 015000, 015003, 015004, 015001, 015002, 015006]
2	15	12	34.0	2.0	4	[015005, 015000, 015003, 015006]
2	15	12	26.0	1.0	7	[015005, 015000, 015004, 015001, 015002, 015003, 015006]
2	15	12	30.0	1.0	6	[015005, 015000, 015004, 015001, 015002, 015006]
2	15	12	26.0	1.0	7	[015005, 015000, 015004, 015001, 015003, 015002, 015006]
2	15	12	29.0	1.0	6	[015005, 015000, 015004, 015001, 015003, 015006]
2	15	12	29.0	1.0	7	[015005, 015000, 015004, 015003, 015001, 015002, 015006]
2	15	12	26.0	1.0	6	[015005, 015000, 015004, 015003, 015002, 015006]
2	15	12	30.0	2.0	5	[015005, 015000, 015004, 015003, 015006]
2	15	12	79.0	3.0	3	[015005, 015000, 015006]
2	15	12	8.0	2.0	6	[015005, 015001, 015000, 015002, 015003, 015006]
2	15	12	8.0	1.0	5	[015005, 015001, 015000, 015002, 015006]
2	15	12	26.0	1.0	6	[015005, 015001, 015000, 015003, 015002, 015006]
2	15	12	34.0	2.0	5	[015005, 015001, 015000, 015003, 015006]
2	15	12	26.0	1.0	7	[015005, 015001, 015000, 015004, 015003, 015002, 015006]
2	15	12	30.0	2.0	6	[015005, 015001, 015000, 015004, 015003, 015006]
2	15	12	61.0	3.0	4	[015005, 015001, 015000, 015006]
2	15	12	8.0	1.0	6	[015005, 015001, 015002, 015000, 015003, 015006]
2	15	12	8.0	1.0	7	[015005, 015001, 015002, 015000, 015004, 015003, 015006]
2	15	12	8.0	1.0	5	[015005, 015001, 015002, 015000, 015006]
2	15	12	26.0	1.0	6	[015005, 015001, 015002, 015003, 015000, 015006]
2	15	12	26.0	1.0	7	[015005, 015001, 015002, 015003, 015004, 015000, 015006]
2	15	12	26.0	1.0	5	[015005, 015001, 015002, 015003, 015006]
2	15	12	61.0	1.0	4	[015005, 015001, 015002, 015006]
2	15	12	8.0	1.0	6	[015005, 015001, 015003, 015000, 015002, 015006]
2	15	12	29.0	3.0	5	[015005, 015001, 015003, 015000, 015006]
2	15	12	8.0	3.0	6	[015005, 015001, 015003, 015002, 015000, 015006]
2	15	12	26.0	1.0	5	[015005, 015001, 015003, 015002, 015006]
2	15	12	8.0	1.0	7	[015005, 015001, 015003, 015004, 015000, 015002, 015006]
2	15	12	29.0	2.0	6	[015005, 015001, 015003, 015004, 015000, 015006]
2	15	12	29.0	2.0	4	[015005, 015001, 015003, 015006]
2	15	12	8.0	1.0	7	[015005, 015001, 015004, 015000, 015002, 015003, 015006]
2	15	12	8.0	1.0	6	[015005, 015001, 015004, 015000, 015002, 015006]
2	15	12	26.0	1.0	7	[015005, 015001, 015004, 015000, 015003, 015002, 015006]
2	15	12	30.0	1.0	6	[015005, 015001, 015004, 015000, 015003, 015006]
2	15	12	30.0	1.0	5	[015005, 015001, 015004, 015000, 015006]
2	15	12	8.0	1.0	7	[015005, 015001, 015004, 015003, 015000, 015002, 015006]
2	15	12	32.0	1.0	6	[015005, 015001, 015004, 015003, 015000, 015006]
2	15	12	8.0	1.0	7	[015005, 015001, 015004, 015003, 015002, 015000, 015006]
2	15	12	26.0	1.0	6	[015005, 015001, 015004, 015003, 015002, 015006]
2	15	12	32.0	1.0	5	[015005, 015001, 015004, 015003, 015006]
2	15	12	8.0	1.0	6	[015005, 015002, 015000, 015001, 015003, 015006]
2	15	12	8.0	1.0	7	[015005, 015002, 015000, 015001, 015004, 015003, 015006]
2	15	12	8.0	1.0	5	[015005, 015002, 015000, 015003, 015006]
2	15	12	8.0	1.0	7	[015005, 015002, 015000, 015004, 015001, 015003, 015006]
2	15	12	8.0	1.0	6	[015005, 015002, 015000, 015004, 015003, 015006]
2	15	12	8.0	1.0	4	[015005, 015002, 015000, 015006]
2	15	12	34.0	1.0	6	[015005, 015002, 015001, 015000, 015003, 015006]
2	15	12	30.0	1.0	7	[015005, 015002, 015001, 015000, 015004, 015003, 015006]
2	15	12	54.0	1.0	5	[015005, 015002, 015001, 015000, 015006]
2	15	12	29.0	1.0	6	[015005, 015002, 015001, 015003, 015000, 015006]
2	15	12	29.0	1.0	7	[015005, 015002, 015001, 015003, 015004, 015000, 015006]
2	15	12	29.0	1.0	5	[015005, 015002, 015001, 015003, 015006]
2	15	12	30.0	1.0	7	[015005, 015002, 015001, 015004, 015000, 015003, 015006]
2	15	12	30.0	1.0	6	[015005, 015002, 015001, 015004, 015000, 015006]
2	15	12	32.0	1.0	7	[015005, 015002, 015001, 015004, 015003, 015000, 015006]
2	15	12	32.0	1.0	6	[015005, 015002, 015001, 015004, 015003, 015006]
2	15	12	26.0	1.0	5	[015005, 015002, 015003, 015000, 015006]
2	15	12	26.0	1.0	6	[015005, 015002, 015003, 015001, 015000, 015006]
2	15	12	26.0	1.0	7	[015005, 015002, 015003, 015001, 015004, 015000, 015006]
2	15	12	26.0	1.0	6	[015005, 015002, 015003, 015004, 015000, 015006]
2	15	12	26.0	1.0	7	[015005, 015002, 015003, 015004, 015001, 015000, 015006]
2	15	12	26.0	1.0	4	[015005, 015002, 015003, 015006]
2	15	12	54.0	1.0	3	[015005, 015002, 015006]
2	15	12	51.0	1.0	6	[015005, 015003, 015000, 015001, 015002, 015006]
2	15	12	8.0	1.0	5	[015005, 015003, 015000, 015002, 015006]
2	15	12	30.0	1.0	7	[015005, 015003, 015000, 015004, 015001, 015002, 015006]
2	15	12	51.0	3.0	4	[015005, 015003, 015000, 015006]
2	15	12	8.0	1.0	6	[015005, 015003, 015001, 015000, 015002, 015006]
2	15	12	29.0	3.0	5	[015005, 015003, 015001, 015000, 015006]
2	15	12	8.0	1.0	6	[015005, 015003, 015001, 015002, 015000, 015006]
2	15	12	29.0	1.0	5	[015005, 015003, 015001, 015002, 015006]
2	15	12	8.0	1.0	7	[015005, 015003, 015001, 015004, 015000, 015002, 015006]
2	15	12	29.0	1.0	6	[015005, 015003, 015001, 015004, 015000, 015006]
2	15	12	8.0	3.0	5	[015005, 015003, 015002, 015000, 015006]
2	15	12	26.0	1.0	6	[015005, 015003, 015002, 015001, 015000, 015006]
2	15	12	26.0	1.0	7	[015005, 015003, 015002, 015001, 015004, 015000, 015006]
2	15	12	26.0	1.0	4	[015005, 015003, 015002, 015006]
2	15	12	30.0	1.0	7	[015005, 015003, 015004, 015000, 015001, 015002, 015006]
2	15	12	8.0	1.0	6	[015005, 015003, 015004, 015000, 015002, 015006]
2	15	12	30.0	2.0	5	[015005, 015003, 015004, 015000, 015006]
2	15	12	8.0	1.0	7	[015005, 015003, 015004, 015001, 015000, 015002, 015006]
2	15	12	32.0	1.0	6	[015005, 015003, 015004, 015001, 015000, 015006]
2	15	12	8.0	1.0	7	[015005, 015003, 015004, 015001, 015002, 015000, 015006]
2	15	12	32.0	1.0	6	[015005, 015003, 015004, 015001, 015002, 015006]
2	15	12	34.0	2.0	3	[015005, 015003, 015006]
10	15	12	52.0	1.0	5	[015003, 015000, 015001, 015002, 015006]
10	15	12	52.0	1.0	6	[015003, 015000, 015001, 015005, 015002, 015006]
10	15	12	8.0	1.0	4	[015003, 015000, 015002, 015006]
10	15	12	30.0	1.0	6	[015003, 015000, 015004, 015001, 015002, 015006]
10	15	12	30.0	1.0	7	[015003, 015000, 015004, 015001, 015005, 015002, 015006]
10	15	12	52.0	1.0	6	[015003, 015000, 015005, 015001, 015002, 015006]
10	15	12	52.0	1.0	5	[015003, 015000, 015005, 015002, 015006]
10	15	12	52.0	3.0	3	[015003, 015000, 015006]
10	15	12	8.0	1.0	5	[015003, 015001, 015000, 015002, 015006]
10	15	12	29.0	1.0	6	[015003, 015001, 015000, 015005, 015002, 015006]
10	15	12	29.0	3.0	4	[015003, 015001, 015000, 015006]
10	15	12	8.0	1.0	5	[015003, 015001, 015002, 015000, 015006]
10	15	12	29.0	1.0	6	[015003, 015001, 015002, 015005, 015000, 015006]
10	15	12	29.0	1.0	4	[015003, 015001, 015002, 015006]
10	15	12	8.0	1.0	6	[015003, 015001, 015004, 015000, 015002, 015006]
10	15	12	29.0	1.0	7	[015003, 015001, 015004, 015000, 015005, 015002, 015006]
10	15	12	29.0	1.0	5	[015003, 015001, 015004, 015000, 015006]
10	15	12	8.0	1.0	6	[015003, 015001, 015005, 015000, 015002, 015006]
10	15	12	29.0	3.0	5	[015003, 015001, 015005, 015000, 015006]
10	15	12	8.0	1.0	6	[015003, 015001, 015005, 015002, 015000, 015006]
10	15	12	29.0	1.0	5	[015003, 015001, 015005, 015002, 015006]
10	15	12	8.0	3.0	4	[015003, 015002, 015000, 015006]
10	15	12	26.0	1.0	5	[015003, 015002, 015001, 015000, 015006]
10	15	12	26.0	1.0	6	[015003, 015002, 015001, 015004, 015000, 015006]
10	15	12	26.0	1.0	6	[015003, 015002, 015001, 015005, 015000, 015006]
10	15	12	26.0	1.0	5	[015003, 015002, 015005, 015000, 015006]
10	15	12	26.0	1.0	6	[015003, 015002, 015005, 015001, 015000, 015006]
10	15	12	26.0	1.0	7	[015003, 015002, 015005, 015001, 015004, 015000, 015006]
10	15	12	26.0	1.0	3	[015003, 015002, 015006]
10	15	12	30.0	1.0	6	[015003, 015004, 015000, 015001, 015002, 015006]
10	15	12	30.0	1.0	7	[015003, 015004, 015000, 015001, 015005, 015002, 015006]
10	15	12	8.0	1.0	5	[015003, 015004, 015000, 015002, 015006]
10	15	12	30.0	1.0	7	[015003, 015004, 015000, 015005, 015001, 015002, 015006]
10	15	12	30.0	1.0	6	[015003, 015004, 015000, 015005, 015002, 015006]
10	15	12	30.0	2.0	4	[015003, 015004, 015000, 015006]
10	15	12	8.0	1.0	6	[015003, 015004, 015001, 015000, 015002, 015006]
10	15	12	32.0	1.0	7	[015003, 015004, 015001, 015000, 015005, 015002, 015006]
10	15	12	32.0	1.0	5	[015003, 015004, 015001, 015000, 015006]
10	15	12	8.0	1.0	6	[015003, 015004, 015001, 015002, 015000, 015006]
10	15	12	32.0	1.0	7	[015003, 015004, 015001, 015002, 015005, 015000, 015006]
10	15	12	32.0	1.0	5	[015003, 015004, 015001, 015002, 015006]
10	15	12	8.0	1.0	7	[015003, 015004, 015001, 015005, 015000, 015002, 015006]
10	15	12	32.0	1.0	6	[015003, 015004, 015001, 015005, 015000, 015006]
10	15	12	8.0	1.0	7	[015003, 015004, 015001, 015005, 015002, 015000, 015006]
10	15	12	32.0	1.0	6	[015003, 015004, 015001, 015005, 015002, 015006]
10	15	12	51.0	1.0	6	[015003, 015005, 015000, 015001, 015002, 015006]
10	15	12	8.0	1.0	5	[015003, 015005, 015000, 015002, 015006]
10	15	12	30.0	1.0	7	[015003, 015005, 015000, 015004, 015001, 015002, 015006]
10	15	12	51.0	3.0	4	[015003, 015005, 015000, 015006]
10	15	12	8.0	1.0	6	[015003, 015005, 015001, 015000, 015002, 015006]
10	15	12	51.0	3.0	5	[015003, 015005, 015001, 015000, 015006]
10	15	12	8.0	1.0	6	[015003, 015005, 015001, 015002, 015000, 015006]
10	15	12	51.0	1.0	5	[015003, 015005, 015001, 015002, 015006]
10	15	12	8.0	1.0	7	[015003, 015005, 015001, 015004, 015000, 015002, 015006]
10	15	12	30.0	1.0	6	[015003, 015005, 015001, 015004, 015000, 015006]
10	15	12	8.0	1.0	5	[015003, 015005, 015002, 015000, 015006]
10	15	12	51.0	1.0	6	[015003, 015005, 015002, 015001, 015000, 015006]
10	15	12	30.0	1.0	7	[015003, 015005, 015002, 015001, 015004, 015000, 015006]
10	15	12	51.0	1.0	4	[015003, 015005, 015002, 015006]
10	15	12	34.0	2.0	2	[015003, 015006]
1	16	8	48.0	1.0	2	[016000, 016002]
1	16	8	45.0	3.0	4	[016000, 016004, 016003, 016002]
1	16	8	26.0	3.0	6	[016000, 016004, 016005, 016001, 016003, 016002]
1	16	8	43.0	2.0	7	[016000, 016004, 016005, 016001, 016006, 016003, 016002]
1	16	8	43.0	1.0	5	[016000, 016004, 016005, 016003, 016002]
1	16	8	24.0	2.0	7	[016000, 016004, 016005, 016006, 016001, 016003, 016002]
1	16	8	24.0	3.0	6	[016000, 016004, 016005, 016006, 016003, 016002]
1	16	8	26.0	2.0	6	[016000, 016004, 016006, 016001, 016003, 016002]
1	16	8	51.0	1.0	7	[016000, 016004, 016006, 016001, 016005, 016003, 016002]
1	16	8	62.0	2.0	5	[016000, 016004, 016006, 016003, 016002]
1	16	8	24.0	2.0	7	[016000, 016004, 016006, 016005, 016001, 016003, 016002]
1	16	8	24.0	1.0	6	[016000, 016004, 016006, 016005, 016003, 016002]
1	16	8	26.0	2.0	5	[016000, 016006, 016001, 016003, 016002]
1	16	8	51.0	1.0	6	[016000, 016006, 016001, 016005, 016003, 016002]
1	16	8	43.0	2.0	7	[016000, 016006, 016001, 016005, 016004, 016003, 016002]
1	16	8	68.0	2.0	4	[016000, 016006, 016003, 016002]
1	16	8	45.0	2.0	5	[016000, 016006, 016004, 016003, 016002]
1	16	8	26.0	2.0	7	[016000, 016006, 016004, 016005, 016001, 016003, 016002]
1	16	8	43.0	1.0	6	[016000, 016006, 016004, 016005, 016003, 016002]
1	16	8	24.0	2.0	6	[016000, 016006, 016005, 016001, 016003, 016002]
1	16	8	24.0	1.0	5	[016000, 016006, 016005, 016003, 016002]
1	16	8	24.0	2.0	6	[016000, 016006, 016005, 016004, 016003, 016002]
1	16	10	26.0	1.0	5	[016000, 016002, 016003, 016001, 016005]
1	16	10	26.0	1.0	7	[016000, 016002, 016003, 016001, 016006, 016004, 016005]
1	16	10	24.0	1.0	6	[016000, 016002, 016003, 016001, 016006, 016005]
1	16	10	43.0	1.0	5	[016000, 016002, 016003, 016004, 016005]
1	16	10	45.0	1.0	7	[016000, 016002, 016003, 016004, 016006, 016001, 016005]
1	16	10	24.0	1.0	6	[016000, 016002, 016003, 016004, 016006, 016005]
1	16	10	48.0	1.0	4	[016000, 016002, 016003, 016005]
1	16	10	48.0	1.0	6	[016000, 016002, 016003, 016006, 016001, 016005]
1	16	10	43.0	1.0	6	[016000, 016002, 016003, 016006, 016004, 016005]
1	16	10	24.0	1.0	5	[016000, 016002, 016003, 016006, 016005]
1	16	10	26.0	3.0	5	[016000, 016004, 016003, 016001, 016005]
1	16	10	24.0	2.0	6	[016000, 016004, 016003, 016001, 016006, 016005]
1	16	10	45.0	1.0	4	[016000, 016004, 016003, 016005]
1	16	10	45.0	2.0	6	[016000, 016004, 016003, 016006, 016001, 016005]
1	16	10	24.0	3.0	5	[016000, 016004, 016003, 016006, 016005]
1	16	10	43.0	3.0	3	[016000, 016004, 016005]
1	16	10	26.0	1.0	6	[016000, 016004, 016006, 016001, 016003, 016005]
1	16	10	51.0	2.0	5	[016000, 016004, 016006, 016001, 016005]
1	16	10	26.0	2.0	6	[016000, 016004, 016006, 016003, 016001, 016005]
1	16	10	62.0	1.0	5	[016000, 016004, 016006, 016003, 016005]
1	16	10	24.0	2.0	4	[016000, 016004, 016006, 016005]
1	16	10	26.0	2.0	6	[016000, 016006, 016001, 016003, 016004, 016005]
1	16	10	26.0	1.0	5	[016000, 016006, 016001, 016003, 016005]
1	16	10	51.0	2.0	4	[016000, 016006, 016001, 016005]
1	16	10	26.0	2.0	5	[016000, 016006, 016003, 016001, 016005]
1	16	10	43.0	2.0	5	[016000, 016006, 016003, 016004, 016005]
1	16	10	68.0	1.0	4	[016000, 016006, 016003, 016005]
1	16	10	26.0	2.0	6	[016000, 016006, 016004, 016003, 016001, 016005]
1	16	10	45.0	1.0	5	[016000, 016006, 016004, 016003, 016005]
1	16	10	43.0	2.0	4	[016000, 016006, 016004, 016005]
1	16	10	24.0	2.0	3	[016000, 016006, 016005]
1	16	14	26.0	1.0	7	[016000, 016002, 016003, 016001, 016005, 016004, 016006]
1	16	14	24.0	1.0	6	[016000, 016002, 016003, 016001, 016005, 016006]
1	16	14	26.0	1.0	5	[016000, 016002, 016003, 016001, 016006]
1	16	14	43.0	1.0	7	[016000, 016002, 016003, 016004, 016005, 016001, 016006]
1	16	14	24.0	1.0	6	[016000, 016002, 016003, 016004, 016005, 016006]
1	16	14	45.0	1.0	5	[016000, 016002, 016003, 016004, 016006]
1	16	14	48.0	1.0	6	[016000, 016002, 016003, 016005, 016001, 016006]
1	16	14	43.0	1.0	6	[016000, 016002, 016003, 016005, 016004, 016006]
1	16	14	24.0	1.0	5	[016000, 016002, 016003, 016005, 016006]
1	16	14	48.0	1.0	4	[016000, 016002, 016003, 016006]
1	16	14	24.0	3.0	6	[016000, 016004, 016003, 016001, 016005, 016006]
1	16	14	26.0	2.0	5	[016000, 016004, 016003, 016001, 016006]
1	16	14	45.0	1.0	6	[016000, 016004, 016003, 016005, 016001, 016006]
1	16	14	24.0	1.0	5	[016000, 016004, 016003, 016005, 016006]
1	16	14	45.0	3.0	4	[016000, 016004, 016003, 016006]
1	16	14	26.0	3.0	6	[016000, 016004, 016005, 016001, 016003, 016006]
1	16	14	43.0	2.0	5	[016000, 016004, 016005, 016001, 016006]
1	16	14	26.0	1.0	6	[016000, 016004, 016005, 016003, 016001, 016006]
1	16	14	43.0	1.0	5	[016000, 016004, 016005, 016003, 016006]
1	16	14	24.0	3.0	4	[016000, 016004, 016005, 016006]
1	16	14	62.0	2.0	3	[016000, 016004, 016006]
1	16	14	68.0	2.0	2	[016000, 016006]
8	16	10	26.0	1.0	6	[016002, 016000, 016004, 016003, 016001, 016005]
8	16	10	24.0	1.0	7	[016002, 016000, 016004, 016003, 016001, 016006, 016005]
8	16	10	45.0	1.0	5	[016002, 016000, 016004, 016003, 016005]
8	16	10	45.0	1.0	7	[016002, 016000, 016004, 016003, 016006, 016001, 016005]
8	16	10	24.0	1.0	6	[016002, 016000, 016004, 016003, 016006, 016005]
8	16	10	43.0	1.0	4	[016002, 016000, 016004, 016005]
8	16	10	26.0	1.0	7	[016002, 016000, 016004, 016006, 016001, 016003, 016005]
8	16	10	48.0	1.0	6	[016002, 016000, 016004, 016006, 016001, 016005]
8	16	10	26.0	1.0	7	[016002, 016000, 016004, 016006, 016003, 016001, 016005]
8	16	10	48.0	1.0	6	[016002, 016000, 016004, 016006, 016003, 016005]
8	16	10	24.0	1.0	5	[016002, 016000, 016004, 016006, 016005]
8	16	10	26.0	1.0	7	[016002, 016000, 016006, 016001, 016003, 016004, 016005]
8	16	10	26.0	1.0	6	[016002, 016000, 016006, 016001, 016003, 016005]
8	16	10	48.0	1.0	5	[016002, 016000, 016006, 016001, 016005]
8	16	10	26.0	1.0	6	[016002, 016000, 016006, 016003, 016001, 016005]
8	16	10	43.0	1.0	6	[016002, 016000, 016006, 016003, 016004, 016005]
8	16	10	48.0	1.0	5	[016002, 016000, 016006, 016003, 016005]
8	16	10	26.0	1.0	7	[016002, 016000, 016006, 016004, 016003, 016001, 016005]
8	16	10	45.0	1.0	6	[016002, 016000, 016006, 016004, 016003, 016005]
8	16	10	43.0	1.0	5	[016002, 016000, 016006, 016004, 016005]
8	16	10	24.0	1.0	4	[016002, 016000, 016006, 016005]
8	16	10	26.0	3.0	4	[016002, 016003, 016001, 016005]
8	16	10	26.0	2.0	7	[016002, 016003, 016001, 016006, 016000, 016004, 016005]
8	16	10	26.0	2.0	6	[016002, 016003, 016001, 016006, 016004, 016005]
8	16	10	24.0	2.0	5	[016002, 016003, 016001, 016006, 016005]
8	16	10	45.0	2.0	7	[016002, 016003, 016004, 016000, 016006, 016001, 016005]
8	16	10	24.0	2.0	6	[016002, 016003, 016004, 016000, 016006, 016005]
8	16	10	43.0	3.0	4	[016002, 016003, 016004, 016005]
8	16	10	45.0	2.0	6	[016002, 016003, 016004, 016006, 016001, 016005]
8	16	10	24.0	2.0	5	[016002, 016003, 016004, 016006, 016005]
8	16	10	88.0	1.0	3	[016002, 016003, 016005]
8	16	10	43.0	2.0	6	[016002, 016003, 016006, 016000, 016004, 016005]
8	16	10	51.0	2.0	5	[016002, 016003, 016006, 016001, 016005]
8	16	10	43.0	2.0	5	[016002, 016003, 016006, 016004, 016005]
8	16	10	24.0	3.0	4	[016002, 016003, 016006, 016005]
8	16	14	24.0	1.0	7	[016002, 016000, 016004, 016003, 016001, 016005, 016006]
8	16	14	26.0	1.0	6	[016002, 016000, 016004, 016003, 016001, 016006]
8	16	14	45.0	1.0	7	[016002, 016000, 016004, 016003, 016005, 016001, 016006]
8	16	14	24.0	1.0	6	[016002, 016000, 016004, 016003, 016005, 016006]
8	16	14	45.0	1.0	5	[016002, 016000, 016004, 016003, 016006]
8	16	14	26.0	1.0	7	[016002, 016000, 016004, 016005, 016001, 016003, 016006]
8	16	14	43.0	1.0	6	[016002, 016000, 016004, 016005, 016001, 016006]
8	16	14	26.0	1.0	7	[016002, 016000, 016004, 016005, 016003, 016001, 016006]
8	16	14	43.0	1.0	6	[016002, 016000, 016004, 016005, 016003, 016006]
8	16	14	24.0	1.0	5	[016002, 016000, 016004, 016005, 016006]
8	16	14	48.0	1.0	4	[016002, 016000, 016004, 016006]
8	16	14	48.0	1.0	3	[016002, 016000, 016006]
8	16	14	26.0	2.0	7	[016002, 016003, 016001, 016005, 016004, 016000, 016006]
8	16	14	26.0	2.0	6	[016002, 016003, 016001, 016005, 016004, 016006]
8	16	14	24.0	3.0	5	[016002, 016003, 016001, 016005, 016006]
8	16	14	26.0	2.0	4	[016002, 016003, 016001, 016006]
8	16	14	45.0	2.0	5	[016002, 016003, 016004, 016000, 016006]
8	16	14	43.0	2.0	6	[016002, 016003, 016004, 016005, 016001, 016006]
8	16	14	24.0	3.0	5	[016002, 016003, 016004, 016005, 016006]
8	16	14	45.0	2.0	4	[016002, 016003, 016004, 016006]
8	16	14	51.0	1.0	5	[016002, 016003, 016005, 016001, 016006]
8	16	14	43.0	1.0	6	[016002, 016003, 016005, 016004, 016000, 016006]
8	16	14	43.0	1.0	5	[016002, 016003, 016005, 016004, 016006]
8	16	14	24.0	1.0	4	[016002, 016003, 016005, 016006]
8	16	14	81.0	3.0	3	[016002, 016003, 016006]
10	16	14	26.0	1.0	7	[016005, 016001, 016003, 016002, 016000, 016004, 016006]
10	16	14	26.0	1.0	6	[016005, 016001, 016003, 016002, 016000, 016006]
10	16	14	26.0	2.0	6	[016005, 016001, 016003, 016004, 016000, 016006]
10	16	14	26.0	2.0	5	[016005, 016001, 016003, 016004, 016006]
10	16	14	26.0	3.0	4	[016005, 016001, 016003, 016006]
10	16	14	51.0	2.0	3	[016005, 016001, 016006]
10	16	14	26.0	1.0	4	[016005, 016003, 016001, 016006]
10	16	14	48.0	1.0	6	[016005, 016003, 016002, 016000, 016004, 016006]
10	16	14	48.0	1.0	5	[016005, 016003, 016002, 016000, 016006]
10	16	14	45.0	1.0	5	[016005, 016003, 016004, 016000, 016006]
10	16	14	45.0	1.0	4	[016005, 016003, 016004, 016006]
10	16	14	81.0	1.0	3	[016005, 016003, 016006]
10	16	14	26.0	1.0	7	[016005, 016004, 016000, 016002, 016003, 016001, 016006]
10	16	14	43.0	1.0	6	[016005, 016004, 016000, 016002, 016003, 016006]
10	16	14	43.0	2.0	4	[016005, 016004, 016000, 016006]
10	16	14	26.0	2.0	5	[016005, 016004, 016003, 016001, 016006]
10	16	14	43.0	1.0	6	[016005, 016004, 016003, 016002, 016000, 016006]
10	16	14	43.0	3.0	4	[016005, 016004, 016003, 016006]
10	16	14	43.0	2.0	3	[016005, 016004, 016006]
10	16	14	24.0	5.0	2	[016005, 016006]
2	17	9	63.0	1.0	3	[017000, 017001, 017004]
2	17	9	35.0	1.0	5	[017000, 017001, 017005, 017002, 017004]
2	17	9	6.0	1.0	7	[017000, 017001, 017005, 017002, 017006, 017003, 017004]
2	17	9	18.0	1.0	6	[017000, 017001, 017005, 017002, 017006, 017004]
2	17	9	6.0	1.0	5	[017000, 017001, 017005, 017003, 017004]
2	17	9	8.0	1.0	7	[017000, 017001, 017005, 017003, 017006, 017002, 017004]
2	17	9	8.0	1.0	6	[017000, 017001, 017005, 017003, 017006, 017004]
2	17	9	6.0	3.0	3	[017000, 017003, 017004]
2	17	9	8.0	2.0	5	[017000, 017003, 017005, 017001, 017004]
2	17	9	8.0	2.0	5	[017000, 017003, 017005, 017002, 017004]
2	17	9	8.0	1.0	6	[017000, 017003, 017005, 017002, 017006, 017004]
2	17	9	18.0	1.0	5	[017000, 017003, 017006, 017002, 017004]
2	17	9	18.0	1.0	7	[017000, 017003, 017006, 017002, 017005, 017001, 017004]
2	17	9	76.0	3.0	4	[017000, 017003, 017006, 017004]
2	17	9	41.0	5.0	2	[017000, 017004]
2	17	9	63.0	3.0	4	[017000, 017005, 017001, 017004]
2	17	9	35.0	2.0	4	[017000, 017005, 017002, 017004]
2	17	9	6.0	1.0	6	[017000, 017005, 017002, 017006, 017003, 017004]
2	17	9	18.0	1.0	5	[017000, 017005, 017002, 017006, 017004]
2	17	9	6.0	2.0	4	[017000, 017005, 017003, 017004]
2	17	9	8.0	1.0	6	[017000, 017005, 017003, 017006, 017002, 017004]
2	17	9	8.0	2.0	5	[017000, 017005, 017003, 017006, 017004]
3	18	7	74.0	4.0	3	[018005, 018002, 018000]
3	18	7	10.0	2.0	4	[018005, 018002, 018001, 018000]
3	18	7	35.0	2.0	5	[018005, 018002, 018001, 018006, 018000]
3	18	7	7.0	1.0	6	[018005, 018002, 018001, 018006, 018003, 018000]
3	18	7	10.0	1.0	4	[018005, 018002, 018003, 018000]
3	18	7	7.0	1.0	5	[018005, 018002, 018003, 018006, 018000]
3	18	7	7.0	1.0	6	[018005, 018002, 018003, 018006, 018001, 018000]
3	18	7	56.0	2.0	4	[018005, 018002, 018004, 018000]
3	18	7	35.0	1.0	4	[018005, 018002, 018006, 018000]
3	18	7	10.0	1.0	5	[018005, 018002, 018006, 018001, 018000]
3	18	7	7.0	1.0	5	[018005, 018002, 018006, 018003, 018000]
3	18	7	35.0	4.0	3	[018005, 018006, 018000]
3	18	7	10.0	2.0	4	[018005, 018006, 018001, 018000]
3	18	7	45.0	2.0	5	[018005, 018006, 018001, 018002, 018000]
3	18	7	10.0	1.0	6	[018005, 018006, 018001, 018002, 018003, 018000]
3	18	7	45.0	2.0	6	[018005, 018006, 018001, 018002, 018004, 018000]
3	18	7	53.0	1.0	4	[018005, 018006, 018002, 018000]
3	18	7	10.0	1.0	5	[018005, 018006, 018002, 018001, 018000]
3	18	7	10.0	1.0	5	[018005, 018006, 018002, 018003, 018000]
3	18	7	53.0	1.0	5	[018005, 018006, 018002, 018004, 018000]
3	18	7	7.0	1.0	4	[018005, 018006, 018003, 018000]
3	18	7	7.0	1.0	5	[018005, 018006, 018003, 018002, 018000]
3	18	7	7.0	1.0	6	[018005, 018006, 018003, 018002, 018001, 018000]
3	18	7	7.0	1.0	6	[018005, 018006, 018003, 018002, 018004, 018000]
3	18	9	10.0	2.0	5	[018005, 018002, 018000, 018001, 018006]
3	18	9	7.0	1.0	5	[018005, 018002, 018000, 018003, 018006]
3	18	9	35.0	4.0	4	[018005, 018002, 018000, 018006]
3	18	9	7.0	1.0	6	[018005, 018002, 018001, 018000, 018003, 018006]
3	18	9	10.0	2.0	5	[018005, 018002, 018001, 018000, 018006]
3	18	9	45.0	2.0	4	[018005, 018002, 018001, 018006]
3	18	9	10.0	1.0	6	[018005, 018002, 018003, 018000, 018001, 018006]
3	18	9	10.0	1.0	5	[018005, 018002, 018003, 018000, 018006]
3	18	9	7.0	1.0	4	[018005, 018002, 018003, 018006]
3	18	9	10.0	2.0	6	[018005, 018002, 018004, 018000, 018001, 018006]
3	18	9	7.0	1.0	6	[018005, 018002, 018004, 018000, 018003, 018006]
3	18	9	35.0	2.0	5	[018005, 018002, 018004, 018000, 018006]
3	18	9	53.0	1.0	3	[018005, 018002, 018006]
3	18	9	66.0	5.0	2	[018005, 018006]
3	18	11	10.0	4.0	4	[018005, 018002, 018000, 018001]
3	18	11	7.0	1.0	6	[018005, 018002, 018000, 018003, 018006, 018001]
3	18	11	35.0	2.0	5	[018005, 018002, 018000, 018006, 018001]
3	18	11	45.0	2.0	3	[018005, 018002, 018001]
3	18	11	10.0	1.0	5	[018005, 018002, 018003, 018000, 018001]
3	18	11	10.0	1.0	6	[018005, 018002, 018003, 018000, 018006, 018001]
3	18	11	7.0	1.0	6	[018005, 018002, 018003, 018006, 018000, 018001]
3	18	11	7.0	1.0	5	[018005, 018002, 018003, 018006, 018001]
3	18	11	10.0	2.0	5	[018005, 018002, 018004, 018000, 018001]
3	18	11	7.0	1.0	7	[018005, 018002, 018004, 018000, 018003, 018006, 018001]
3	18	11	35.0	2.0	6	[018005, 018002, 018004, 018000, 018006, 018001]
3	18	11	10.0	1.0	5	[018005, 018002, 018006, 018000, 018001]
3	18	11	53.0	1.0	4	[018005, 018002, 018006, 018001]
3	18	11	7.0	1.0	6	[018005, 018002, 018006, 018003, 018000, 018001]
3	18	11	10.0	4.0	4	[018005, 018006, 018000, 018001]
3	18	11	35.0	2.0	5	[018005, 018006, 018000, 018002, 018001]
3	18	11	10.0	1.0	6	[018005, 018006, 018000, 018003, 018002, 018001]
3	18	11	35.0	2.0	6	[018005, 018006, 018000, 018004, 018002, 018001]
3	18	11	59.0	2.0	3	[018005, 018006, 018001]
3	18	11	10.0	1.0	5	[018005, 018006, 018002, 018000, 018001]
3	18	11	45.0	1.0	4	[018005, 018006, 018002, 018001]
3	18	11	10.0	1.0	6	[018005, 018006, 018002, 018003, 018000, 018001]
3	18	11	10.0	1.0	6	[018005, 018006, 018002, 018004, 018000, 018001]
3	18	11	7.0	1.0	5	[018005, 018006, 018003, 018000, 018001]
3	18	11	7.0	1.0	6	[018005, 018006, 018003, 018000, 018002, 018001]
3	18	11	7.0	1.0	7	[018005, 018006, 018003, 018000, 018004, 018002, 018001]
3	18	11	7.0	1.0	6	[018005, 018006, 018003, 018002, 018000, 018001]
3	18	11	7.0	1.0	5	[018005, 018006, 018003, 018002, 018001]
3	18	11	7.0	1.0	7	[018005, 018006, 018003, 018002, 018004, 018000, 018001]
7	18	9	7.0	1.0	5	[018000, 018001, 018002, 018003, 018006]
7	18	9	10.0	2.0	5	[018000, 018001, 018002, 018005, 018006]
7	18	9	10.0	1.0	4	[018000, 018001, 018002, 018006]
7	18	9	10.0	2.0	3	[018000, 018001, 018006]
7	18	9	45.0	2.0	4	[018000, 018002, 018001, 018006]
7	18	9	7.0	1.0	4	[018000, 018002, 018003, 018006]
7	18	9	66.0	4.0	4	[018000, 018002, 018005, 018006]
7	18	9	53.0	1.0	3	[018000, 018002, 018006]
7	18	9	10.0	1.0	5	[018000, 018003, 018002, 018001, 018006]
7	18	9	10.0	1.0	5	[018000, 018003, 018002, 018005, 018006]
7	18	9	10.0	1.0	4	[018000, 018003, 018002, 018006]
7	18	9	7.0	1.0	3	[018000, 018003, 018006]
7	18	9	45.0	2.0	5	[018000, 018004, 018002, 018001, 018006]
7	18	9	7.0	1.0	5	[018000, 018004, 018002, 018003, 018006]
7	18	9	56.0	2.0	5	[018000, 018004, 018002, 018005, 018006]
7	18	9	53.0	1.0	4	[018000, 018004, 018002, 018006]
7	18	9	35.0	4.0	2	[018000, 018006]
7	18	11	10.0	5.0	2	[018000, 018001]
7	18	11	45.0	2.0	3	[018000, 018002, 018001]
7	18	11	7.0	1.0	5	[018000, 018002, 018003, 018006, 018001]
7	18	11	59.0	2.0	5	[018000, 018002, 018005, 018006, 018001]
7	18	11	53.0	1.0	4	[018000, 018002, 018006, 018001]
7	18	11	10.0	1.0	4	[018000, 018003, 018002, 018001]
7	18	11	10.0	1.0	6	[018000, 018003, 018002, 018005, 018006, 018001]
7	18	11	10.0	1.0	5	[018000, 018003, 018002, 018006, 018001]
7	18	11	7.0	1.0	4	[018000, 018003, 018006, 018001]
7	18	11	7.0	1.0	5	[018000, 018003, 018006, 018002, 018001]
7	18	11	7.0	1.0	6	[018000, 018003, 018006, 018005, 018002, 018001]
7	18	11	45.0	2.0	4	[018000, 018004, 018002, 018001]
7	18	11	7.0	1.0	6	[018000, 018004, 018002, 018003, 018006, 018001]
7	18	11	56.0	2.0	6	[018000, 018004, 018002, 018005, 018006, 018001]
7	18	11	53.0	1.0	5	[018000, 018004, 018002, 018006, 018001]
7	18	11	35.0	2.0	3	[018000, 018006, 018001]
7	18	11	35.0	1.0	4	[018000, 018006, 018002, 018001]
7	18	11	7.0	1.0	5	[018000, 018006, 018003, 018002, 018001]
7	18	11	35.0	2.0	5	[018000, 018006, 018005, 018002, 018001]
9	18	11	10.0	4.0	3	[018006, 018000, 018001]
9	18	11	35.0	2.0	4	[018006, 018000, 018002, 018001]
9	18	11	10.0	1.0	5	[018006, 018000, 018003, 018002, 018001]
9	18	11	35.0	2.0	5	[018006, 018000, 018004, 018002, 018001]
9	18	11	59.0	2.0	2	[018006, 018001]
9	18	11	10.0	1.0	4	[018006, 018002, 018000, 018001]
9	18	11	45.0	1.0	3	[018006, 018002, 018001]
9	18	11	10.0	1.0	5	[018006, 018002, 018003, 018000, 018001]
9	18	11	10.0	1.0	5	[018006, 018002, 018004, 018000, 018001]
9	18	11	7.0	1.0	4	[018006, 018003, 018000, 018001]
9	18	11	7.0	1.0	5	[018006, 018003, 018000, 018002, 018001]
9	18	11	7.0	1.0	6	[018006, 018003, 018000, 018004, 018002, 018001]
9	18	11	7.0	1.0	5	[018006, 018003, 018002, 018000, 018001]
9	18	11	7.0	1.0	4	[018006, 018003, 018002, 018001]
9	18	11	7.0	1.0	6	[018006, 018003, 018002, 018004, 018000, 018001]
9	18	11	10.0	4.0	5	[018006, 018005, 018002, 018000, 018001]
9	18	11	45.0	2.0	4	[018006, 018005, 018002, 018001]
9	18	11	10.0	1.0	6	[018006, 018005, 018002, 018003, 018000, 018001]
9	18	11	10.0	2.0	6	[018006, 018005, 018002, 018004, 018000, 018001]
12	19	14	7.0	1.0	6	[019004, 019000, 019002, 019003, 019005, 019006]
12	19	14	7.0	4.0	5	[019004, 019000, 019002, 019003, 019006]
12	19	14	22.0	1.0	6	[019004, 019000, 019002, 019005, 019003, 019006]
12	19	14	21.0	5.0	5	[019004, 019000, 019002, 019005, 019006]
12	19	14	35.0	1.0	4	[019004, 019000, 019002, 019006]
12	19	14	7.0	4.0	6	[019004, 019000, 019003, 019002, 019005, 019006]
12	19	14	7.0	1.0	5	[019004, 019000, 019003, 019002, 019006]
12	19	14	22.0	1.0	6	[019004, 019000, 019003, 019005, 019002, 019006]
12	19	14	21.0	1.0	5	[019004, 019000, 019003, 019005, 019006]
12	19	14	23.0	4.0	4	[019004, 019000, 019003, 019006]
12	19	14	7.0	3.0	6	[019004, 019000, 019005, 019002, 019003, 019006]
12	19	14	20.0	1.0	5	[019004, 019000, 019005, 019002, 019006]
12	19	14	7.0	1.0	6	[019004, 019000, 019005, 019003, 019002, 019006]
12	19	14	20.0	1.0	5	[019004, 019000, 019005, 019003, 019006]
12	19	14	20.0	3.0	4	[019004, 019000, 019005, 019006]
12	19	14	35.0	2.0	3	[019004, 019000, 019006]
12	19	14	21.0	2.0	7	[019004, 019001, 019003, 019000, 019002, 019005, 019006]
12	19	14	38.0	1.0	6	[019004, 019001, 019003, 019000, 019002, 019006]
12	19	14	20.0	1.0	7	[019004, 019001, 019003, 019000, 019005, 019002, 019006]
12	19	14	20.0	2.0	6	[019004, 019001, 019003, 019000, 019005, 019006]
12	19	14	36.0	2.0	5	[019004, 019001, 019003, 019000, 019006]
12	19	14	7.0	2.0	7	[019004, 019001, 019003, 019002, 019000, 019005, 019006]
12	19	14	7.0	2.0	6	[019004, 019001, 019003, 019002, 019000, 019006]
12	19	14	7.0	2.0	7	[019004, 019001, 019003, 019002, 019005, 019000, 019006]
12	19	14	7.0	2.0	6	[019004, 019001, 019003, 019002, 019005, 019006]
12	19	14	7.0	1.0	5	[019004, 019001, 019003, 019002, 019006]
12	19	14	20.0	1.0	7	[019004, 019001, 019003, 019005, 019000, 019002, 019006]
12	19	14	20.0	1.0	6	[019004, 019001, 019003, 019005, 019000, 019006]
12	19	14	22.0	1.0	7	[019004, 019001, 019003, 019005, 019002, 019000, 019006]
12	19	14	22.0	1.0	6	[019004, 019001, 019003, 019005, 019002, 019006]
12	19	14	21.0	1.0	5	[019004, 019001, 019003, 019005, 019006]
12	19	14	23.0	2.0	4	[019004, 019001, 019003, 019006]
12	19	14	21.0	1.0	6	[019004, 019002, 019000, 019003, 019005, 019006]
12	19	14	23.0	2.0	5	[019004, 019002, 019000, 019003, 019006]
12	19	14	20.0	1.0	6	[019004, 019002, 019000, 019005, 019003, 019006]
12	19	14	20.0	2.0	5	[019004, 019002, 019000, 019005, 019006]
12	19	14	26.0	2.0	4	[019004, 019002, 019000, 019006]
12	19	14	7.0	2.0	6	[019004, 019002, 019003, 019000, 019005, 019006]
12	19	14	7.0	2.0	5	[019004, 019002, 019003, 019000, 019006]
12	19	14	7.0	1.0	6	[019004, 019002, 019003, 019005, 019000, 019006]
12	19	14	7.0	1.0	5	[019004, 019002, 019003, 019005, 019006]
12	19	14	7.0	2.0	4	[019004, 019002, 019003, 019006]
12	19	14	20.0	2.0	6	[019004, 019002, 019005, 019000, 019003, 019006]
12	19	14	20.0	2.0	5	[019004, 019002, 019005, 019000, 019006]
12	19	14	22.0	1.0	6	[019004, 019002, 019005, 019003, 019000, 019006]
12	19	14	22.0	1.0	5	[019004, 019002, 019005, 019003, 019006]
12	19	14	21.0	2.0	4	[019004, 019002, 019005, 019006]
12	19	14	26.0	1.0	3	[019004, 019002, 019006]
12	19	14	6.0	2.0	6	[019004, 019003, 019000, 019002, 019005, 019006]
12	19	14	6.0	1.0	5	[019004, 019003, 019000, 019002, 019006]
12	19	14	6.0	1.0	6	[019004, 019003, 019000, 019005, 019002, 019006]
12	19	14	6.0	2.0	5	[019004, 019003, 019000, 019005, 019006]
12	19	14	6.0	2.0	4	[019004, 019003, 019000, 019006]
12	19	14	6.0	2.0	6	[019004, 019003, 019002, 019000, 019005, 019006]
12	19	14	6.0	2.0	5	[019004, 019003, 019002, 019000, 019006]
12	19	14	6.0	2.0	6	[019004, 019003, 019002, 019005, 019000, 019006]
12	19	14	6.0	2.0	5	[019004, 019003, 019002, 019005, 019006]
12	19	14	6.0	1.0	4	[019004, 019003, 019002, 019006]
12	19	14	6.0	1.0	6	[019004, 019003, 019005, 019000, 019002, 019006]
12	19	14	6.0	1.0	5	[019004, 019003, 019005, 019000, 019006]
12	19	14	6.0	1.0	6	[019004, 019003, 019005, 019002, 019000, 019006]
12	19	14	6.0	1.0	5	[019004, 019003, 019005, 019002, 019006]
12	19	14	6.0	1.0	4	[019004, 019003, 019005, 019006]
12	19	14	6.0	2.0	3	[019004, 019003, 019006]
0	20	11	23.0	2.0	3	[020000, 020002, 020003]
0	20	11	24.0	1.0	7	[020000, 020002, 020005, 020001, 020004, 020006, 020003]
0	20	11	24.0	1.0	6	[020000, 020002, 020005, 020001, 020006, 020003]
0	20	11	24.0	1.0	4	[020000, 020002, 020005, 020003]
0	20	11	23.0	1.0	6	[020000, 020004, 020001, 020005, 020002, 020003]
0	20	11	36.0	2.0	5	[020000, 020004, 020001, 020005, 020003]
0	20	11	36.0	2.0	5	[020000, 020004, 020001, 020006, 020003]
0	20	11	23.0	1.0	7	[020000, 020004, 020006, 020001, 020005, 020002, 020003]
0	20	11	49.0	2.0	6	[020000, 020004, 020006, 020001, 020005, 020003]
0	20	11	70.0	2.0	4	[020000, 020004, 020006, 020003]
0	20	11	36.0	2.0	6	[020000, 020005, 020001, 020004, 020006, 020003]
0	20	11	45.0	2.0	5	[020000, 020005, 020001, 020006, 020003]
0	20	11	23.0	1.0	4	[020000, 020005, 020002, 020003]
0	20	11	45.0	2.0	3	[020000, 020005, 020003]
0	20	11	23.0	1.0	6	[020000, 020006, 020001, 020005, 020002, 020003]
0	20	11	42.0	2.0	5	[020000, 020006, 020001, 020005, 020003]
0	20	11	42.0	2.0	3	[020000, 020006, 020003]
0	20	11	23.0	1.0	7	[020000, 020006, 020004, 020001, 020005, 020002, 020003]
0	20	11	36.0	2.0	6	[020000, 020006, 020004, 020001, 020005, 020003]
0	20	13	24.0	3.0	2	[020000, 020002]
0	20	13	36.0	1.0	5	[020000, 020004, 020001, 020005, 020002]
0	20	13	23.0	2.0	6	[020000, 020004, 020001, 020005, 020003, 020002]
0	20	13	23.0	2.0	6	[020000, 020004, 020001, 020006, 020003, 020002]
0	20	13	36.0	1.0	7	[020000, 020004, 020001, 020006, 020003, 020005, 020002]
0	20	13	49.0	1.0	6	[020000, 020004, 020006, 020001, 020005, 020002]
0	20	13	23.0	2.0	7	[020000, 020004, 020006, 020001, 020005, 020003, 020002]
0	20	13	23.0	2.0	5	[020000, 020004, 020006, 020003, 020002]
0	20	13	55.0	1.0	6	[020000, 020004, 020006, 020003, 020005, 020002]
0	20	13	23.0	2.0	7	[020000, 020005, 020001, 020004, 020006, 020003, 020002]
0	20	13	23.0	2.0	6	[020000, 020005, 020001, 020006, 020003, 020002]
0	20	13	45.0	1.0	3	[020000, 020005, 020002]
0	20	13	23.0	2.0	4	[020000, 020005, 020003, 020002]
0	20	13	42.0	1.0	5	[020000, 020006, 020001, 020005, 020002]
0	20	13	23.0	2.0	6	[020000, 020006, 020001, 020005, 020003, 020002]
0	20	13	23.0	2.0	4	[020000, 020006, 020003, 020002]
0	20	13	42.0	1.0	5	[020000, 020006, 020003, 020005, 020002]
0	20	13	36.0	1.0	6	[020000, 020006, 020004, 020001, 020005, 020002]
0	20	13	23.0	2.0	7	[020000, 020006, 020004, 020001, 020005, 020003, 020002]
11	20	13	23.0	2.0	2	[020003, 020002]
11	20	13	24.0	2.0	4	[020003, 020005, 020000, 020002]
11	20	13	24.0	2.0	6	[020003, 020005, 020001, 020004, 020000, 020002]
11	20	13	24.0	2.0	7	[020003, 020005, 020001, 020004, 020006, 020000, 020002]
11	20	13	24.0	2.0	6	[020003, 020005, 020001, 020006, 020000, 020002]
11	20	13	24.0	2.0	7	[020003, 020005, 020001, 020006, 020004, 020000, 020002]
11	20	13	55.0	1.0	3	[020003, 020005, 020002]
11	20	13	24.0	2.0	4	[020003, 020006, 020000, 020002]
11	20	13	36.0	1.0	7	[020003, 020006, 020000, 020004, 020001, 020005, 020002]
11	20	13	42.0	1.0	5	[020003, 020006, 020000, 020005, 020002]
11	20	13	24.0	2.0	6	[020003, 020006, 020001, 020004, 020000, 020002]
11	20	13	36.0	1.0	7	[020003, 020006, 020001, 020004, 020000, 020005, 020002]
11	20	13	24.0	2.0	6	[020003, 020006, 020001, 020005, 020000, 020002]
11	20	13	49.0	1.0	5	[020003, 020006, 020001, 020005, 020002]
11	20	13	24.0	2.0	5	[020003, 020006, 020004, 020000, 020002]
11	20	13	45.0	1.0	6	[020003, 020006, 020004, 020000, 020005, 020002]
11	20	13	24.0	2.0	7	[020003, 020006, 020004, 020001, 020005, 020000, 020002]
11	20	13	36.0	1.0	6	[020003, 020006, 020004, 020001, 020005, 020002]
3	21	12	16.0	1.0	5	[021000, 021002, 021001, 021006, 021003]
3	21	12	16.0	1.0	6	[021000, 021002, 021001, 021006, 021004, 021003]
3	21	12	21.0	1.0	4	[021000, 021002, 021004, 021003]
3	21	12	21.0	1.0	5	[021000, 021002, 021004, 021006, 021003]
3	21	12	28.0	1.0	5	[021000, 021002, 021005, 021004, 021003]
3	21	12	28.0	1.0	6	[021000, 021002, 021005, 021004, 021006, 021003]
3	21	12	28.0	1.0	4	[021000, 021002, 021006, 021003]
3	21	12	28.0	1.0	5	[021000, 021002, 021006, 021004, 021003]
3	21	12	68.0	5.0	2	[021000, 021003]
3	21	12	16.0	1.0	6	[021000, 021004, 021002, 021001, 021006, 021003]
3	21	12	21.0	1.0	5	[021000, 021004, 021002, 021006, 021003]
3	21	12	79.0	3.0	3	[021000, 021004, 021003]
3	21	12	16.0	1.0	7	[021000, 021004, 021005, 021002, 021001, 021006, 021003]
3	21	12	28.0	1.0	6	[021000, 021004, 021005, 021002, 021006, 021003]
3	21	12	41.0	2.0	4	[021000, 021004, 021006, 021003]
3	21	12	16.0	1.0	6	[021000, 021005, 021002, 021001, 021006, 021003]
3	21	12	16.0	1.0	7	[021000, 021005, 021002, 021001, 021006, 021004, 021003]
3	21	12	21.0	1.0	5	[021000, 021005, 021002, 021004, 021003]
3	21	12	21.0	1.0	6	[021000, 021005, 021002, 021004, 021006, 021003]
3	21	12	28.0	1.0	5	[021000, 021005, 021002, 021006, 021003]
3	21	12	28.0	1.0	6	[021000, 021005, 021002, 021006, 021004, 021003]
3	21	12	16.0	1.0	7	[021000, 021005, 021004, 021002, 021001, 021006, 021003]
3	21	12	21.0	1.0	6	[021000, 021005, 021004, 021002, 021006, 021003]
3	21	12	32.0	1.0	4	[021000, 021005, 021004, 021003]
3	21	12	32.0	1.0	5	[021000, 021005, 021004, 021006, 021003]
3	21	12	16.0	1.0	6	[021000, 021006, 021001, 021002, 021004, 021003]
3	21	12	16.0	1.0	7	[021000, 021006, 021001, 021002, 021005, 021004, 021003]
3	21	12	21.0	1.0	5	[021000, 021006, 021002, 021004, 021003]
3	21	12	28.0	1.0	6	[021000, 021006, 021002, 021005, 021004, 021003]
3	21	12	63.0	2.0	3	[021000, 021006, 021003]
3	21	12	41.0	3.0	4	[021000, 021006, 021004, 021003]
5	22	8	12.0	1.0	4	[022006, 022000, 022001, 022002]
5	22	8	12.0	1.0	6	[022006, 022000, 022001, 022003, 022004, 022002]
5	22	8	12.0	1.0	7	[022006, 022000, 022001, 022003, 022004, 022005, 022002]
5	22	8	12.0	1.0	6	[022006, 022000, 022001, 022003, 022005, 022002]
5	22	8	12.0	1.0	7	[022006, 022000, 022001, 022003, 022005, 022004, 022002]
5	22	8	12.0	1.0	5	[022006, 022000, 022001, 022005, 022002]
5	22	8	12.0	1.0	7	[022006, 022000, 022001, 022005, 022003, 022004, 022002]
5	22	8	12.0	1.0	6	[022006, 022000, 022001, 022005, 022004, 022002]
5	22	8	12.0	2.0	5	[022006, 022000, 022005, 022001, 022002]
5	22	8	12.0	2.0	7	[022006, 022000, 022005, 022001, 022003, 022004, 022002]
5	22	8	12.0	2.0	4	[022006, 022000, 022005, 022002]
5	22	8	12.0	2.0	6	[022006, 022000, 022005, 022003, 022001, 022002]
5	22	8	12.0	2.0	6	[022006, 022000, 022005, 022003, 022004, 022002]
5	22	8	12.0	2.0	5	[022006, 022000, 022005, 022004, 022002]
5	22	8	12.0	2.0	7	[022006, 022000, 022005, 022004, 022003, 022001, 022002]
5	22	8	20.0	1.0	5	[022006, 022001, 022000, 022005, 022002]
5	22	8	18.0	1.0	7	[022006, 022001, 022000, 022005, 022003, 022004, 022002]
5	22	8	20.0	1.0	6	[022006, 022001, 022000, 022005, 022004, 022002]
5	22	8	20.0	2.0	3	[022006, 022001, 022002]
5	22	8	18.0	2.0	5	[022006, 022001, 022003, 022004, 022002]
5	22	8	18.0	2.0	6	[022006, 022001, 022003, 022004, 022005, 022002]
5	22	8	18.0	2.0	5	[022006, 022001, 022003, 022005, 022002]
5	22	8	18.0	2.0	6	[022006, 022001, 022003, 022005, 022004, 022002]
5	22	8	20.0	2.0	4	[022006, 022001, 022005, 022002]
5	22	8	18.0	2.0	6	[022006, 022001, 022005, 022003, 022004, 022002]
5	22	8	20.0	2.0	5	[022006, 022001, 022005, 022004, 022002]
5	22	8	58.0	4.0	2	[022006, 022002]
5	22	8	34.0	1.0	6	[022006, 022003, 022001, 022000, 022005, 022002]
5	22	8	34.0	1.0	7	[022006, 022003, 022001, 022000, 022005, 022004, 022002]
5	22	8	30.0	2.0	4	[022006, 022003, 022001, 022002]
5	22	8	68.0	2.0	5	[022006, 022003, 022001, 022005, 022002]
5	22	8	62.0	2.0	6	[022006, 022003, 022001, 022005, 022004, 022002]
5	22	8	18.0	2.0	4	[022006, 022003, 022004, 022002]
5	22	8	18.0	1.0	7	[022006, 022003, 022004, 022005, 022000, 022001, 022002]
5	22	8	18.0	2.0	6	[022006, 022003, 022004, 022005, 022001, 022002]
5	22	8	18.0	2.0	5	[022006, 022003, 022004, 022005, 022002]
5	22	8	18.0	1.0	6	[022006, 022003, 022005, 022000, 022001, 022002]
5	22	8	18.0	2.0	5	[022006, 022003, 022005, 022001, 022002]
5	22	8	18.0	2.0	4	[022006, 022003, 022005, 022002]
5	22	8	18.0	2.0	5	[022006, 022003, 022005, 022004, 022002]
5	22	14	12.0	2.0	2	[022006, 022000]
5	22	14	20.0	1.0	3	[022006, 022001, 022000]
5	22	14	18.0	2.0	7	[022006, 022001, 022002, 022004, 022003, 022005, 022000]
5	22	14	20.0	2.0	6	[022006, 022001, 022002, 022004, 022005, 022000]
5	22	14	20.0	2.0	5	[022006, 022001, 022002, 022005, 022000]
5	22	14	18.0	2.0	7	[022006, 022001, 022003, 022004, 022002, 022005, 022000]
5	22	14	18.0	2.0	6	[022006, 022001, 022003, 022004, 022005, 022000]
5	22	14	18.0	2.0	5	[022006, 022001, 022003, 022005, 022000]
5	22	14	20.0	2.0	4	[022006, 022001, 022005, 022000]
5	22	14	30.0	1.0	4	[022006, 022002, 022001, 022000]
5	22	14	18.0	2.0	7	[022006, 022002, 022001, 022003, 022004, 022005, 022000]
5	22	14	18.0	2.0	6	[022006, 022002, 022001, 022003, 022005, 022000]
5	22	14	30.0	2.0	5	[022006, 022002, 022001, 022005, 022000]
5	22	14	18.0	1.0	6	[022006, 022002, 022004, 022003, 022001, 022000]
5	22	14	18.0	2.0	7	[022006, 022002, 022004, 022003, 022001, 022005, 022000]
5	22	14	18.0	2.0	6	[022006, 022002, 022004, 022003, 022005, 022000]
5	22	14	18.0	1.0	7	[022006, 022002, 022004, 022003, 022005, 022001, 022000]
5	22	14	34.0	2.0	5	[022006, 022002, 022004, 022005, 022000]
5	22	14	58.0	1.0	6	[022006, 022002, 022004, 022005, 022001, 022000]
5	22	14	18.0	1.0	7	[022006, 022002, 022004, 022005, 022003, 022001, 022000]
5	22	14	34.0	2.0	4	[022006, 022002, 022005, 022000]
5	22	14	58.0	1.0	5	[022006, 022002, 022005, 022001, 022000]
5	22	14	18.0	1.0	6	[022006, 022002, 022005, 022003, 022001, 022000]
5	22	14	18.0	1.0	7	[022006, 022002, 022005, 022004, 022003, 022001, 022000]
5	22	14	59.0	1.0	4	[022006, 022003, 022001, 022000]
5	22	14	30.0	2.0	7	[022006, 022003, 022001, 022002, 022004, 022005, 022000]
5	22	14	30.0	2.0	6	[022006, 022003, 022001, 022002, 022005, 022000]
5	22	14	34.0	2.0	5	[022006, 022003, 022001, 022005, 022000]
5	22	14	18.0	1.0	6	[022006, 022003, 022004, 022002, 022001, 022000]
5	22	14	18.0	2.0	7	[022006, 022003, 022004, 022002, 022001, 022005, 022000]
5	22	14	18.0	2.0	6	[022006, 022003, 022004, 022002, 022005, 022000]
5	22	14	18.0	1.0	7	[022006, 022003, 022004, 022002, 022005, 022001, 022000]
5	22	14	18.0	2.0	5	[022006, 022003, 022004, 022005, 022000]
5	22	14	18.0	1.0	6	[022006, 022003, 022004, 022005, 022001, 022000]
5	22	14	18.0	1.0	7	[022006, 022003, 022004, 022005, 022002, 022001, 022000]
5	22	14	18.0	2.0	4	[022006, 022003, 022005, 022000]
5	22	14	18.0	1.0	5	[022006, 022003, 022005, 022001, 022000]
5	22	14	18.0	1.0	6	[022006, 022003, 022005, 022002, 022001, 022000]
5	22	14	18.0	1.0	7	[022006, 022003, 022005, 022004, 022002, 022001, 022000]
8	22	14	30.0	1.0	3	[022002, 022001, 022000]
8	22	14	18.0	2.0	6	[022002, 022001, 022003, 022004, 022005, 022000]
8	22	14	18.0	2.0	5	[022002, 022001, 022003, 022005, 022000]
8	22	14	12.0	2.0	5	[022002, 022001, 022003, 022006, 022000]
8	22	14	30.0	2.0	4	[022002, 022001, 022005, 022000]
8	22	14	12.0	2.0	6	[022002, 022001, 022005, 022003, 022006, 022000]
8	22	14	12.0	2.0	7	[022002, 022001, 022005, 022004, 022003, 022006, 022000]
8	22	14	12.0	2.0	4	[022002, 022001, 022006, 022000]
8	22	14	18.0	2.0	7	[022002, 022001, 022006, 022003, 022004, 022005, 022000]
8	22	14	18.0	2.0	6	[022002, 022001, 022006, 022003, 022005, 022000]
8	22	14	18.0	1.0	5	[022002, 022004, 022003, 022001, 022000]
8	22	14	18.0	2.0	6	[022002, 022004, 022003, 022001, 022005, 022000]
8	22	14	12.0	2.0	6	[022002, 022004, 022003, 022001, 022006, 022000]
8	22	14	18.0	2.0	5	[022002, 022004, 022003, 022005, 022000]
8	22	14	18.0	1.0	6	[022002, 022004, 022003, 022005, 022001, 022000]
8	22	14	12.0	2.0	7	[022002, 022004, 022003, 022005, 022001, 022006, 022000]
8	22	14	12.0	2.0	5	[022002, 022004, 022003, 022006, 022000]
8	22	14	18.0	1.0	6	[022002, 022004, 022003, 022006, 022001, 022000]
8	22	14	18.0	2.0	7	[022002, 022004, 022003, 022006, 022001, 022005, 022000]
8	22	14	34.0	2.0	4	[022002, 022004, 022005, 022000]
8	22	14	59.0	1.0	5	[022002, 022004, 022005, 022001, 022000]
8	22	14	12.0	2.0	7	[022002, 022004, 022005, 022001, 022003, 022006, 022000]
8	22	14	12.0	2.0	6	[022002, 022004, 022005, 022001, 022006, 022000]
8	22	14	18.0	1.0	6	[022002, 022004, 022005, 022003, 022001, 022000]
8	22	14	12.0	2.0	7	[022002, 022004, 022005, 022003, 022001, 022006, 022000]
8	22	14	12.0	2.0	6	[022002, 022004, 022005, 022003, 022006, 022000]
8	22	14	18.0	1.0	7	[022002, 022004, 022005, 022003, 022006, 022001, 022000]
8	22	14	34.0	2.0	3	[022002, 022005, 022000]
8	22	14	59.0	1.0	4	[022002, 022005, 022001, 022000]
8	22	14	12.0	2.0	6	[022002, 022005, 022001, 022003, 022006, 022000]
8	22	14	12.0	2.0	5	[022002, 022005, 022001, 022006, 022000]
8	22	14	18.0	1.0	5	[022002, 022005, 022003, 022001, 022000]
8	22	14	12.0	2.0	6	[022002, 022005, 022003, 022001, 022006, 022000]
8	22	14	12.0	2.0	5	[022002, 022005, 022003, 022006, 022000]
8	22	14	18.0	1.0	6	[022002, 022005, 022003, 022006, 022001, 022000]
8	22	14	18.0	1.0	6	[022002, 022005, 022004, 022003, 022001, 022000]
8	22	14	12.0	2.0	7	[022002, 022005, 022004, 022003, 022001, 022006, 022000]
8	22	14	12.0	2.0	6	[022002, 022005, 022004, 022003, 022006, 022000]
8	22	14	18.0	1.0	7	[022002, 022005, 022004, 022003, 022006, 022001, 022000]
8	22	14	12.0	2.0	3	[022002, 022006, 022000]
8	22	14	20.0	1.0	4	[022002, 022006, 022001, 022000]
8	22	14	18.0	2.0	7	[022002, 022006, 022001, 022003, 022004, 022005, 022000]
8	22	14	18.0	2.0	6	[022002, 022006, 022001, 022003, 022005, 022000]
8	22	14	20.0	2.0	5	[022002, 022006, 022001, 022005, 022000]
8	22	14	58.0	1.0	5	[022002, 022006, 022003, 022001, 022000]
8	22	14	34.0	2.0	6	[022002, 022006, 022003, 022001, 022005, 022000]
8	22	14	18.0	2.0	6	[022002, 022006, 022003, 022004, 022005, 022000]
8	22	14	18.0	1.0	7	[022002, 022006, 022003, 022004, 022005, 022001, 022000]
8	22	14	18.0	2.0	5	[022002, 022006, 022003, 022005, 022000]
8	22	14	18.0	1.0	6	[022002, 022006, 022003, 022005, 022001, 022000]
11	23	12	8.0	4.0	3	[023004, 023000, 023001]
11	23	12	8.0	1.0	4	[023004, 023000, 023003, 023001]
11	23	12	8.0	1.0	5	[023004, 023000, 023003, 023005, 023001]
11	23	12	8.0	1.0	4	[023004, 023000, 023005, 023001]
11	23	12	8.0	1.0	5	[023004, 023000, 023005, 023003, 023001]
11	23	12	8.0	1.0	5	[023004, 023000, 023006, 023003, 023001]
11	23	12	8.0	1.0	6	[023004, 023000, 023006, 023003, 023005, 023001]
11	23	12	55.0	2.0	2	[023004, 023001]
11	23	12	39.0	1.0	5	[023004, 023002, 023006, 023000, 023001]
11	23	12	20.0	1.0	6	[023004, 023002, 023006, 023000, 023003, 023001]
11	23	12	20.0	1.0	7	[023004, 023002, 023006, 023000, 023003, 023005, 023001]
11	23	12	33.0	1.0	6	[023004, 023002, 023006, 023000, 023005, 023001]
11	23	12	39.0	1.0	7	[023004, 023002, 023006, 023000, 023005, 023003, 023001]
11	23	12	20.0	1.0	6	[023004, 023002, 023006, 023003, 023000, 023001]
11	23	12	20.0	1.0	7	[023004, 023002, 023006, 023003, 023000, 023005, 023001]
11	23	12	50.0	1.0	5	[023004, 023002, 023006, 023003, 023001]
11	23	12	53.0	1.0	7	[023004, 023002, 023006, 023003, 023005, 023000, 023001]
11	23	12	33.0	1.0	6	[023004, 023002, 023006, 023003, 023005, 023001]
11	23	12	66.0	1.0	4	[023004, 023005, 023000, 023001]
11	23	12	20.0	1.0	5	[023004, 023005, 023000, 023003, 023001]
11	23	12	39.0	1.0	6	[023004, 023005, 023000, 023006, 023003, 023001]
11	23	12	33.0	1.0	3	[023004, 023005, 023001]
11	23	12	20.0	1.0	5	[023004, 023005, 023003, 023000, 023001]
11	23	12	50.0	1.0	4	[023004, 023005, 023003, 023001]
11	23	12	39.0	1.0	6	[023004, 023005, 023003, 023006, 023000, 023001]
11	23	12	39.0	1.0	4	[023004, 023006, 023000, 023001]
11	23	12	20.0	1.0	5	[023004, 023006, 023000, 023003, 023001]
11	23	12	20.0	1.0	6	[023004, 023006, 023000, 023003, 023005, 023001]
11	23	12	33.0	1.0	5	[023004, 023006, 023000, 023005, 023001]
11	23	12	39.0	1.0	6	[023004, 023006, 023000, 023005, 023003, 023001]
11	23	12	20.0	1.0	5	[023004, 023006, 023003, 023000, 023001]
11	23	12	20.0	1.0	6	[023004, 023006, 023003, 023000, 023005, 023001]
11	23	12	47.0	1.0	4	[023004, 023006, 023003, 023001]
11	23	12	47.0	1.0	6	[023004, 023006, 023003, 023005, 023000, 023001]
11	23	12	33.0	1.0	5	[023004, 023006, 023003, 023005, 023001]
