PreviousAS	CurrentAS	NextAS	Bandwidth	Delay	Hop	Full Path
5	0	20	6.0	2.0	5	[000003, 000002, 000001, 000000, 000005]
5	0	20	6.0	1.0	4	[000003, 000002, 000001, 000005]
5	0	20	64.0	4.0	3	[000003, 000002, 000005]
5	0	20	20.0	1.0	5	[000003, 000004, 000001, 000000, 000005]
5	0	20	6.0	1.0	5	[000003, 000004, 000001, 000002, 000005]
5	0	20	20.0	1.0	4	[000003, 000004, 000001, 000005]
5	0	20	27.0	3.0	2	[000003, 000005]
4	1	16	35.0	1.0	3	[001000, 001001, 001003]
4	1	16	9.0	1.0	6	[001000, 001001, 001004, 001002, 001005, 001003]
4	1	16	9.0	1.0	4	[001000, 001001, 001004, 001003]
4	1	16	9.0	1.0	5	[001000, 001001, 001004, 001005, 001003]
4	1	16	16.0	1.0	6	[001000, 001001, 001005, 001002, 001004, 001003]
4	1	16	36.0	1.0	4	[001000, 001001, 001005, 001003]
4	1	16	16.0	1.0	5	[001000, 001001, 001005, 001004, 001003]
4	1	16	7.0	1.0	2	[001000, 001003]
4	1	16	9.0	1.0	4	[001000, 001004, 001001, 001003]
4	1	16	9.0	1.0	5	[001000, 001004, 001001, 001005, 001003]
4	1	16	35.0	2.0	6	[001000, 001004, 001002, 001005, 001001, 001003]
4	1	16	36.0	2.0	5	[001000, 001004, 001002, 001005, 001003]
4	1	16	16.0	3.0	3	[001000, 001004, 001003]
4	1	16	31.0	1.0	5	[001000, 001004, 001005, 001001, 001003]
4	1	16	31.0	1.0	4	[001000, 001004, 001005, 001003]
4	1	16	35.0	2.0	4	[001000, 001005, 001001, 001003]
4	1	16	9.0	1.0	5	[001000, 001005, 001001, 001004, 001003]
4	1	16	9.0	1.0	6	[001000, 001005, 001002, 001004, 001001, 001003]
4	1	16	16.0	3.0	5	[001000, 001005, 001002, 001004, 001003]
4	1	16	36.0	2.0	3	[001000, 001005, 001003]
4	1	16	9.0	1.0	5	[001000, 001005, 001004, 001001, 001003]
4	1	16	16.0	1.0	4	[001000, 001005, 001004, 001003]
15	2	17	6.0	4.0	2	[002000, 002002]
15	2	17	76.0	2.0	4	[002000, 002003, 002001, 002002]
15	2	17	6.0	1.0	6	[002000, 002003, 002001, 002005, 002004, 002002]
15	2	17	48.0	2.0	3	[002000, 002003, 002002]
15	2	17	15.0	1.0	4	[002000, 002005, 002001, 002002]
15	2	17	15.0	1.0	5	[002000, 002005, 002001, 002003, 002002]
15	2	17	6.0	1.0	4	[002000, 002005, 002004, 002002]
4	3	5	19.0	1.0	4	[003002, 003000, 003001, 003004]
4	3	5	6.0	1.0	4	[003002, 003000, 003003, 003004]
4	3	5	21.0	2.0	3	[003002, 003000, 003004]
4	3	5	6.0	1.0	5	[003002, 003000, 003005, 003003, 003004]
4	3	5	19.0	1.0	5	[003002, 003003, 003000, 003001, 003004]
4	3	5	21.0	2.0	4	[003002, 003003, 003000, 003004]
4	3	5	6.0	1.0	3	[003002, 003003, 003004]
4	3	5	19.0	1.0	6	[003002, 003003, 003005, 003000, 003001, 003004]
4	3	5	21.0	2.0	5	[003002, 003003, 003005, 003000, 003004]
4	3	5	19.0	1.0	5	[003002, 003005, 003000, 003001, 003004]
4	3	5	6.0	1.0	5	[003002, 003005, 003000, 003003, 003004]
4	3	5	21.0	2.0	4	[003002, 003005, 003000, 003004]
4	3	5	19.0	1.0	6	[003002, 003005, 003003, 003000, 003001, 003004]
4	3	5	21.0	2.0	5	[003002, 003005, 003003, 003000, 003004]
4	3	5	6.0	1.0	4	[003002, 003005, 003003, 003004]
4	3	10	36.0	5.0	3	[003002, 003000, 003001]
4	3	10	6.0	1.0	5	[003002, 003000, 003003, 003004, 003001]
4	3	10	19.0	1.0	4	[003002, 003000, 003004, 003001]
4	3	10	6.0	1.0	6	[003002, 003000, 003005, 003003, 003004, 003001]
4	3	10	34.0	4.0	4	[003002, 003003, 003000, 003001]
4	3	10	19.0	1.0	5	[003002, 003003, 003000, 003004, 003001]
4	3	10	6.0	1.0	5	[003002, 003003, 003004, 003000, 003001]
4	3	10	6.0	1.0	4	[003002, 003003, 003004, 003001]
4	3	10	51.0	2.0	5	[003002, 003003, 003005, 003000, 003001]
4	3	10	19.0	1.0	6	[003002, 003003, 003005, 003000, 003004, 003001]
4	3	10	33.0	2.0	4	[003002, 003005, 003000, 003001]
4	3	10	6.0	1.0	6	[003002, 003005, 003000, 003003, 003004, 003001]
4	3	10	19.0	1.0	5	[003002, 003005, 003000, 003004, 003001]
4	3	10	33.0	3.0	5	[003002, 003005, 003003, 003000, 003001]
4	3	10	19.0	1.0	6	[003002, 003005, 003003, 003000, 003004, 003001]
4	3	10	6.0	1.0	6	[003002, 003005, 003003, 003004, 003000, 003001]
4	3	10	6.0	1.0	5	[003002, 003005, 003003, 003004, 003001]
4	3	18	36.0	5.0	2	[003002, 003000]
4	3	18	34.0	4.0	3	[003002, 003003, 003000]
4	3	18	6.0	1.0	4	[003002, 003003, 003004, 003000]
4	3	18	6.0	1.0	5	[003002, 003003, 003004, 003001, 003000]
4	3	18	66.0	2.0	4	[003002, 003003, 003005, 003000]
4	3	18	33.0	2.0	3	[003002, 003005, 003000]
4	3	18	33.0	3.0	4	[003002, 003005, 003003, 003000]
4	3	18	6.0	1.0	5	[003002, 003005, 003003, 003004, 003000]
4	3	18	6.0	1.0	6	[003002, 003005, 003003, 003004, 003001, 003000]
4	3	21	6.0	1.0	5	[003002, 003000, 003001, 003004, 003003]
4	3	21	34.0	4.0	3	[003002, 003000, 003003]
4	3	21	6.0	1.0	4	[003002, 003000, 003004, 003003]
4	3	21	36.0	2.0	4	[003002, 003000, 003005, 003003]
4	3	21	76.0	5.0	2	[003002, 003003]
4	3	21	6.0	1.0	6	[003002, 003005, 003000, 003001, 003004, 003003]
4	3	21	33.0	2.0	4	[003002, 003005, 003000, 003003]
4	3	21	6.0	1.0	5	[003002, 003005, 003000, 003004, 003003]
4	3	21	33.0	3.0	3	[003002, 003005, 003003]
5	3	10	21.0	2.0	3	[003004, 003000, 003001]
5	3	10	19.0	1.0	2	[003004, 003001]
5	3	10	6.0	1.0	4	[003004, 003003, 003000, 003001]
5	3	10	6.0	1.0	5	[003004, 003003, 003002, 003000, 003001]
5	3	10	6.0	1.0	6	[003004, 003003, 003002, 003005, 003000, 003001]
5	3	10	6.0	1.0	5	[003004, 003003, 003005, 003000, 003001]
5	3	10	6.0	1.0	6	[003004, 003003, 003005, 003002, 003000, 003001]
5	3	18	21.0	2.0	2	[003004, 003000]
5	3	18	19.0	1.0	3	[003004, 003001, 003000]
5	3	18	6.0	1.0	3	[003004, 003003, 003000]
5	3	18	6.0	1.0	4	[003004, 003003, 003002, 003000]
5	3	18	6.0	1.0	5	[003004, 003003, 003002, 003005, 003000]
5	3	18	6.0	1.0	4	[003004, 003003, 003005, 003000]
5	3	18	6.0	1.0	5	[003004, 003003, 003005, 003002, 003000]
5	3	21	21.0	2.0	4	[003004, 003000, 003002, 003003]
5	3	21	21.0	2.0	5	[003004, 003000, 003002, 003005, 003003]
5	3	21	21.0	2.0	3	[003004, 003000, 003003]
5	3	21	21.0	2.0	5	[003004, 003000, 003005, 003002, 003003]
5	3	21	21.0	2.0	4	[003004, 003000, 003005, 003003]
5	3	21	19.0	1.0	5	[003004, 003001, 003000, 003002, 003003]
5	3	21	19.0	1.0	6	[003004, 003001, 003000, 003002, 003005, 003003]
5	3	21	19.0	1.0	4	[003004, 003001, 003000, 003003]
5	3	21	19.0	1.0	6	[003004, 003001, 003000, 003005, 003002, 003003]
5	3	21	19.0	1.0	5	[003004, 003001, 003000, 003005, 003003]
5	3	21	6.0	1.0	2	[003004, 003003]
10	3	18	51.0	5.0	2	[003001, 003000]
10	3	18	19.0	1.0	3	[003001, 003004, 003000]
10	3	18	6.0	1.0	4	[003001, 003004, 003003, 003000]
10	3	18	6.0	1.0	5	[003001, 003004, 003003, 003002, 003000]
10	3	18	6.0	1.0	6	[003001, 003004, 003003, 003002, 003005, 003000]
10	3	18	6.0	1.0	5	[003001, 003004, 003003, 003005, 003000]
10	3	18	6.0	1.0	6	[003001, 003004, 003003, 003005, 003002, 003000]
10	3	21	36.0	5.0	4	[003001, 003000, 003002, 003003]
10	3	21	33.0	3.0	5	[003001, 003000, 003002, 003005, 003003]
10	3	21	34.0	4.0	3	[003001, 003000, 003003]
10	3	21	6.0	1.0	4	[003001, 003000, 003004, 003003]
10	3	21	33.0	2.0	5	[003001, 003000, 003005, 003002, 003003]
10	3	21	51.0	2.0	4	[003001, 003000, 003005, 003003]
10	3	21	19.0	1.0	5	[003001, 003004, 003000, 003002, 003003]
10	3	21	19.0	1.0	6	[003001, 003004, 003000, 003002, 003005, 003003]
10	3	21	19.0	1.0	4	[003001, 003004, 003000, 003003]
10	3	21	19.0	1.0	6	[003001, 003004, 003000, 003005, 003002, 003003]
10	3	21	19.0	1.0	5	[003001, 003004, 003000, 003005, 003003]
10	3	21	6.0	1.0	3	[003001, 003004, 003003]
18	3	21	6.0	1.0	4	[003000, 003001, 003004, 003003]
18	3	21	36.0	5.0	3	[003000, 003002, 003003]
18	3	21	33.0	3.0	4	[003000, 003002, 003005, 003003]
18	3	21	34.0	4.0	2	[003000, 003003]
18	3	21	6.0	1.0	3	[003000, 003004, 003003]
18	3	21	33.0	2.0	4	[003000, 003005, 003002, 003003]
18	3	21	66.0	2.0	3	[003000, 003005, 003003]
1	4	3	25.0	1.0	4	[004000, 004001, 004002, 004004]
1	4	3	13.0	5.0	4	[004000, 004001, 004003, 004004]
1	4	3	65.0	2.0	3	[004000, 004001, 004004]
1	4	3	13.0	1.0	5	[004000, 004002, 004001, 004003, 004004]
1	4	3	24.0	1.0	4	[004000, 004002, 004001, 004004]
1	4	3	24.0	1.0	3	[004000, 004002, 004004]
1	4	3	57.0	3.0	3	[004000, 004005, 004004]
0	5	3	8.0	2.0	4	[005004, 005000, 005003, 005001]
0	5	3	8.0	1.0	6	[005004, 005000, 005003, 005005, 005002, 005001]
0	5	3	8.0	1.0	5	[005004, 005000, 005005, 005002, 005001]
0	5	3	8.0	2.0	5	[005004, 005000, 005005, 005003, 005001]
0	5	3	15.0	2.0	2	[005004, 005001]
0	5	3	10.0	2.0	5	[005004, 005005, 005000, 005003, 005001]
0	5	3	53.0	1.0	4	[005004, 005005, 005002, 005001]
0	5	3	10.0	2.0	4	[005004, 005005, 005003, 005001]
0	5	22	8.0	3.0	2	[005004, 005000]
0	5	22	15.0	1.0	5	[005004, 005001, 005002, 005005, 005000]
0	5	22	15.0	1.0	6	[005004, 005001, 005002, 005005, 005003, 005000]
0	5	22	10.0	2.0	4	[005004, 005001, 005003, 005000]
0	5	22	10.0	2.0	5	[005004, 005001, 005003, 005005, 005000]
0	5	22	53.0	2.0	3	[005004, 005005, 005000]
0	5	22	10.0	1.0	6	[005004, 005005, 005002, 005001, 005003, 005000]
0	5	22	53.0	2.0	4	[005004, 005005, 005003, 005000]
3	5	22	65.0	1.0	4	[005001, 005002, 005005, 005000]
3	5	22	71.0	1.0	5	[005001, 005002, 005005, 005003, 005000]
3	5	22	8.0	1.0	5	[005001, 005002, 005005, 005004, 005000]
3	5	22	10.0	2.0	3	[005001, 005003, 005000]
3	5	22	10.0	2.0	4	[005001, 005003, 005005, 005000]
3	5	22	8.0	2.0	5	[005001, 005003, 005005, 005004, 005000]
3	5	22	8.0	2.0	3	[005001, 005004, 005000]
3	5	22	15.0	2.0	4	[005001, 005004, 005005, 005000]
3	5	22	15.0	2.0	5	[005001, 005004, 005005, 005003, 005000]
7	6	13	8.0	2.0	4	[006000, 006001, 006002, 006003]
7	6	13	8.0	2.0	6	[006000, 006001, 006002, 006004, 006005, 006003]
7	6	13	8.0	4.0	3	[006000, 006001, 006003]
7	6	13	38.0	2.0	4	[006000, 006002, 006001, 006003]
7	6	13	38.0	3.0	3	[006000, 006002, 006003]
7	6	13	10.0	3.0	5	[006000, 006002, 006004, 006005, 006003]
7	6	13	96.0	2.0	2	[006000, 006003]
7	6	13	51.0	2.0	5	[006000, 006004, 006002, 006001, 006003]
7	6	13	51.0	3.0	4	[006000, 006004, 006002, 006003]
7	6	13	10.0	3.0	4	[006000, 006004, 006005, 006003]
6	7	18	22.0	1.0	2	[007000, 007001]
6	7	18	58.0	2.0	4	[007000, 007002, 007003, 007001]
6	7	18	10.0	1.0	5	[007000, 007002, 007003, 007004, 007001]
6	7	18	8.0	1.0	6	[007000, 007002, 007003, 007004, 007005, 007001]
6	7	18	71.0	1.0	4	[007000, 007002, 007005, 007001]
6	7	18	8.0	1.0	5	[007000, 007002, 007005, 007004, 007001]
6	7	18	8.0	2.0	6	[007000, 007002, 007005, 007004, 007003, 007001]
6	7	18	30.0	1.0	3	[007000, 007003, 007001]
6	7	18	30.0	1.0	5	[007000, 007003, 007002, 007005, 007001]
6	7	18	8.0	1.0	6	[007000, 007003, 007002, 007005, 007004, 007001]
6	7	18	10.0	1.0	4	[007000, 007003, 007004, 007001]
6	7	18	8.0	1.0	5	[007000, 007003, 007004, 007005, 007001]
6	7	18	10.0	1.0	3	[007000, 007004, 007001]
6	7	18	19.0	3.0	4	[007000, 007004, 007003, 007001]
6	7	18	19.0	1.0	6	[007000, 007004, 007003, 007002, 007005, 007001]
6	7	18	8.0	1.0	4	[007000, 007004, 007005, 007001]
6	7	18	8.0	2.0	6	[007000, 007004, 007005, 007002, 007003, 007001]
6	7	18	44.0	1.0	3	[007000, 007005, 007001]
6	7	18	44.0	2.0	5	[007000, 007005, 007002, 007003, 007001]
6	7	18	10.0	1.0	6	[007000, 007005, 007002, 007003, 007004, 007001]
6	7	18	8.0	1.0	4	[007000, 007005, 007004, 007001]
6	7	18	8.0	2.0	5	[007000, 007005, 007004, 007003, 007001]
16	8	22	90.0	5.0	2	[008000, 008001]
16	8	22	16.0	1.0	5	[008000, 008002, 008003, 008004, 008001]
16	8	22	30.0	1.0	5	[008000, 008002, 008003, 008005, 008001]
16	8	22	16.0	1.0	4	[008000, 008003, 008004, 008001]
16	8	22	42.0	1.0	4	[008000, 008003, 008005, 008001]
16	8	22	90.0	3.0	3	[008000, 008004, 008001]
16	8	22	16.0	1.0	5	[008000, 008004, 008003, 008005, 008001]
16	8	22	62.0	3.0	3	[008000, 008005, 008001]
16	8	22	16.0	1.0	5	[008000, 008005, 008003, 008004, 008001]
17	9	18	25.0	2.0	5	[009004, 009000, 009002, 009001, 009003]
17	9	18	20.0	1.0	6	[009004, 009000, 009002, 009001, 009005, 009003]
17	9	18	27.0	2.0	4	[009004, 009000, 009002, 009003]
17	9	18	20.0	1.0	6	[009004, 009000, 009002, 009005, 009001, 009003]
17	9	18	20.0	1.0	5	[009004, 009000, 009002, 009005, 009003]
17	9	18	20.0	1.0	6	[009004, 009000, 009005, 009001, 009002, 009003]
17	9	18	20.0	1.0	5	[009004, 009000, 009005, 009001, 009003]
17	9	18	25.0	1.0	6	[009004, 009000, 009005, 009002, 009001, 009003]
17	9	18	27.0	1.0	5	[009004, 009000, 009005, 009002, 009003]
17	9	18	20.0	2.0	4	[009004, 009000, 009005, 009003]
17	9	18	20.0	1.0	6	[009004, 009002, 009000, 009005, 009001, 009003]
17	9	18	20.0	2.0	5	[009004, 009002, 009000, 009005, 009003]
17	9	18	25.0	2.0	4	[009004, 009002, 009001, 009003]
17	9	18	20.0	1.0	5	[009004, 009002, 009001, 009005, 009003]
17	9	18	27.0	4.0	3	[009004, 009002, 009003]
17	9	18	20.0	1.0	5	[009004, 009002, 009005, 009001, 009003]
17	9	18	20.0	1.0	4	[009004, 009002, 009005, 009003]
17	9	18	75.0	5.0	2	[009004, 009003]
3	10	15	26.0	3.0	3	[010002, 010004, 010000]
3	10	15	26.0	3.0	4	[010002, 010004, 010003, 010000]
3	10	15	37.0	2.0	5	[010002, 010005, 010001, 010003, 010000]
3	10	15	37.0	2.0	6	[010002, 010005, 010001, 010003, 010004, 010000]
3	10	15	41.0	2.0	4	[010002, 010005, 010003, 010000]
3	10	15	58.0	2.0	5	[010002, 010005, 010003, 010004, 010000]
3	10	16	26.0	3.0	4	[010002, 010004, 010000, 010003]
3	10	16	26.0	3.0	3	[010002, 010004, 010003]
3	10	16	37.0	2.0	4	[010002, 010005, 010001, 010003]
3	10	16	80.0	2.0	3	[010002, 010005, 010003]
15	10	16	41.0	5.0	2	[010000, 010003]
15	10	16	26.0	2.0	6	[010000, 010004, 010002, 010005, 010001, 010003]
15	10	16	26.0	2.0	5	[010000, 010004, 010002, 010005, 010003]
15	10	16	58.0	3.0	3	[010000, 010004, 010003]
18	11	20	42.0	1.0	4	[011005, 011000, 011001, 011003]
18	11	20	6.0	2.0	5	[011005, 011000, 011004, 011002, 011003]
18	11	20	84.0	2.0	4	[011005, 011000, 011004, 011003]
18	11	20	91.0	5.0	2	[011005, 011003]
18	11	20	42.0	1.0	5	[011005, 011004, 011000, 011001, 011003]
18	11	20	6.0	2.0	4	[011005, 011004, 011002, 011003]
18	11	20	84.0	4.0	3	[011005, 011004, 011003]
18	11	23	88.0	3.0	2	[011005, 011000]
18	11	23	42.0	1.0	4	[011005, 011003, 011001, 011000]
18	11	23	6.0	2.0	5	[011005, 011003, 011002, 011004, 011000]
18	11	23	84.0	2.0	4	[011005, 011003, 011004, 011000]
18	11	23	86.0	2.0	3	[011005, 011004, 011000]
18	11	23	6.0	1.0	6	[011005, 011004, 011002, 011003, 011001, 011000]
18	11	23	42.0	1.0	5	[011005, 011004, 011003, 011001, 011000]
20	11	23	42.0	1.0	3	[011003, 011001, 011000]
20	11	23	6.0	2.0	4	[011003, 011002, 011004, 011000]
20	11	23	6.0	2.0	5	[011003, 011002, 011004, 011005, 011000]
20	11	23	84.0	2.0	3	[011003, 011004, 011000]
20	11	23	84.0	3.0	4	[011003, 011004, 011005, 011000]
20	11	23	88.0	3.0	3	[011003, 011005, 011000]
20	11	23	86.0	2.0	4	[011003, 011005, 011004, 011000]
15	12	19	23.0	2.0	6	[012002, 012000, 012001, 012003, 012004, 012005]
15	12	19	42.0	2.0	5	[012002, 012000, 012001, 012003, 012005]
15	12	19	52.0	3.0	3	[012002, 012000, 012005]
15	12	19	42.0	1.0	5	[012002, 012003, 012001, 012000, 012005]
15	12	19	23.0	1.0	4	[012002, 012003, 012004, 012005]
15	12	19	42.0	1.0	3	[012002, 012003, 012005]
15	12	19	23.0	2.0	6	[012002, 012004, 012003, 012001, 012000, 012005]
15	12	19	23.0	2.0	4	[012002, 012004, 012003, 012005]
15	12	19	45.0	2.0	3	[012002, 012004, 012005]
15	12	21	42.0	2.0	4	[012002, 012000, 012001, 012003]
15	12	21	42.0	3.0	4	[012002, 012000, 012005, 012003]
15	12	21	23.0	3.0	5	[012002, 012000, 012005, 012004, 012003]
15	12	21	94.0	1.0	2	[012002, 012003]
15	12	21	23.0	2.0	3	[012002, 012004, 012003]
15	12	21	42.0	2.0	6	[012002, 012004, 012005, 012000, 012001, 012003]
15	12	21	42.0	2.0	4	[012002, 012004, 012005, 012003]
15	12	23	52.0	3.0	2	[012002, 012000]
15	12	23	42.0	1.0	4	[012002, 012003, 012001, 012000]
15	12	23	23.0	1.0	5	[012002, 012003, 012004, 012005, 012000]
15	12	23	42.0	1.0	4	[012002, 012003, 012005, 012000]
15	12	23	23.0	2.0	5	[012002, 012004, 012003, 012001, 012000]
15	12	23	23.0	2.0	5	[012002, 012004, 012003, 012005, 012000]
15	12	23	45.0	2.0	4	[012002, 012004, 012005, 012000]
15	12	23	42.0	2.0	6	[012002, 012004, 012005, 012003, 012001, 012000]
19	12	21	42.0	2.0	4	[012005, 012000, 012001, 012003]
19	12	21	52.0	1.0	4	[012005, 012000, 012002, 012003]
19	12	21	23.0	2.0	5	[012005, 012000, 012002, 012004, 012003]
19	12	21	42.0	3.0	2	[012005, 012003]
19	12	21	42.0	2.0	6	[012005, 012004, 012002, 012000, 012001, 012003]
19	12	21	45.0	1.0	4	[012005, 012004, 012002, 012003]
19	12	21	23.0	3.0	3	[012005, 012004, 012003]
19	12	23	68.0	4.0	2	[012005, 012000]
19	12	23	42.0	2.0	4	[012005, 012003, 012001, 012000]
19	12	23	42.0	1.0	4	[012005, 012003, 012002, 012000]
19	12	23	23.0	2.0	5	[012005, 012003, 012004, 012002, 012000]
19	12	23	45.0	2.0	4	[012005, 012004, 012002, 012000]
19	12	23	42.0	1.0	6	[012005, 012004, 012002, 012003, 012001, 012000]
19	12	23	23.0	2.0	5	[012005, 012004, 012003, 012001, 012000]
19	12	23	23.0	1.0	5	[012005, 012004, 012003, 012002, 012000]
21	12	23	42.0	2.0	3	[012003, 012001, 012000]
21	12	23	52.0	1.0	3	[012003, 012002, 012000]
21	12	23	45.0	1.0	5	[012003, 012002, 012004, 012005, 012000]
21	12	23	23.0	2.0	4	[012003, 012004, 012002, 012000]
21	12	23	23.0	3.0	4	[012003, 012004, 012005, 012000]
21	12	23	42.0	3.0	3	[012003, 012005, 012000]
21	12	23	42.0	2.0	5	[012003, 012005, 012004, 012002, 012000]
6	13	20	45.0	4.0	3	[013004, 013000, 013001]
6	13	20	29.0	1.0	4	[013004, 013000, 013002, 013001]
6	13	20	34.0	1.0	5	[013004, 013000, 013002, 013003, 013001]
6	13	20	15.0	1.0	5	[013004, 013000, 013005, 013002, 013001]
6	13	20	15.0	3.0	6	[013004, 013000, 013005, 013002, 013003, 013001]
6	13	20	24.0	1.0	4	[013004, 013002, 013000, 013001]
6	13	20	24.0	1.0	3	[013004, 013002, 013001]
6	13	20	24.0	3.0	4	[013004, 013002, 013003, 013001]
6	13	20	15.0	3.0	5	[013004, 013002, 013005, 013000, 013001]
6	13	20	34.0	1.0	3	[013004, 013003, 013001]
6	13	20	48.0	1.0	5	[013004, 013003, 013002, 013000, 013001]
6	13	20	29.0	1.0	4	[013004, 013003, 013002, 013001]
6	13	20	15.0	1.0	6	[013004, 013003, 013002, 013005, 013000, 013001]
6	13	20	56.0	2.0	4	[013004, 013005, 013000, 013001]
6	13	20	29.0	1.0	5	[013004, 013005, 013000, 013002, 013001]
6	13	20	34.0	1.0	6	[013004, 013005, 013000, 013002, 013003, 013001]
6	13	20	15.0	1.0	5	[013004, 013005, 013002, 013000, 013001]
6	13	20	15.0	1.0	4	[013004, 013005, 013002, 013001]
6	13	20	15.0	2.0	5	[013004, 013005, 013002, 013003, 013001]
16	14	19	29.0	2.0	5	[014005, 014001, 014000, 014002, 014003]
16	14	19	29.0	2.0	4	[014005, 014001, 014000, 014003]
16	14	19	29.0	2.0	5	[014005, 014001, 014002, 014000, 014003]
16	14	19	29.0	3.0	4	[014005, 014001, 014002, 014003]
16	14	19	29.0	2.0	3	[014005, 014001, 014003]
16	14	19	31.0	2.0	5	[014005, 014002, 014000, 014001, 014003]
16	14	19	31.0	2.0	4	[014005, 014002, 014000, 014003]
16	14	19	31.0	2.0	5	[014005, 014002, 014001, 014000, 014003]
16	14	19	31.0	2.0	4	[014005, 014002, 014001, 014003]
16	14	19	31.0	2.0	3	[014005, 014002, 014003]
16	14	19	16.0	2.0	6	[014005, 014004, 014002, 014000, 014001, 014003]
16	14	19	16.0	2.0	5	[014005, 014004, 014002, 014000, 014003]
16	14	19	16.0	2.0	6	[014005, 014004, 014002, 014001, 014000, 014003]
16	14	19	16.0	2.0	5	[014005, 014004, 014002, 014001, 014003]
16	14	19	16.0	3.0	4	[014005, 014004, 014002, 014003]
16	14	22	29.0	2.0	5	[014005, 014001, 014000, 014002, 014004]
16	14	22	29.0	2.0	6	[014005, 014001, 014000, 014003, 014002, 014004]
16	14	22	29.0	3.0	4	[014005, 014001, 014002, 014004]
16	14	22	29.0	2.0	6	[014005, 014001, 014003, 014000, 014002, 014004]
16	14	22	29.0	2.0	5	[014005, 014001, 014003, 014002, 014004]
16	14	22	31.0	2.0	3	[014005, 014002, 014004]
16	14	22	16.0	4.0	2	[014005, 014004]
19	14	22	31.0	2.0	5	[014003, 014000, 014001, 014002, 014004]
19	14	22	16.0	2.0	6	[014003, 014000, 014001, 014002, 014005, 014004]
19	14	22	29.0	2.0	6	[014003, 014000, 014001, 014005, 014002, 014004]
19	14	22	16.0	2.0	5	[014003, 014000, 014001, 014005, 014004]
19	14	22	16.0	2.0	6	[014003, 014000, 014002, 014001, 014005, 014004]
19	14	22	62.0	2.0	4	[014003, 014000, 014002, 014004]
19	14	22	16.0	2.0	5	[014003, 014000, 014002, 014005, 014004]
19	14	22	31.0	2.0	5	[014003, 014001, 014000, 014002, 014004]
19	14	22	16.0	2.0	6	[014003, 014001, 014000, 014002, 014005, 014004]
19	14	22	62.0	2.0	4	[014003, 014001, 014002, 014004]
19	14	22	16.0	2.0	5	[014003, 014001, 014002, 014005, 014004]
19	14	22	29.0	2.0	5	[014003, 014001, 014005, 014002, 014004]
19	14	22	16.0	2.0	4	[014003, 014001, 014005, 014004]
19	14	22	16.0	2.0	6	[014003, 014002, 014000, 014001, 014005, 014004]
19	14	22	16.0	3.0	5	[014003, 014002, 014001, 014005, 014004]
19	14	22	62.0	3.0	3	[014003, 014002, 014004]
19	14	22	16.0	2.0	4	[014003, 014002, 014005, 014004]
2	15	10	32.0	1.0	3	[015005, 015001, 015000]
2	15	10	23.0	1.0	6	[015005, 015001, 015003, 015002, 015004, 015000]
2	15	10	32.0	1.0	5	[015005, 015001, 015003, 015004, 015000]
2	15	10	10.0	1.0	4	[015005, 015001, 015004, 015000]
2	15	10	23.0	1.0	5	[015005, 015002, 015003, 015001, 015000]
2	15	10	10.0	1.0	6	[015005, 015002, 015003, 015001, 015004, 015000]
2	15	10	23.0	1.0	5	[015005, 015002, 015003, 015004, 015000]
2	15	10	10.0	1.0	6	[015005, 015002, 015003, 015004, 015001, 015000]
2	15	10	37.0	1.0	4	[015005, 015002, 015004, 015000]
2	15	10	10.0	1.0	5	[015005, 015002, 015004, 015001, 015000]
2	15	10	34.0	1.0	6	[015005, 015002, 015004, 015003, 015001, 015000]
2	15	10	12.0	1.0	3	[015005, 015004, 015000]
2	15	10	10.0	1.0	4	[015005, 015004, 015001, 015000]
2	15	10	12.0	1.0	6	[015005, 015004, 015002, 015003, 015001, 015000]
2	15	10	12.0	1.0	5	[015005, 015004, 015003, 015001, 015000]
2	15	12	32.0	1.0	2	[015005, 015001]
2	15	12	23.0	1.0	4	[015005, 015002, 015003, 015001]
2	15	12	23.0	1.0	6	[015005, 015002, 015003, 015004, 015000, 015001]
2	15	12	10.0	1.0	5	[015005, 015002, 015003, 015004, 015001]
2	15	12	34.0	1.0	5	[015005, 015002, 015004, 015000, 015001]
2	15	12	10.0	1.0	4	[015005, 015002, 015004, 015001]
2	15	12	35.0	1.0	5	[015005, 015002, 015004, 015003, 015001]
2	15	12	12.0	1.0	4	[015005, 015004, 015000, 015001]
2	15	12	10.0	1.0	3	[015005, 015004, 015001]
2	15	12	12.0	1.0	5	[015005, 015004, 015002, 015003, 015001]
2	15	12	12.0	1.0	4	[015005, 015004, 015003, 015001]
10	15	12	34.0	1.0	2	[015000, 015001]
10	15	12	10.0	1.0	3	[015000, 015004, 015001]
10	15	12	23.0	1.0	5	[015000, 015004, 015002, 015003, 015001]
10	15	12	32.0	1.0	5	[015000, 015004, 015002, 015005, 015001]
10	15	12	35.0	1.0	4	[015000, 015004, 015003, 015001]
10	15	12	23.0	1.0	6	[015000, 015004, 015003, 015002, 015005, 015001]
10	15	12	12.0	1.0	4	[015000, 015004, 015005, 015001]
10	15	12	12.0	1.0	6	[015000, 015004, 015005, 015002, 015003, 015001]
1	16	8	42.0	5.0	2	[016002, 016000]
1	16	8	52.0	3.0	3	[016002, 016005, 016000]
1	16	8	21.0	5.0	4	[016002, 016005, 016003, 016000]
1	16	8	33.0	1.0	5	[016002, 016005, 016003, 016001, 016000]
1	16	8	21.0	1.0	5	[016002, 016005, 016004, 016003, 016000]
1	16	8	33.0	1.0	6	[016002, 016005, 016004, 016003, 016001, 016000]
1	16	10	33.0	1.0	4	[016002, 016000, 016001, 016003]
1	16	10	21.0	5.0	3	[016002, 016000, 016003]
1	16	10	42.0	3.0	4	[016002, 016000, 016005, 016003]
1	16	10	42.0	1.0	5	[016002, 016000, 016005, 016004, 016003]
1	16	10	33.0	1.0	5	[016002, 016005, 016000, 016001, 016003]
1	16	10	21.0	3.0	4	[016002, 016005, 016000, 016003]
1	16	10	67.0	5.0	3	[016002, 016005, 016003]
1	16	10	55.0	1.0	4	[016002, 016005, 016004, 016003]
1	16	14	42.0	1.0	3	[016002, 016000, 016001]
1	16	14	21.0	4.0	4	[016002, 016000, 016003, 016001]
1	16	14	33.0	3.0	5	[016002, 016000, 016005, 016003, 016001]
1	16	14	33.0	1.0	6	[016002, 016000, 016005, 016004, 016003, 016001]
1	16	14	52.0	1.0	4	[016002, 016005, 016000, 016001]
1	16	14	21.0	3.0	5	[016002, 016005, 016000, 016003, 016001]
1	16	14	21.0	1.0	5	[016002, 016005, 016003, 016000, 016001]
1	16	14	33.0	4.0	4	[016002, 016005, 016003, 016001]
1	16	14	21.0	1.0	6	[016002, 016005, 016004, 016003, 016000, 016001]
1	16	14	33.0	1.0	5	[016002, 016005, 016004, 016003, 016001]
8	16	10	33.0	1.0	3	[016000, 016001, 016003]
8	16	10	42.0	5.0	4	[016000, 016002, 016005, 016003]
8	16	10	42.0	1.0	5	[016000, 016002, 016005, 016004, 016003]
8	16	10	21.0	5.0	2	[016000, 016003]
8	16	10	52.0	3.0	3	[016000, 016005, 016003]
8	16	10	52.0	1.0	4	[016000, 016005, 016004, 016003]
8	16	14	74.0	1.0	2	[016000, 016001]
8	16	14	33.0	4.0	5	[016000, 016002, 016005, 016003, 016001]
8	16	14	33.0	1.0	6	[016000, 016002, 016005, 016004, 016003, 016001]
8	16	14	21.0	4.0	3	[016000, 016003, 016001]
8	16	14	33.0	3.0	4	[016000, 016005, 016003, 016001]
8	16	14	33.0	1.0	5	[016000, 016005, 016004, 016003, 016001]
10	16	14	21.0	1.0	3	[016003, 016000, 016001]
10	16	14	33.0	4.0	2	[016003, 016001]
10	16	14	52.0	1.0	5	[016003, 016004, 016005, 016000, 016001]
10	16	14	42.0	1.0	6	[016003, 016004, 016005, 016002, 016000, 016001]
10	16	14	52.0	1.0	4	[016003, 016005, 016000, 016001]
10	16	14	42.0	1.0	5	[016003, 016005, 016002, 016000, 016001]
2	17	9	41.0	1.0	5	[017003, 017001, 017000, 017004, 017005]
2	17	9	26.0	1.0	4	[017003, 017001, 017000, 017005]
2	17	9	26.0	1.0	6	[017003, 017001, 017002, 017004, 017000, 017005]
2	17	9	41.0	1.0	5	[017003, 017001, 017002, 017004, 017005]
2	17	9	10.0	1.0	5	[017003, 017001, 017004, 017000, 017005]
2	17	9	10.0	1.0	4	[017003, 017001, 017004, 017005]
2	17	9	24.0	1.0	3	[017003, 017001, 017005]
2	17	9	51.0	1.0	6	[017003, 017002, 017001, 017000, 017004, 017005]
2	17	9	26.0	1.0	5	[017003, 017002, 017001, 017000, 017005]
2	17	9	10.0	1.0	6	[017003, 017002, 017001, 017004, 017000, 017005]
2	17	9	10.0	1.0	5	[017003, 017002, 017001, 017004, 017005]
2	17	9	24.0	1.0	4	[017003, 017002, 017001, 017005]
2	17	9	24.0	1.0	6	[017003, 017002, 017004, 017000, 017001, 017005]
2	17	9	26.0	1.0	5	[017003, 017002, 017004, 017000, 017005]
2	17	9	10.0	1.0	6	[017003, 017002, 017004, 017001, 017000, 017005]
2	17	9	10.0	1.0	5	[017003, 017002, 017004, 017001, 017005]
2	17	9	51.0	1.0	4	[017003, 017002, 017004, 017005]
2	17	9	34.0	5.0	2	[017003, 017005]
3	18	7	9.0	1.0	5	[018002, 018000, 018001, 018005, 018003]
3	18	7	5.0	1.0	4	[018002, 018000, 018004, 018003]
3	18	7	79.0	1.0	4	[018002, 018000, 018005, 018003]
3	18	7	6.0	3.0	2	[018002, 018003]
3	18	7	5.0	1.0	6	[018002, 018004, 018000, 018001, 018005, 018003]
3	18	7	5.0	1.0	5	[018002, 018004, 018000, 018005, 018003]
3	18	7	5.0	4.0	3	[018002, 018004, 018003]
3	18	9	5.0	1.0	6	[018002, 018000, 018001, 018005, 018003, 018004]
3	18	9	5.0	1.0	3	[018002, 018000, 018004]
3	18	9	5.0	1.0	5	[018002, 018000, 018005, 018003, 018004]
3	18	9	5.0	3.0	3	[018002, 018003, 018004]
3	18	9	5.0	1.0	5	[018002, 018003, 018005, 018000, 018004]
3	18	9	5.0	1.0	6	[018002, 018003, 018005, 018001, 018000, 018004]
3	18	9	7.0	5.0	2	[018002, 018004]
3	18	11	9.0	1.0	4	[018002, 018000, 018001, 018005]
3	18	11	5.0	1.0	5	[018002, 018000, 018004, 018003, 018005]
3	18	11	79.0	1.0	3	[018002, 018000, 018005]
3	18	11	5.0	1.0	6	[018002, 018003, 018004, 018000, 018001, 018005]
3	18	11	5.0	2.0	5	[018002, 018003, 018004, 018000, 018005]
3	18	11	6.0	1.0	3	[018002, 018003, 018005]
3	18	11	5.0	1.0	5	[018002, 018004, 018000, 018001, 018005]
3	18	11	5.0	2.0	4	[018002, 018004, 018000, 018005]
3	18	11	5.0	1.0	4	[018002, 018004, 018003, 018005]
7	18	9	5.0	1.0	4	[018003, 018002, 018000, 018004]
7	18	9	6.0	3.0	3	[018003, 018002, 018004]
7	18	9	5.0	4.0	2	[018003, 018004]
7	18	9	7.0	1.0	5	[018003, 018005, 018000, 018002, 018004]
7	18	9	5.0	1.0	4	[018003, 018005, 018000, 018004]
7	18	9	7.0	1.0	6	[018003, 018005, 018001, 018000, 018002, 018004]
7	18	9	5.0	1.0	5	[018003, 018005, 018001, 018000, 018004]
7	18	11	6.0	1.0	5	[018003, 018002, 018000, 018001, 018005]
7	18	11	6.0	1.0	4	[018003, 018002, 018000, 018005]
7	18	11	5.0	1.0	6	[018003, 018002, 018004, 018000, 018001, 018005]
7	18	11	5.0	2.0	5	[018003, 018002, 018004, 018000, 018005]
7	18	11	5.0	1.0	5	[018003, 018004, 018000, 018001, 018005]
7	18	11	5.0	2.0	4	[018003, 018004, 018000, 018005]
7	18	11	5.0	1.0	6	[018003, 018004, 018002, 018000, 018001, 018005]
7	18	11	5.0	1.0	5	[018003, 018004, 018002, 018000, 018005]
7	18	11	90.0	1.0	2	[018003, 018005]
9	18	11	5.0	1.0	4	[018004, 018000, 018001, 018005]
9	18	11	5.0	1.0	5	[018004, 018000, 018002, 018003, 018005]
9	18	11	5.0	2.0	3	[018004, 018000, 018005]
9	18	11	7.0	1.0	5	[018004, 018002, 018000, 018001, 018005]
9	18	11	7.0	1.0	4	[018004, 018002, 018000, 018005]
9	18	11	6.0	1.0	4	[018004, 018002, 018003, 018005]
9	18	11	5.0	1.0	6	[018004, 018003, 018002, 018000, 018001, 018005]
9	18	11	5.0	1.0	5	[018004, 018003, 018002, 018000, 018005]
9	18	11	5.0	1.0	3	[018004, 018003, 018005]
12	19	14	21.0	1.0	5	[019002, 019000, 019001, 019003, 019005]
12	19	14	16.0	1.0	5	[019002, 019000, 019001, 019004, 019005]
12	19	14	21.0	1.0	4	[019002, 019000, 019001, 019005]
12	19	14	16.0	1.0	6	[019002, 019000, 019003, 019001, 019004, 019005]
12	19	14	23.0	1.0	5	[019002, 019000, 019003, 019001, 019005]
12	19	14	63.0	1.0	4	[019002, 019000, 019003, 019005]
12	19	14	16.0	1.0	6	[019002, 019000, 019004, 019001, 019003, 019005]
12	19	14	16.0	1.0	5	[019002, 019000, 019004, 019001, 019005]
12	19	14	51.0	2.0	4	[019002, 019000, 019004, 019005]
12	19	14	86.0	3.0	3	[019002, 019000, 019005]
12	19	14	21.0	1.0	5	[019002, 019001, 019000, 019003, 019005]
12	19	14	21.0	1.0	5	[019002, 019001, 019000, 019004, 019005]
12	19	14	21.0	1.0	4	[019002, 019001, 019000, 019005]
12	19	14	23.0	1.0	6	[019002, 019001, 019003, 019000, 019004, 019005]
12	19	14	23.0	1.0	5	[019002, 019001, 019003, 019000, 019005]
12	19	14	23.0	1.0	4	[019002, 019001, 019003, 019005]
12	19	14	16.0	1.0	6	[019002, 019001, 019004, 019000, 019003, 019005]
12	19	14	16.0	2.0	5	[019002, 019001, 019004, 019000, 019005]
12	19	14	16.0	4.0	4	[019002, 019001, 019004, 019005]
12	19	14	27.0	1.0	3	[019002, 019001, 019005]
12	19	14	21.0	1.0	6	[019002, 019004, 019000, 019001, 019003, 019005]
12	19	14	21.0	1.0	5	[019002, 019004, 019000, 019001, 019005]
12	19	14	23.0	1.0	6	[019002, 019004, 019000, 019003, 019001, 019005]
12	19	14	59.0	1.0	5	[019002, 019004, 019000, 019003, 019005]
12	19	14	59.0	2.0	4	[019002, 019004, 019000, 019005]
12	19	14	16.0	1.0	6	[019002, 019004, 019001, 019000, 019003, 019005]
12	19	14	16.0	1.0	5	[019002, 019004, 019001, 019000, 019005]
12	19	14	16.0	1.0	6	[019002, 019004, 019001, 019003, 019000, 019005]
12	19	14	16.0	1.0	5	[019002, 019004, 019001, 019003, 019005]
12	19	14	16.0	1.0	4	[019002, 019004, 019001, 019005]
12	19	14	51.0	3.0	3	[019002, 019004, 019005]
12	19	14	51.0	2.0	2	[019002, 019005]
0	20	11	98.0	3.0	2	[020003, 020000]
0	20	11	27.0	1.0	4	[020003, 020005, 020001, 020000]
0	20	11	13.0	1.0	6	[020003, 020005, 020001, 020002, 020004, 020000]
0	20	11	27.0	1.0	4	[020003, 020005, 020004, 020000]
0	20	11	13.0	1.0	6	[020003, 020005, 020004, 020002, 020001, 020000]
0	20	13	13.0	2.0	5	[020003, 020000, 020001, 020002, 020004]
0	20	13	58.0	1.0	5	[020003, 020000, 020001, 020005, 020004]
0	20	13	52.0	3.0	3	[020003, 020000, 020004]
0	20	13	27.0	1.0	5	[020003, 020005, 020001, 020000, 020004]
0	20	13	13.0	1.0	5	[020003, 020005, 020001, 020002, 020004]
0	20	13	27.0	1.0	3	[020003, 020005, 020004]
11	20	13	13.0	2.0	4	[020000, 020001, 020002, 020004]
11	20	13	58.0	1.0	4	[020000, 020001, 020005, 020004]
11	20	13	13.0	1.0	6	[020000, 020003, 020005, 020001, 020002, 020004]
11	20	13	27.0	1.0	4	[020000, 020003, 020005, 020004]
11	20	13	52.0	4.0	2	[020000, 020004]
3	21	12	84.0	3.0	2	[021005, 021001]
3	21	12	9.0	1.0	4	[021005, 021002, 021003, 021001]
3	21	12	9.0	2.0	5	[021005, 021002, 021004, 021000, 021001]
3	21	12	9.0	2.0	4	[021005, 021002, 021004, 021001]
3	21	12	55.0	1.0	4	[021005, 021004, 021000, 021001]
3	21	12	39.0	1.0	3	[021005, 021004, 021001]
3	21	12	44.0	1.0	5	[021005, 021004, 021002, 021003, 021001]
5	22	8	15.0	2.0	6	[022003, 022002, 022000, 022001, 022005, 022004]
5	22	8	15.0	4.0	4	[022003, 022002, 022000, 022004]
5	22	8	15.0	1.0	5	[022003, 022002, 022000, 022005, 022004]
5	22	8	86.0	2.0	3	[022003, 022002, 022004]
5	22	8	86.0	4.0	2	[022003, 022004]
5	22	8	15.0	1.0	5	[022003, 022005, 022000, 022002, 022004]
5	22	8	48.0	1.0	4	[022003, 022005, 022000, 022004]
5	22	8	15.0	2.0	6	[022003, 022005, 022001, 022000, 022002, 022004]
5	22	8	31.0	4.0	5	[022003, 022005, 022001, 022000, 022004]
5	22	8	16.0	2.0	3	[022003, 022005, 022004]
5	22	14	15.0	4.0	5	[022003, 022002, 022000, 022001, 022005]
5	22	14	15.0	2.0	5	[022003, 022002, 022000, 022004, 022005]
5	22	14	15.0	1.0	4	[022003, 022002, 022000, 022005]
5	22	14	31.0	2.0	6	[022003, 022002, 022004, 022000, 022001, 022005]
5	22	14	48.0	1.0	5	[022003, 022002, 022004, 022000, 022005]
5	22	14	16.0	2.0	4	[022003, 022002, 022004, 022005]
5	22	14	31.0	4.0	5	[022003, 022004, 022000, 022001, 022005]
5	22	14	48.0	1.0	4	[022003, 022004, 022000, 022005]
5	22	14	15.0	2.0	6	[022003, 022004, 022002, 022000, 022001, 022005]
5	22	14	15.0	1.0	5	[022003, 022004, 022002, 022000, 022005]
5	22	14	16.0	2.0	3	[022003, 022004, 022005]
5	22	14	66.0	5.0	2	[022003, 022005]
8	22	14	31.0	4.0	4	[022004, 022000, 022001, 022005]
8	22	14	15.0	4.0	5	[022004, 022000, 022002, 022003, 022005]
8	22	14	48.0	1.0	3	[022004, 022000, 022005]
8	22	14	15.0	2.0	5	[022004, 022002, 022000, 022001, 022005]
8	22	14	15.0	1.0	4	[022004, 022002, 022000, 022005]
8	22	14	66.0	2.0	4	[022004, 022002, 022003, 022005]
8	22	14	15.0	4.0	6	[022004, 022003, 022002, 022000, 022001, 022005]
8	22	14	15.0	1.0	5	[022004, 022003, 022002, 022000, 022005]
8	22	14	66.0	4.0	3	[022004, 022003, 022005]
8	22	14	16.0	2.0	2	[022004, 022005]
11	23	12	16.0	2.0	3	[023000, 023002, 023005]
11	23	12	14.0	3.0	4	[023000, 023003, 023001, 023005]
11	23	12	7.0	3.0	4	[023000, 023003, 023004, 023005]
11	23	12	25.0	3.0	3	[023000, 023003, 023005]
11	23	12	15.0	1.0	2	[023000, 023005]
