Num of Nodes	BW	Num of Hops	Path	Execution Time (seconds)
5	1	18	[3, 2, 1, 8, 5, 9, 0, 11, 13]	0.03735184669494629
5	5	18	[3, 2, 1, 8, 5, 9, 0, 11, 13]	0.002798318862915039
5	10	18	[3, 2, 1, 8, 5, 9, 0, 11, 13]	0.00428318977355957
5	15	18	[3, 2, 1, 8, 5, 9, 0, 11, 13]	0.004266262054443359
5	20	35	[3, 2, 12, 11, 0, 9, 5, 8, 1, 2, 3, 6, 10, 4, 7]	0.0056455135345458984
5	25	19	[3, 2, 1, 8, 5, 9, 0, 11, 13]	0.005011558532714844
5	1	4	[0, 11, 13]	0.0010862350463867188
5	5	4	[0, 11, 13]	0.0009038448333740234
5	10	4	[0, 11, 13]	0.0013997554779052734
5	15	4	[0, 11, 13]	0.002427339553833008
5	20	4	[0, 11, 13]	0.0013191699981689453
5	25	4	[0, 11, 13]	0.0016255378723144531
5	1	7	[4, 7, 9, 5]	0.0032830238342285156
5	5	7	[4, 7, 9, 5]	0.003003835678100586
5	10	7	[4, 7, 9, 5]	0.016392946243286133
5	15	7	[4, 7, 9, 5]	0.013295173645019531
5	20	34	[4, 7, 9, 0, 11, 13, 0, 12, 2, 3, 6, 10, 4, 10, 4]	0.00713348388671875
5	25	7	[4, 7, 9, 5]	0.0025207996368408203
5	1	35	[10, 4, 7, 9, 5, 8, 1, 2, 3, 6, 10, 4, 10, 6, 10]	0.010774850845336914
5	5	35	[10, 4, 7, 9, 5, 8, 1, 2, 3, 6, 10, 6, 10, 4, 7]	0.005064487457275391
5	10	10	[10, 4, 7, 9, 0]	0.0017590522766113281
5	15	10	[10, 4, 7, 9, 0]	0.0026400089263916016
5	20	10	[10, 4, 7, 9, 0]	0.0018515586853027344
5	25	24	[10, 4, 7, 9, 5, 8, 1, 2, 12, 11, 0]	0.004942893981933594
5	1	17	[12, 2, 3, 6, 10, 4, 7, 9]	0.0031931400299072266
5	5	17	[12, 2, 3, 6, 10, 4, 7, 9]	0.0035333633422851562
5	10	17	[12, 2, 3, 6, 10, 4, 7, 9]	0.00392913818359375
5	15	18	[12, 2, 3, 6, 10, 4, 7, 9]	0.003470897674560547
5	20	18	[12, 2, 3, 6, 10, 4, 7, 9]	0.0032105445861816406
5	25	19	[12, 2, 3, 6, 10, 4, 7, 9]	0.006095409393310547
5	1	7	[12, 2, 3, 6]	0.0027222633361816406
5	5	7	[12, 2, 3, 6]	0.0016024112701416016
5	10	7	[12, 2, 3, 6]	0.0025675296783447266
5	15	8	[12, 2, 3, 6]	0.002263784408569336
5	20	8	[12, 2, 3, 6]	0.0017609596252441406
5	25	9	[12, 2, 3, 6]	0.0014185905456542969
5	1	31	[3, 2, 1, 8, 5, 9, 0, 11, 13, 11, 12, 11, 0, 9, 7]	0.006925106048583984
5	5	32	[3, 2, 1, 8, 5, 9, 0, 11, 13, 11, 12, 11, 12, 11, 0]	0.004498720169067383
5	10	30	[3, 2, 1, 8, 5, 9, 0, 11, 13, 0, 12, 0, 9, 7, 4]	0.008669614791870117
5	15	32	[3, 2, 1, 8, 5, 9, 0, 11, 13, 0, 12, 2, 3, 6, 10]	0.004334449768066406
5	20	31	[3, 2, 1, 8, 5, 9, 0, 12, 11, 13, 0, 13, 0, 12, 0]	0.00662994384765625
5	25	32	[3, 2, 1, 8, 5, 9, 0, 12, 11, 13, 0, 9, 7, 4, 10]	0.0046617984771728516
5	1	6	[11, 0, 9, 5]	0.002280712127685547
5	5	6	[11, 0, 9, 5]	0.0047414302825927734
5	10	6	[11, 0, 9, 5]	0.0016236305236816406
5	15	6	[11, 0, 9, 5]	0.0014994144439697266
5	20	6	[11, 0, 9, 5]	0.002577066421508789
5	25	6	[11, 0, 9, 5]	0.002692699432373047
5	1	22	[0, 11, 13, 0, 9, 5, 8, 1, 2, 3, 6]	0.0037353038787841797
5	5	22	[0, 11, 13, 0, 9, 5, 8, 1, 2, 3, 6]	0.0065233707427978516
5	10	16	[0, 11, 13, 11, 12, 2, 3, 6]	0.0028722286224365234
5	15	23	[0, 11, 13, 0, 9, 5, 8, 1, 2, 3, 6]	0.004094362258911133
5	20	24	[0, 11, 13, 0, 9, 5, 8, 1, 2, 3, 6]	0.004805803298950195
5	25	25	[0, 11, 13, 0, 9, 5, 8, 1, 2, 3, 6]	0.003320455551147461
5	1	16	[6, 3, 2, 1, 8, 5, 9, 7]	0.005721330642700195
5	5	31	[6, 3, 2, 1, 8, 5, 9, 0, 11, 13, 11, 12, 2, 9, 7]	0.005193471908569336
5	10	30	[6, 3, 2, 1, 8, 5, 9, 0, 11, 13, 0, 12, 2, 12, 0]	0.006137847900390625
5	15	31	[6, 3, 2, 1, 8, 5, 9, 0, 11, 13, 11, 12, 2, 1, 8]	0.0060994625091552734
5	20	31	[6, 3, 2, 12, 11, 0, 9, 5, 8, 1, 8, 5, 9, 7]	0.0053751468658447266
5	25	32	[6, 3, 2, 1, 8, 5, 9, 0, 11, 13, 11, 12, 0, 12, 11]	0.005012035369873047
5	1	20	[8, 5, 9, 2, 3, 6, 10, 4, 7]	0.003453969955444336
5	5	20	[8, 5, 9, 2, 3, 6, 10, 4, 7]	0.006306648254394531
5	10	20	[8, 5, 9, 2, 3, 6, 10, 4, 7]	0.004910707473754883
5	15	21	[8, 5, 9, 2, 3, 6, 10, 4, 7]	0.005475044250488281
5	20	22	[8, 5, 9, 2, 3, 6, 10, 4, 7]	0.003552675247192383
5	25	23	[8, 5, 9, 2, 3, 6, 10, 4, 7]	0.005337953567504883
5	1	11	[5, 9, 2, 3, 6, 10]	0.004597187042236328
5	5	11	[5, 9, 2, 3, 6, 10]	0.007390737533569336
5	10	11	[5, 9, 2, 3, 6, 10]	0.006418943405151367
5	15	12	[5, 9, 2, 3, 6, 10]	0.005919456481933594
5	20	16	[5, 8, 1, 2, 3, 6, 10]	0.003541231155395508
5	25	13	[5, 9, 2, 3, 6, 10]	0.004069328308105469
5	1	31	[6, 3, 2, 1, 8, 5, 9, 0, 11, 13, 11, 12, 11, 13, 11]	0.007708072662353516
5	5	31	[6, 3, 2, 1, 8, 5, 9, 0, 11, 13, 0, 12, 11, 12, 11]	0.012205123901367188
5	10	8	[6, 10, 4, 7]	0.0016777515411376953
5	15	8	[6, 10, 4, 7]	0.0017342567443847656
5	20	32	[6, 3, 2, 1, 8, 5, 9, 0, 11, 13, 11, 12, 11, 0, 9]	0.010210275650024414
5	25	32	[6, 3, 2, 1, 8, 5, 9, 0, 11, 13, 11, 12, 2, 9, 7]	0.010857343673706055
5	1	8	[11, 0, 9, 5, 8]	0.002710103988647461
5	5	23	[11, 0, 9, 7, 4, 10, 6, 3, 2, 1, 8]	0.008971929550170898
5	10	8	[11, 0, 9, 5, 8]	0.0030524730682373047
5	15	23	[11, 0, 9, 7, 4, 10, 6, 3, 2, 1, 8]	0.009171009063720703
5	20	8	[11, 0, 9, 5, 8]	0.0029871463775634766
5	25	8	[11, 0, 9, 5, 8]	0.0042667388916015625
5	1	20	[13, 11, 0, 9, 5, 8, 1, 2, 3, 6]	0.006689310073852539
5	5	13	[13, 11, 0, 9, 2, 3, 6]	0.0046939849853515625
5	10	20	[13, 11, 0, 9, 5, 8, 1, 2, 3, 6]	0.005755901336669922
5	15	21	[13, 11, 0, 9, 5, 8, 1, 2, 3, 6]	0.006622314453125
5	20	22	[13, 11, 0, 9, 5, 8, 1, 2, 3, 6]	0.013058662414550781
5	25	23	[13, 11, 0, 9, 5, 8, 1, 2, 3, 6]	0.0053255558013916016
5	1	7	[1, 2, 3, 6]	0.002491474151611328
5	5	30	[1, 2, 9, 5, 8, 5, 9, 0, 11, 13, 0, 12, 2, 3, 6]	0.007382392883300781
5	10	7	[1, 2, 3, 6]	0.004073619842529297
5	15	8	[1, 2, 3, 6]	0.0031969547271728516
5	20	8	[1, 2, 3, 6]	0.0019953250885009766
5	25	9	[1, 2, 3, 6]	0.00380706787109375
5	1	33	[9, 5, 8, 1, 2, 3, 6, 10, 4, 7, 4, 7, 9, 0, 11]	0.006072521209716797
5	5	28	[9, 5, 8, 1, 2, 3, 6, 10, 4, 7, 9, 0, 11]	0.008112192153930664
5	10	28	[9, 5, 8, 1, 2, 3, 6, 10, 4, 7, 9, 0, 11]	0.006076335906982422
5	15	29	[9, 5, 8, 1, 2, 3, 6, 10, 4, 7, 9, 0, 11]	0.009413719177246094
5	20	35	[9, 5, 8, 1, 2, 3, 6, 10, 4, 7, 4, 7, 9, 0, 11]	0.008043050765991211
5	25	36	[9, 5, 8, 1, 2, 3, 6, 10, 4, 7, 4, 7, 9, 0, 11]	0.00634455680847168
5	1	15	[11, 0, 9, 5, 8, 1, 2, 3]	0.006098508834838867
5	5	15	[11, 0, 9, 5, 8, 1, 2, 3]	0.004174470901489258
5	10	15	[11, 0, 9, 5, 8, 1, 2, 3]	0.0045397281646728516
5	15	16	[11, 0, 9, 5, 8, 1, 2, 3]	0.004983186721801758
5	20	17	[11, 0, 9, 5, 8, 1, 2, 3]	0.0036695003509521484
5	25	10	[11, 0, 9, 2, 3]	0.004334449768066406
5	1	14	[4, 7, 9, 5, 8, 1, 2]	0.002757549285888672
5	5	14	[4, 7, 9, 5, 8, 1, 2]	0.0033919811248779297
5	10	14	[4, 7, 9, 5, 8, 1, 2]	0.0042116641998291016
5	15	14	[4, 7, 9, 5, 8, 1, 2]	0.002943754196166992
5	20	15	[4, 7, 9, 5, 8, 1, 2]	0.002962350845336914
5	25	15	[4, 7, 9, 5, 8, 1, 2]	0.0042765140533447266
5	1	34	[4, 7, 9, 5, 8, 1, 2, 3, 6, 10, 6, 3, 6, 10, 6]	0.00432133674621582
5	5	18	[4, 7, 9, 5, 8, 1, 2, 12, 11]	0.003194093704223633
5	10	35	[4, 7, 9, 5, 8, 1, 2, 3, 6, 10, 6, 10, 4, 10, 6]	0.005160331726074219
5	15	9	[4, 7, 9, 0, 11]	0.0015115737915039062
5	20	36	[4, 7, 9, 5, 8, 1, 2, 3, 6, 10, 6, 10, 4, 7, 9]	0.005712747573852539
5	25	37	[4, 7, 9, 5, 8, 1, 2, 3, 6, 10, 6, 10, 4, 7, 4]	0.004934072494506836
6	1	13	[6, 3, 2, 1, 8, 5, 9]	0.004221916198730469
6	5	13	[6, 3, 2, 1, 8, 5, 9]	0.0023233890533447266
6	10	15	[6, 3, 2, 1, 8, 5, 9]	0.0031995773315429688
6	15	15	[6, 3, 2, 1, 8, 5, 9]	0.004103422164916992
6	20	10010	[6, 3, 2, 1, 8, 5, 9]	0.003175020217895508
6	25	20007	[6, 3, 2, 1, 8, 5, 9]	0.003987312316894531
6	1	12	[12, 2, 3, 6, 10, 4, 7]	0.0032777786254882812
6	5	12	[12, 2, 3, 6, 10, 4, 7]	0.003509998321533203
6	10	12	[12, 2, 3, 6, 10, 4, 7]	0.005240917205810547
6	15	14	[12, 2, 3, 6, 10, 4, 7]	0.003834247589111328
6	20	14	[12, 2, 3, 6, 10, 4, 7]	0.005219936370849609
6	25	10009	[12, 2, 3, 6, 10, 4, 7]	0.0031213760375976562
6	1	10	[1, 2, 3, 6, 10, 4]	0.0022182464599609375
6	5	10	[1, 2, 3, 6, 10, 4]	0.004858493804931641
6	10	12	[1, 2, 3, 6, 10, 4]	0.003187417984008789
6	15	12	[1, 2, 3, 6, 10, 4]	0.0017993450164794922
6	20	10007	[1, 2, 3, 6, 10, 4]	0.004488468170166016
6	25	10007	[1, 2, 3, 6, 10, 4]	0.0035200119018554688
6	1	19	[7, 9, 5, 8, 1, 2, 3, 6, 10, 4]	0.00502324104309082
6	5	19	[7, 9, 5, 8, 1, 2, 3, 6, 10, 4]	0.004441976547241211
6	10	2	[7, 4]	6.008148193359375e-05
6	15	21	[7, 9, 5, 8, 1, 2, 3, 6, 10, 4]	0.0030488967895507812
6	20	10016	[7, 9, 5, 8, 1, 2, 3, 6, 10, 4]	0.007773399353027344
6	25	10016	[7, 9, 5, 8, 1, 2, 3, 6, 10, 4]	0.00806117057800293
6	1	2	[9, 5]	0.0020956993103027344
6	5	2	[9, 5]	0.0011408329010009766
6	10	2	[9, 5]	0.0007367134094238281
6	15	2	[9, 5]	0.0010380744934082031
6	20	2	[9, 5]	0.002605915069580078
6	25	2	[9, 5]	0.0016942024230957031
6	1	8	[3, 2, 1, 8, 5]	0.0033249855041503906
6	5	8	[3, 2, 1, 8, 5]	0.003962039947509766
6	10	10	[3, 2, 1, 8, 5]	0.0019307136535644531
6	15	10	[3, 2, 1, 8, 5]	0.0018618106842041016
6	20	10005	[3, 2, 1, 8, 5]	0.002627134323120117
6	25	20002	[3, 2, 1, 8, 5]	0.004129171371459961
6	1	2	[6, 3]	0.0008263587951660156
6	5	2	[6, 3]	0.0006463527679443359
6	10	2	[6, 3]	0.0008246898651123047
6	15	2	[6, 3]	0.0015873908996582031
6	20	2	[6, 3]	0.0017199516296386719
6	25	2	[6, 3]	0.00010895729064941406
6	1	17	[13, 11, 0, 9, 5, 8, 1, 2, 3]	0.003793001174926758
6	5	17	[13, 11, 0, 9, 5, 8, 1, 2, 3]	0.004628896713256836
6	10	19	[13, 11, 0, 9, 5, 8, 1, 2, 3]	0.004536867141723633
6	15	10016	[13, 11, 0, 9, 5, 8, 1, 2, 3]	0.005606651306152344
6	20	20011	[13, 11, 0, 9, 5, 8, 1, 2, 3]	0.005486965179443359
6	25	20011	[13, 11, 0, 9, 5, 8, 1, 2, 3]	0.0032358169555664062
6	1	11	[8, 5, 9, 2, 3, 6]	0.006387948989868164
6	5	11	[8, 5, 9, 2, 3, 6]	0.0030896663665771484
6	10	11	[8, 5, 9, 2, 3, 6]	0.002918243408203125
6	15	11	[8, 5, 9, 2, 3, 6]	0.004445314407348633
6	20	11	[8, 5, 9, 2, 3, 6]	0.002000570297241211
6	25	11	[8, 5, 9, 2, 3, 6]	0.002120494842529297
6	1	11	[0, 11, 13, 11, 12, 2]	0.004713296890258789
6	5	11	[0, 11, 13, 11, 12, 2]	0.0021262168884277344
6	10	20	[0, 11, 13, 0, 9, 5, 8, 1, 2]	0.003466367721557617
6	15	10017	[0, 11, 13, 0, 9, 5, 8, 1, 2]	0.007591962814331055
6	20	10010	[0, 11, 13, 11, 12, 2]	0.001811981201171875
6	25	20005	[0, 11, 13, 11, 12, 2]	0.0018002986907958984
6	1	29	[10, 4, 7, 9, 5, 8, 1, 2, 3, 6, 10, 4, 10, 6, 3]	0.006325483322143555
6	5	29	[10, 4, 7, 9, 5, 8, 1, 2, 3, 6, 10, 4, 10, 6, 10]	0.004525423049926758
6	10	31	[10, 4, 7, 9, 5, 8, 1, 2, 3, 6, 3, 6, 10, 4, 7]	0.006472110748291016
6	15	31	[10, 4, 7, 9, 5, 8, 1, 2, 3, 6, 3, 2, 12, 11, 0]	0.00618743896484375
6	20	10026	[10, 4, 7, 9, 5, 8, 1, 2, 3, 6, 10, 4, 10, 6, 10]	0.005698680877685547
6	25	10026	[10, 4, 7, 9, 5, 8, 1, 2, 3, 6, 10, 6, 3, 6, 10]	0.004437446594238281
6	1	3	[5, 9]	0.0014493465423583984
6	5	3	[5, 9]	0.0016529560089111328
6	10	3	[5, 9]	0.001718282699584961
6	15	3	[5, 9]	0.0008585453033447266
6	20	3	[5, 9]	0.0006194114685058594
6	25	3	[5, 9]	0.0006043910980224609
6	1	9	[8, 5, 9, 2, 3]	0.0020868778228759766
6	5	9	[8, 5, 9, 2, 3]	0.0034089088439941406
6	10	9	[8, 5, 9, 2, 3]	0.0028514862060546875
6	15	9	[8, 5, 9, 2, 3]	0.0023186206817626953
6	20	9	[8, 5, 9, 2, 3]	0.003469228744506836
6	25	9	[8, 5, 9, 2, 3]	0.002597808837890625
6	1	31	[5, 9, 2, 1, 8, 5, 8, 5, 8, 1, 2, 3, 6, 10, 4]	0.0034809112548828125
6	5	29	[5, 9, 2, 1, 8, 1, 2, 3, 6, 10, 4, 7, 9, 0, 11]	0.008424758911132812
6	10	29	[5, 9, 2, 3, 6, 10, 4, 7, 4, 7, 4, 10, 6, 10, 4]	0.003742694854736328
6	15	29	[5, 9, 2, 3, 6, 10, 4, 7, 4, 7, 4, 7, 4, 7, 9]	0.005136251449584961
6	20	29	[5, 9, 2, 3, 6, 10, 4, 7, 4, 7, 4, 7, 4, 10, 4]	0.004166126251220703
6	25	29	[5, 9, 2, 3, 6, 10, 4, 7, 4, 10, 6, 3, 6, 10, 4]	0.0038900375366210938
6	1	8	[13, 11, 0, 9, 5]	0.005341529846191406
6	5	8	[13, 11, 0, 9, 5]	0.0020923614501953125
6	10	8	[13, 11, 0, 9, 5]	0.002299785614013672
6	15	10005	[13, 11, 0, 9, 5]	0.003885984420776367
6	20	10005	[13, 11, 0, 9, 5]	0.00153350830078125
6	25	10019	[13, 11, 0, 9, 2, 3, 6, 10, 4, 7, 9, 5]	0.0030241012573242188
6	1	3	[5, 9]	0.0012927055358886719
6	5	3	[5, 9]	0.0011703968048095703
6	10	3	[5, 9]	0.000980377197265625
6	15	3	[5, 9]	0.000705718994140625
6	20	3	[5, 9]	0.0005726814270019531
6	25	3	[5, 9]	0.0006742477416992188
6	1	8	[6, 3, 2, 1, 8]	0.0042858123779296875
6	5	8	[6, 3, 2, 1, 8]	0.001958608627319336
6	10	10	[6, 3, 2, 1, 8]	0.0016200542449951172
6	15	10	[6, 3, 2, 1, 8]	0.002276182174682617
6	20	13	[6, 10, 4, 7, 9, 5, 8]	0.006712913513183594
6	25	20002	[6, 3, 2, 1, 8]	0.0019588470458984375
6	1	12	[1, 2, 3, 6, 10, 4, 7]	0.0036797523498535156
6	5	12	[1, 2, 3, 6, 10, 4, 7]	0.004164695739746094
6	10	14	[1, 2, 3, 6, 10, 4, 7]	0.0030074119567871094
6	15	14	[1, 2, 3, 6, 10, 4, 7]	0.003471851348876953
6	20	10009	[1, 2, 3, 6, 10, 4, 7]	0.004873514175415039
6	25	10009	[1, 2, 3, 6, 10, 4, 7]	0.0026285648345947266
6	1	11	[9, 5, 8, 1, 2, 3]	0.003739595413208008
6	5	11	[9, 5, 8, 1, 2, 3]	0.0034852027893066406
6	10	13	[9, 5, 8, 1, 2, 3]	0.0021696090698242188
6	15	13	[9, 5, 8, 1, 2, 3]	0.003046751022338867
6	20	10008	[9, 5, 8, 1, 2, 3]	0.004166364669799805
6	25	10008	[9, 5, 8, 1, 2, 3]	0.0027031898498535156
6	1	15	[3, 2, 1, 8, 5, 9, 0, 11]	0.0036683082580566406
6	5	15	[3, 2, 1, 8, 5, 9, 0, 11]	0.004185914993286133
6	10	17	[3, 2, 1, 8, 5, 9, 0, 11]	0.005386829376220703
6	15	17	[3, 2, 1, 8, 5, 9, 0, 11]	0.005155324935913086
6	20	10012	[3, 2, 1, 8, 5, 9, 0, 11]	0.0034303665161132812
6	25	20009	[3, 2, 1, 8, 5, 9, 0, 11]	0.004095792770385742
7	1	7	[3, 2, 1, 8]	0.002242565155029297
7	5	7	[3, 2, 1, 8]	0.0032656192779541016
7	10	7	[3, 2, 1, 8]	0.0026123523712158203
7	15	7	[3, 2, 1, 8]	0.0016727447509765625
7	20	7	[3, 2, 1, 8]	0.0026679039001464844
7	25	7	[3, 2, 1, 8]	0.001898050308227539
7	1	34	[7, 9, 5, 8, 1, 2, 3, 6, 10, 4, 7, 4, 10, 6, 3]	0.004057407379150391
7	5	36	[7, 9, 2, 3, 6, 10, 4, 7, 4, 10, 4, 7, 4, 7, 4]	0.004068136215209961
7	10	35	[7, 9, 5, 8, 1, 2, 3, 6, 10, 4, 7, 9, 0, 11, 13]	0.006859779357910156
7	15	33	[7, 9, 5, 8, 1, 2, 3, 6, 10, 4, 10, 6, 10, 6, 3]	0.00612187385559082
7	20	36	[7, 9, 5, 8, 1, 2, 3, 6, 10, 4, 7, 4, 7, 9, 0]	0.006815195083618164
7	25	35	[7, 9, 5, 8, 1, 2, 3, 6, 10, 4, 7, 4, 10, 6, 3]	0.006819248199462891
7	1	5	[8, 5, 9]	0.0021505355834960938
7	5	5	[8, 5, 9]	0.001081228256225586
7	10	5	[8, 5, 9]	0.0016510486602783203
7	15	5	[8, 5, 9]	0.0026254653930664062
7	20	5	[8, 5, 9]	0.001405477523803711
7	25	5	[8, 5, 9]	0.0009694099426269531
7	1	17	[7, 9, 5, 8, 1, 2, 3, 6]	0.0032324790954589844
7	5	17	[7, 9, 5, 8, 1, 2, 3, 6]	0.0056438446044921875
7	10	10	[7, 9, 2, 3, 6]	0.0022208690643310547
7	15	31	[7, 9, 5, 8, 1, 2, 12, 11, 0, 13, 11, 13, 0, 13, 11]	0.005492448806762695
7	20	18	[7, 9, 5, 8, 1, 2, 3, 6]	0.004796743392944336
7	25	18	[7, 9, 5, 8, 1, 2, 3, 6]	0.004141807556152344
7	1	9	[3, 2, 1, 8, 5]	0.004960060119628906
7	5	9	[3, 2, 1, 8, 5]	0.002905130386352539
7	10	9	[3, 2, 1, 8, 5]	0.002076864242553711
7	15	9	[3, 2, 1, 8, 5]	0.0029146671295166016
7	20	9	[3, 2, 1, 8, 5]	0.0029458999633789062
7	25	9	[3, 2, 1, 8, 5]	0.0017101764678955078
7	1	10	[7, 9, 5, 8, 1]	0.003578662872314453
7	5	10	[7, 9, 5, 8, 1]	0.003575563430786133
7	10	10	[7, 9, 5, 8, 1]	0.002119779586791992
7	15	10	[7, 9, 5, 8, 1]	0.0019512176513671875
7	20	10	[7, 9, 5, 8, 1]	0.003047466278076172
7	25	10	[7, 9, 5, 8, 1]	0.0025587081909179688
7	1	14	[12, 2, 3, 6, 10, 4, 7]	0.0032804012298583984
7	5	14	[12, 2, 3, 6, 10, 4, 7]	0.006337881088256836
7	10	15	[12, 2, 3, 6, 10, 4, 7]	0.004338741302490234
7	15	15	[12, 2, 3, 6, 10, 4, 7]	0.003294229507446289
7	20	15	[12, 2, 3, 6, 10, 4, 7]	0.0037050247192382812
7	25	33	[12, 0, 11, 13, 11, 13, 11, 12, 2, 3, 6, 10, 4, 7]	0.004103422164916992
7	1	16	[0, 11, 13, 0, 9, 5, 8, 1]	0.0057239532470703125
7	5	33	[0, 11, 13, 11, 12, 2, 3, 6, 10, 4, 7, 9, 5, 8, 1]	0.011588335037231445
7	10	16	[0, 11, 13, 0, 9, 5, 8, 1]	0.005137205123901367
7	15	16	[0, 11, 13, 0, 9, 5, 8, 1]	0.005389213562011719
7	20	34	[0, 11, 13, 11, 12, 2, 3, 6, 10, 4, 7, 9, 5, 8, 1]	0.006746768951416016
7	25	35	[0, 11, 13, 11, 12, 2, 3, 6, 10, 4, 7, 9, 5, 8, 1]	0.008776187896728516
7	1	18	[11, 0, 9, 5, 8, 1, 2, 3, 6]	0.0033638477325439453
7	5	18	[11, 0, 9, 5, 8, 1, 2, 3, 6]	0.004050731658935547
7	10	19	[11, 0, 9, 5, 8, 1, 2, 3, 6]	0.005307435989379883
7	15	19	[11, 0, 9, 5, 8, 1, 2, 3, 6]	0.0028257369995117188
7	20	19	[11, 0, 9, 5, 8, 1, 2, 3, 6]	0.0064067840576171875
7	25	19	[11, 0, 9, 5, 8, 1, 2, 3, 6]	0.0044825077056884766
7	1	4	[11, 0, 9]	0.0016090869903564453
7	5	4	[11, 0, 9]	0.0028781890869140625
7	10	4	[11, 0, 9]	0.0018568038940429688
7	15	4	[11, 0, 9]	0.001253366470336914
7	20	4	[11, 0, 9]	0.0012700557708740234
7	25	4	[11, 0, 9]	0.019016742706298828
7	1	5	[1, 2, 3]	0.018977880477905273
7	5	5	[1, 2, 3]	0.010124921798706055
7	10	6	[1, 2, 3]	0.0019631385803222656
7	15	6	[1, 2, 3]	0.002052783966064453
7	20	6	[1, 2, 3]	0.0036439895629882812
7	25	6	[1, 2, 3]	0.0019192695617675781
7	1	10	[10, 4, 7, 9, 5]	0.003885984420776367
7	5	10	[10, 4, 7, 9, 5]	0.002565145492553711
7	10	10	[10, 4, 7, 9, 5]	0.0032396316528320312
7	15	10	[10, 4, 7, 9, 5]	0.005975484848022461
7	20	10	[10, 4, 7, 9, 5]	0.0024900436401367188
7	25	10	[10, 4, 7, 9, 5]	0.0022971630096435547
7	1	7	[2, 1, 8, 5]	0.003571748733520508
7	5	16	[2, 3, 6, 10, 4, 7, 9, 5]	0.005888700485229492
7	10	17	[2, 3, 6, 10, 4, 7, 9, 5]	0.007483005523681641
7	15	17	[2, 3, 6, 10, 4, 7, 9, 5]	0.005071878433227539
7	20	17	[2, 3, 6, 10, 4, 7, 9, 5]	0.009833574295043945
7	25	17	[2, 3, 6, 10, 4, 7, 9, 5]	0.0042841434478759766
7	1	10	[9, 5, 8, 1, 2]	0.004984378814697266
7	5	10	[9, 5, 8, 1, 2]	0.002707242965698242
7	10	10	[9, 5, 8, 1, 2]	0.002835512161254883
7	15	10	[9, 5, 8, 1, 2]	0.004333972930908203
7	20	10	[9, 5, 8, 1, 2]	0.002354860305786133
7	25	10	[9, 5, 8, 1, 2]	0.002653360366821289
7	1	6	[11, 0, 9, 5]	0.003379344940185547
7	5	6	[11, 0, 9, 5]	0.0016453266143798828
7	10	6	[11, 0, 9, 5]	0.0014734268188476562
7	15	6	[11, 0, 9, 5]	0.0037124156951904297
7	20	6	[11, 0, 9, 5]	0.002590656280517578
7	25	6	[11, 0, 9, 5]	0.001729726791381836
7	1	33	[3, 2, 1, 8, 5, 9, 0, 11, 13, 11, 12, 0, 9, 7, 4]	0.007839441299438477
7	5	33	[3, 2, 1, 8, 5, 9, 0, 11, 13, 11, 12, 0, 11, 13, 0]	0.005009174346923828
7	10	31	[3, 2, 1, 8, 5, 9, 0, 11, 13, 0, 12, 11, 13, 11, 0]	0.007135152816772461
7	15	33	[3, 2, 1, 8, 5, 9, 0, 11, 13, 11, 12, 2, 9, 7, 4]	0.0068280696868896484
7	20	33	[3, 2, 1, 8, 5, 9, 0, 11, 13, 11, 12, 2, 12, 2, 9]	0.006130218505859375
7	25	31	[3, 2, 1, 8, 5, 9, 0, 11, 13, 11, 12, 11, 12, 11, 13]	0.005723237991333008
7	1	24	[5, 9, 2, 3, 6, 10, 4, 7, 9, 0, 11]	0.0068819522857666016
7	5	24	[5, 9, 2, 3, 6, 10, 4, 7, 9, 0, 11]	0.005439281463623047
7	10	38	[5, 9, 2, 3, 6, 10, 4, 7, 4, 7, 4, 7, 4, 7, 4]	0.0054492950439453125
7	15	25	[5, 9, 2, 3, 6, 10, 4, 7, 9, 0, 11]	0.0040132999420166016
7	20	36	[5, 9, 2, 3, 6, 10, 4, 7, 4, 10, 4, 7, 9, 0, 11]	0.0063321590423583984
7	25	25	[5, 9, 2, 3, 6, 10, 4, 7, 9, 0, 11]	0.005310773849487305
7	1	32	[10, 4, 7, 9, 5, 8, 1, 2, 3, 6, 10, 6, 3, 2, 12]	0.007916688919067383
7	5	34	[10, 4, 7, 9, 5, 8, 1, 2, 3, 6, 10, 4, 7, 9, 0]	0.004951000213623047
7	10	36	[10, 4, 7, 9, 5, 8, 1, 2, 3, 6, 10, 4, 7, 4, 7]	0.007036924362182617
7	15	29	[10, 4, 7, 9, 5, 8, 1, 2, 3, 6, 3, 2, 12]	0.0048024654388427734
7	20	33	[10, 4, 7, 9, 5, 8, 1, 2, 3, 6, 3, 6, 3, 6, 10]	0.005084514617919922
7	25	29	[10, 4, 7, 9, 5, 8, 1, 2, 3, 6, 3, 2, 12]	0.005920886993408203
7	1	5	[5, 9, 2]	0.0013346672058105469
7	5	5	[5, 9, 2]	0.0029006004333496094
7	10	5	[5, 9, 2]	0.003474712371826172
7	15	5	[5, 9, 2]	0.00159454345703125
7	20	5	[5, 9, 2]	0.001798868179321289
7	25	5	[5, 9, 2]	0.004264354705810547
7	1	4	[3, 2, 1]	0.0013723373413085938
7	5	4	[3, 2, 1]	0.001173257827758789
7	10	4	[3, 2, 1]	0.0016531944274902344
7	15	17	[3, 2, 12, 11, 0, 9, 5, 8, 1]	0.004559755325317383
7	20	4	[3, 2, 1]	0.001382589340209961
7	25	4	[3, 2, 1]	0.0009236335754394531
8	1	32	[12, 2, 3, 6, 10, 4, 7, 9, 5, 8, 1, 8, 1, 2, 1]	0.0073125362396240234
8	5	31	[12, 2, 3, 6, 10, 4, 7, 9, 5, 8, 1, 2, 12, 11, 0]	0.00794529914855957
8	10	35	[12, 2, 3, 6, 10, 4, 7, 9, 5, 8, 1, 2, 1, 2, 3]	0.009078741073608398
8	15	36	[12, 2, 3, 6, 10, 4, 7, 9, 5, 8, 1, 8, 5, 8, 5]	0.008753061294555664
8	20	35	[12, 2, 3, 6, 10, 4, 7, 9, 5, 8, 1, 8, 5, 9, 0]	0.008184194564819336
8	25	33	[12, 2, 3, 6, 10, 4, 7, 9, 5, 8, 1, 2, 12, 11, 0]	0.010203361511230469
8	1	8	[13, 11, 0, 9, 5]	0.0033326148986816406
8	5	8	[13, 11, 0, 9, 5]	0.0030510425567626953
8	10	8	[13, 11, 0, 9, 5]	0.0044155120849609375
8	15	8	[13, 11, 0, 9, 5]	0.004039764404296875
8	20	8	[13, 11, 0, 9, 5]	0.00620722770690918
8	25	8	[13, 11, 0, 9, 5]	0.003735780715942383
8	1	17	[2, 3, 6, 10, 4, 7, 9, 5, 8]	0.006379127502441406
8	5	17	[2, 3, 6, 10, 4, 7, 9, 5, 8]	0.005506277084350586
8	10	18	[2, 3, 6, 10, 4, 7, 9, 5, 8]	0.00917506217956543
8	15	18	[2, 3, 6, 10, 4, 7, 9, 5, 8]	0.004667520523071289
8	20	18	[2, 3, 6, 10, 4, 7, 9, 5, 8]	0.007176876068115234
8	25	18	[2, 3, 6, 10, 4, 7, 9, 5, 8]	0.004715442657470703
8	1	30	[10, 4, 7, 9, 5, 8, 1, 2, 3, 6, 3, 6, 3, 2, 12]	0.009953022003173828
8	5	30	[10, 4, 7, 9, 5, 8, 1, 2, 3, 6, 10, 4, 10, 4, 10]	0.006999492645263672
8	10	32	[10, 4, 7, 9, 5, 8, 1, 2, 3, 6, 3, 6, 3, 6, 10]	0.007882356643676758
8	15	32	[10, 4, 7, 9, 5, 8, 1, 2, 3, 6, 3, 6, 3, 6, 10]	0.010346174240112305
8	20	32	[10, 4, 7, 9, 5, 8, 1, 2, 3, 6, 10, 6, 10, 4, 10]	0.009746551513671875
8	25	32	[10, 4, 7, 9, 5, 8, 1, 2, 3, 6, 3, 6, 10, 6, 10]	0.010728120803833008
8	1	29	[5, 9, 2, 3, 6, 10, 4, 7, 4, 10, 4, 7, 4, 7, 4]	0.006523847579956055
8	5	29	[5, 9, 2, 3, 6, 10, 4, 7, 9, 0, 11, 13, 0, 12, 11]	0.010291337966918945
8	10	31	[5, 9, 2, 3, 6, 10, 4, 7, 9, 0, 11, 13, 11, 12, 11]	0.007817268371582031
8	15	30	[5, 9, 2, 3, 6, 10, 4, 7, 9, 0, 11, 13, 0, 12, 11]	0.008989334106445312
8	20	30	[5, 9, 2, 3, 6, 10, 4, 7, 4, 7, 4, 7, 4, 10, 4]	0.0074214935302734375
8	25	32	[5, 9, 2, 3, 6, 10, 4, 7, 9, 0, 11, 13, 0, 12, 0]	0.009520769119262695
8	1	16	[13, 0, 12, 2, 3, 6, 10, 4]	0.006436824798583984
8	5	24	[13, 11, 0, 9, 5, 8, 1, 2, 3, 6, 10, 4]	0.008649110794067383
8	10	26	[13, 11, 0, 9, 5, 8, 1, 2, 3, 6, 10, 4]	0.01145792007446289
8	15	26	[13, 11, 0, 9, 5, 8, 1, 2, 3, 6, 10, 4]	0.009550333023071289
8	20	26	[13, 11, 0, 9, 5, 8, 1, 2, 3, 6, 10, 4]	0.007330417633056641
8	25	19	[13, 0, 11, 12, 2, 3, 6, 10, 4]	0.005114555358886719
8	1	30	[6, 3, 2, 1, 8, 5, 9, 0, 11, 13, 0, 12, 0, 12, 2]	0.014496088027954102
8	5	30	[6, 3, 2, 1, 8, 5, 9, 0, 11, 13, 11, 12, 0, 13, 11]	0.014325380325317383
8	10	31	[6, 3, 2, 1, 8, 5, 9, 0, 11, 13, 0, 12, 11, 13, 11]	0.01264500617980957
8	15	33	[6, 3, 2, 1, 8, 5, 9, 0, 11, 13, 11, 12, 11, 12, 11]	0.015490531921386719
8	20	32	[6, 3, 2, 1, 8, 5, 9, 0, 11, 13, 11, 12, 0, 9, 7]	0.0162045955657959
8	25	34	[6, 3, 2, 1, 8, 5, 9, 0, 11, 13, 11, 12, 2, 9, 7]	0.01555776596069336
8	1	8	[0, 11, 13, 0, 9]	0.005373954772949219
8	5	8	[0, 11, 13, 0, 9]	0.0068471431732177734
8	10	25	[0, 11, 13, 11, 12, 2, 3, 6, 10, 4, 7, 9]	0.012953758239746094
8	15	25	[0, 11, 13, 11, 12, 2, 3, 6, 10, 4, 7, 9]	0.015338659286499023
8	20	8	[0, 11, 13, 0, 9]	0.006079673767089844
8	25	8	[0, 11, 13, 0, 9]	0.0055119991302490234
8	1	30	[9, 5, 8, 1, 2, 3, 6, 10, 4, 7, 4, 10, 6, 10, 6]	0.011712789535522461
8	5	30	[9, 5, 8, 1, 2, 3, 6, 10, 4, 7, 4, 7, 4, 10, 4]	0.009778022766113281
8	10	32	[9, 5, 8, 1, 2, 3, 6, 10, 4, 7, 4, 10, 4, 7, 9]	0.012352705001831055
8	15	32	[9, 5, 8, 1, 2, 3, 6, 10, 4, 7, 4, 10, 4, 10, 4]	0.011199951171875
8	20	32	[9, 5, 8, 1, 2, 3, 6, 10, 4, 7, 9, 0, 11, 13, 11]	0.01391911506652832
8	25	33	[9, 5, 8, 1, 2, 3, 6, 10, 4, 7, 9, 0, 11, 13, 0]	0.012749671936035156
8	1	31	[12, 2, 3, 6, 10, 4, 7, 9, 5, 8, 1, 8, 5, 9, 0]	0.008987903594970703
8	5	31	[12, 2, 3, 6, 10, 4, 7, 9, 5, 8, 1, 8, 5, 8, 5]	0.008244037628173828
8	10	35	[12, 2, 3, 6, 10, 4, 7, 9, 5, 8, 1, 8, 1, 2, 12]	0.011306524276733398
8	15	34	[12, 2, 3, 6, 10, 4, 7, 9, 5, 8, 1, 2, 3, 2, 12]	0.007979393005371094
8	20	35	[12, 2, 3, 6, 10, 4, 7, 9, 5, 8, 1, 8, 5, 9, 0]	0.011207342147827148
8	25	36	[12, 2, 3, 6, 10, 4, 7, 9, 5, 8, 1, 8, 1, 8, 1]	0.008382320404052734
8	1	31	[12, 2, 9, 5, 8, 1, 2, 3, 6, 10, 4, 7, 9, 0, 11]	0.011263132095336914
8	5	32	[12, 2, 3, 6, 10, 4, 7, 9, 5, 8, 1, 8, 1, 8, 5]	0.009074211120605469
8	10	35	[12, 2, 3, 6, 10, 4, 7, 9, 5, 8, 1, 2, 1, 8, 5]	0.010625600814819336
8	15	36	[12, 2, 3, 6, 10, 4, 7, 9, 5, 8, 1, 8, 5, 8, 5]	0.011512279510498047
8	20	33	[12, 2, 3, 6, 10, 4, 7, 9, 5, 8, 1, 2, 12, 11, 0]	0.011086702346801758
8	25	34	[12, 2, 3, 6, 10, 4, 7, 9, 5, 8, 1, 2, 1, 2, 12]	0.007958412170410156
8	1	29	[9, 7, 4, 10, 6, 3, 2, 1, 8, 5, 9, 0, 11, 13, 11]	0.010004281997680664
8	5	30	[9, 5, 8, 1, 2, 3, 6, 10, 4, 7, 9, 0, 11, 13, 11]	0.009429454803466797
8	10	32	[9, 5, 8, 1, 2, 3, 6, 10, 4, 7, 4, 10, 4, 10, 4]	0.0064427852630615234
8	15	32	[9, 5, 8, 1, 2, 3, 6, 10, 4, 7, 9, 0, 11, 13, 11]	0.012440919876098633
8	20	32	[9, 5, 8, 1, 2, 3, 6, 10, 4, 7, 4, 7, 4, 7, 9]	0.009522676467895508
8	25	33	[9, 5, 8, 1, 2, 3, 6, 10, 4, 7, 9, 0, 11, 13, 11]	0.012650012969970703
8	1	18	[12, 2, 3, 6, 10, 4, 7, 9, 5]	0.004900932312011719
8	5	18	[12, 2, 3, 6, 10, 4, 7, 9, 5]	0.007967710494995117
8	10	18	[12, 2, 3, 6, 10, 4, 7, 9, 5]	0.0058324337005615234
8	15	18	[12, 2, 3, 6, 10, 4, 7, 9, 5]	0.008387088775634766
8	20	18	[12, 2, 3, 6, 10, 4, 7, 9, 5]	0.006170749664306641
8	25	18	[12, 2, 3, 6, 10, 4, 7, 9, 5]	0.005995273590087891
8	1	28	[10, 4, 7, 9, 5, 8, 1, 2, 3, 6, 3, 2, 12, 11]	0.011718988418579102
8	5	30	[10, 4, 7, 9, 5, 8, 1, 2, 3, 6, 3, 6, 3, 6, 10]	0.009515523910522461
8	10	32	[10, 4, 7, 9, 5, 8, 1, 2, 3, 6, 3, 6, 3, 2, 12]	0.010778427124023438
8	15	32	[10, 4, 7, 9, 5, 8, 1, 2, 3, 6, 10, 6, 3, 2, 12]	0.009691715240478516
8	20	32	[10, 4, 7, 9, 5, 8, 1, 2, 3, 6, 10, 6, 10, 6, 10]	0.008951425552368164
8	25	32	[10, 4, 7, 9, 5, 8, 1, 2, 3, 6, 10, 6, 3, 2, 12]	0.010587453842163086
8	1	6	[1, 2, 3]	0.0018877983093261719
8	5	6	[1, 2, 3]	0.002346515655517578
8	10	6	[1, 2, 3]	0.002908945083618164
8	15	6	[1, 2, 3]	0.0028727054595947266
8	20	6	[1, 2, 3]	0.003052949905395508
8	25	6	[1, 2, 3]	0.0020041465759277344
8	1	9	[5, 9, 2, 3, 6]	0.0037949085235595703
8	5	9	[5, 9, 2, 3, 6]	0.002431631088256836
8	10	10	[5, 9, 2, 3, 6]	0.002368927001953125
8	15	10	[5, 9, 2, 3, 6]	0.004558086395263672
8	20	10	[5, 9, 2, 3, 6]	0.0031430721282958984
8	25	11	[5, 9, 2, 3, 6]	0.0026254653930664062
8	1	30	[7, 9, 5, 8, 1, 2, 3, 6, 10, 4, 7, 9, 0, 11, 13]	0.009803056716918945
8	5	13	[7, 9, 5, 8, 1, 2, 12]	0.0035333633422851562
8	10	15	[7, 9, 5, 8, 1, 2, 12]	0.006353855133056641
8	15	32	[7, 9, 5, 8, 1, 2, 3, 6, 10, 4, 10, 4, 7, 4, 10]	0.006930351257324219
8	20	32	[7, 9, 5, 8, 1, 2, 3, 6, 10, 4, 10, 6, 3, 6, 10]	0.00885152816772461
8	25	32	[7, 9, 5, 8, 1, 2, 3, 6, 10, 4, 10, 6, 10, 4, 10]	0.010376453399658203
8	1	24	[13, 11, 0, 9, 5, 8, 1, 2, 3, 6, 10, 4]	0.011832714080810547
8	5	24	[13, 11, 0, 9, 5, 8, 1, 2, 3, 6, 10, 4]	0.007208585739135742
8	10	19	[13, 0, 11, 12, 2, 3, 6, 10, 4]	0.006768941879272461
8	15	26	[13, 11, 0, 9, 5, 8, 1, 2, 3, 6, 10, 4]	0.009459972381591797
8	20	26	[13, 11, 0, 9, 5, 8, 1, 2, 3, 6, 10, 4]	0.009847879409790039
8	25	18	[13, 11, 0, 12, 2, 3, 6, 10, 4]	0.008252143859863281
8	1	10	[1, 2, 3, 6, 10]	0.0034852027893066406
8	5	10	[1, 2, 3, 6, 10]	0.00509953498840332
8	10	10	[1, 2, 3, 6, 10]	0.002640247344970703
8	15	10	[1, 2, 3, 6, 10]	0.003225088119506836
8	20	10	[1, 2, 3, 6, 10]	0.0045282840728759766
8	25	10	[1, 2, 3, 6, 10]	0.0032112598419189453
8	1	2	[13, 0]	0.00033020973205566406
8	5	4	[13, 11, 0]	0.003520965576171875
8	10	4	[13, 11, 0]	0.00182342529296875
8	15	4	[13, 11, 0]	0.0017075538635253906
8	20	4	[13, 11, 0]	0.002404451370239258
8	25	4	[13, 11, 0]	0.003518819808959961
9	1	29	[12, 2, 3, 6, 10, 4, 7, 9, 5, 8, 1, 2, 1, 8, 1]	0.01405787467956543
9	5	29	[12, 2, 3, 6, 10, 4, 7, 9, 5, 8, 1, 2, 3, 2, 1]	0.018751144409179688
9	10	17	[12, 2, 1, 8, 5, 9, 0, 11, 13]	0.019266128540039062
9	15	31	[12, 2, 3, 6, 10, 4, 7, 9, 5, 8, 1, 2, 3, 2, 9]	0.02051997184753418
9	20	20	[12, 2, 1, 8, 5, 9, 0, 11, 13]	0.013072013854980469
9	25	35	[12, 2, 3, 6, 10, 4, 7, 9, 5, 8, 1, 2, 3, 6, 3]	0.017644882202148438
9	1	17	[13, 11, 0, 9, 5, 8, 1, 2, 3]	0.018419981002807617
9	5	17	[13, 11, 0, 9, 5, 8, 1, 2, 3]	0.018803119659423828
9	10	17	[13, 11, 0, 9, 5, 8, 1, 2, 3]	0.01717090606689453
9	15	19	[13, 11, 0, 9, 5, 8, 1, 2, 3]	0.015961170196533203
9	20	22	[13, 11, 0, 9, 5, 8, 1, 2, 3]	0.013103723526000977
9	25	23	[13, 11, 0, 9, 5, 8, 1, 2, 3]	0.01581406593322754
9	1	16	[0, 11, 13, 0, 9, 5, 8, 1]	0.014778614044189453
9	5	16	[0, 11, 13, 0, 9, 5, 8, 1]	0.015756607055664062
9	10	16	[0, 11, 13, 0, 9, 5, 8, 1]	0.06532168388366699
9	15	16	[0, 11, 13, 0, 9, 5, 8, 1]	0.02421736717224121
9	20	18	[0, 11, 13, 0, 9, 5, 8, 1]	0.01415872573852539
9	25	19	[0, 11, 13, 0, 9, 5, 8, 1]	0.009236812591552734
9	1	25	[6, 3, 2, 1, 8, 5, 9, 0, 11, 13, 11, 12]	0.015072107315063477
9	5	24	[6, 3, 2, 1, 8, 5, 9, 0, 11, 13, 0, 12]	0.01472783088684082
9	10	25	[6, 3, 2, 1, 8, 5, 9, 0, 11, 13, 11, 12]	0.014937877655029297
9	15	32	[6, 3, 2, 9, 7, 4, 10, 4, 10, 4, 10, 6, 10, 4, 7]	0.012442350387573242
9	20	28	[6, 3, 2, 1, 8, 5, 9, 0, 11, 13, 0, 12]	0.013527393341064453
9	25	29	[6, 3, 2, 1, 8, 5, 9, 0, 11, 13, 0, 12]	0.018853187561035156
9	1	16	[9, 5, 8, 1, 2, 3, 6, 10, 4]	0.016193628311157227
9	5	16	[9, 5, 8, 1, 2, 3, 6, 10, 4]	0.012237548828125
9	10	16	[9, 5, 8, 1, 2, 3, 6, 10, 4]	0.012773513793945312
9	15	18	[9, 5, 8, 1, 2, 3, 6, 10, 4]	0.012773752212524414
9	20	19	[9, 5, 8, 1, 2, 3, 6, 10, 4]	0.018064022064208984
9	25	21	[9, 5, 8, 1, 2, 3, 6, 10, 4]	0.060884714126586914
9	1	21	[13, 11, 0, 9, 5, 8, 1, 2, 3, 6, 10]	0.019513607025146484
9	5	21	[13, 11, 0, 9, 5, 8, 1, 2, 3, 6, 10]	0.02556443214416504
9	10	21	[13, 11, 0, 9, 5, 8, 1, 2, 3, 6, 10]	0.017739295959472656
9	15	23	[13, 11, 0, 9, 5, 8, 1, 2, 3, 6, 10]	0.018801450729370117
9	20	26	[13, 11, 0, 9, 5, 8, 1, 2, 3, 6, 10]	0.02123117446899414
9	25	27	[13, 11, 0, 9, 5, 8, 1, 2, 3, 6, 10]	0.019446134567260742
9	1	19	[4, 7, 9, 5, 8, 1, 2, 3, 6, 10]	0.01687908172607422
9	5	19	[4, 7, 9, 5, 8, 1, 2, 3, 6, 10]	0.01573324203491211
9	10	19	[4, 7, 9, 5, 8, 1, 2, 3, 6, 10]	0.012647151947021484
9	15	21	[4, 7, 9, 5, 8, 1, 2, 3, 6, 10]	0.012038230895996094
9	20	22	[4, 7, 9, 5, 8, 1, 2, 3, 6, 10]	0.015870094299316406
9	25	23	[4, 7, 9, 5, 8, 1, 2, 3, 6, 10]	0.019739151000976562
9	1	24	[0, 11, 13, 11, 12, 2, 3, 6, 10, 4, 7]	0.0164639949798584
9	5	24	[0, 11, 13, 11, 12, 2, 3, 6, 10, 4, 7]	0.018785715103149414
9	10	29	[0, 11, 13, 0, 9, 5, 8, 1, 2, 3, 6, 10, 4, 7]	0.020183563232421875
9	15	24	[0, 11, 13, 11, 12, 2, 3, 6, 10, 4, 7]	0.01652669906616211
9	20	26	[0, 11, 13, 11, 12, 2, 3, 6, 10, 4, 7]	0.0157473087310791
9	25	39	[0, 11, 13, 0, 9, 5, 8, 1, 2, 12, 11, 0, 12, 2, 3]	0.02042841911315918
9	1	16	[11, 0, 9, 5, 8, 1, 2, 3, 6]	0.01647639274597168
9	5	16	[11, 0, 9, 5, 8, 1, 2, 3, 6]	0.013171195983886719
9	10	16	[11, 0, 9, 5, 8, 1, 2, 3, 6]	0.015007257461547852
9	15	18	[11, 0, 9, 5, 8, 1, 2, 3, 6]	0.012641191482543945
9	20	21	[11, 0, 9, 5, 8, 1, 2, 3, 6]	0.01740407943725586
9	25	22	[11, 0, 9, 5, 8, 1, 2, 3, 6]	0.013905763626098633
9	1	32	[5, 9, 2, 3, 6, 10, 4, 7, 4, 10, 4, 7, 4, 10, 4]	0.018769025802612305
9	5	32	[5, 9, 2, 3, 6, 10, 4, 7, 4, 7, 9, 0, 11, 13, 0]	0.022787809371948242
9	10	32	[5, 9, 2, 3, 6, 10, 4, 7, 4, 7, 9, 0, 11, 13, 0]	0.024068355560302734
9	15	2	[5, 8]	0.0007479190826416016
9	20	34	[5, 9, 2, 3, 6, 10, 4, 7, 4, 7, 9, 0, 11, 13, 0]	0.021132707595825195
9	25	37	[5, 9, 2, 3, 6, 10, 4, 7, 4, 10, 6, 10, 4, 10, 6]	0.01723003387451172
9	1	30	[6, 3, 2, 1, 8, 5, 9, 0, 11, 12, 2, 3, 6, 10, 4]	0.021694183349609375
9	5	31	[6, 3, 2, 1, 8, 5, 9, 0, 11, 13, 0, 12, 0, 13, 0]	0.021127939224243164
9	10	31	[6, 3, 2, 1, 8, 5, 9, 0, 11, 13, 0, 12, 11, 13, 11]	0.021712064743041992
9	15	33	[6, 3, 2, 1, 8, 5, 9, 0, 11, 13, 11, 12, 11, 0, 12]	0.0243682861328125
9	20	35	[6, 3, 2, 1, 8, 5, 9, 0, 11, 13, 11, 12, 0, 12, 11]	0.024881362915039062
9	25	37	[6, 3, 2, 1, 8, 5, 9, 0, 11, 13, 11, 12, 11, 13, 0]	0.0276336669921875
9	1	15	[2, 3, 6, 10, 4, 7, 9, 5]	0.015789031982421875
9	5	15	[2, 3, 6, 10, 4, 7, 9, 5]	0.014796257019042969
9	10	15	[2, 3, 6, 10, 4, 7, 9, 5]	0.011778831481933594
9	15	34	[2, 3, 6, 10, 4, 7, 9, 0, 11, 13, 11, 12, 2, 1, 8]	0.0302274227142334
9	20	16	[2, 3, 6, 10, 4, 7, 9, 5]	0.01418924331665039
9	25	17	[2, 3, 6, 10, 4, 7, 9, 5]	0.019406795501708984
9	1	32	[8, 5, 9, 2, 3, 6, 10, 4, 7, 9, 0, 11, 13, 11, 12]	0.033071041107177734
9	5	30	[8, 5, 9, 2, 3, 6, 10, 4, 7, 4, 10, 6, 10, 6, 10]	0.027960538864135742
9	10	32	[8, 5, 9, 2, 3, 6, 10, 4, 7, 9, 0, 11, 13, 11, 12]	0.02775263786315918
9	15	32	[8, 5, 9, 2, 3, 6, 10, 4, 7, 9, 0, 11, 13, 11, 12]	0.025799036026000977
9	20	33	[8, 5, 9, 2, 3, 6, 10, 4, 7, 4, 10, 4, 7, 4, 10]	0.021285533905029297
9	25	36	[8, 5, 9, 2, 3, 6, 10, 4, 7, 9, 0, 11, 13, 0, 12]	0.019556283950805664
9	1	8	[1, 2, 3, 6, 10]	0.007581233978271484
9	5	8	[1, 2, 3, 6, 10]	0.005747795104980469
9	10	8	[1, 2, 3, 6, 10]	0.006082773208618164
9	15	32	[1, 2, 12, 11, 0, 9, 5, 8, 5, 8, 5, 9, 7, 4, 10]	0.023380041122436523
9	20	11	[1, 2, 3, 6, 10]	0.007000923156738281
9	25	11	[1, 2, 3, 6, 10]	0.004526376724243164
9	1	6	[5, 9, 2, 3]	0.0034797191619873047
9	5	6	[5, 9, 2, 3]	0.007840871810913086
9	10	6	[5, 9, 2, 3]	0.005261898040771484
9	15	6	[5, 9, 2, 3]	0.0068666934967041016
9	20	33	[5, 9, 2, 1, 8, 1, 8, 5, 8, 5, 8, 1, 2, 3]	0.015819072723388672
9	25	12	[5, 8, 1, 2, 3]	0.007699012756347656
9	1	13	[4, 7, 9, 5, 8, 1, 2]	0.010039567947387695
9	5	13	[4, 7, 9, 5, 8, 1, 2]	0.009942770004272461
9	10	13	[4, 7, 9, 5, 8, 1, 2]	0.008714914321899414
9	15	15	[4, 7, 9, 5, 8, 1, 2]	0.009446859359741211
9	20	15	[4, 7, 9, 5, 8, 1, 2]	0.01228022575378418
9	25	16	[4, 7, 9, 5, 8, 1, 2]	0.008434057235717773
9	1	8	[8, 5, 9, 2, 3]	0.008602380752563477
9	5	8	[8, 5, 9, 2, 3]	0.00677800178527832
9	10	8	[8, 5, 9, 2, 3]	0.008495092391967773
9	15	8	[8, 5, 9, 2, 3]	0.0075702667236328125
9	20	9	[8, 5, 9, 2, 3]	0.007410526275634766
9	25	10	[8, 5, 9, 2, 3]	0.008176326751708984
9	1	2	[11, 0]	0.0016603469848632812
9	5	2	[11, 0]	0.0026395320892333984
9	10	2	[11, 0]	0.0025708675384521484
9	15	2	[11, 0]	0.0015797615051269531
9	20	3	[11, 0]	0.0012390613555908203
9	25	3	[11, 0]	0.002138853073120117
9	1	14	[6, 3, 2, 1, 8, 5, 9, 0]	0.01328587532043457
9	5	14	[6, 3, 2, 1, 8, 5, 9, 0]	0.010795354843139648
9	10	14	[6, 3, 2, 1, 8, 5, 9, 0]	0.013197898864746094
9	15	32	[6, 3, 2, 1, 8, 5, 9, 7, 4, 10, 6, 10, 4, 10, 6]	0.023679256439208984
9	20	16	[6, 3, 2, 1, 8, 5, 9, 0]	0.01409149169921875
9	25	17	[6, 3, 2, 1, 8, 5, 9, 0]	0.012777566909790039
9	1	19	[8, 1, 2, 3, 6, 10, 4, 7, 9, 5]	0.015795469284057617
9	5	2	[8, 5]	0.0014481544494628906
9	10	2	[8, 5]	0.0020139217376708984
9	15	2	[8, 5]	0.0016460418701171875
9	20	2	[8, 5]	0.0017518997192382812
9	25	2	[8, 5]	0.0013966560363769531
10	1	31	[10, 4, 7, 9, 5, 8, 1, 2, 3, 6, 3, 6, 10, 4, 10]	0.08948087692260742
10	5	35	[10, 4, 7, 9, 2, 3, 6, 10, 4, 10, 4, 10, 4, 10, 6]	0.06616735458374023
10	10	31	[10, 4, 7, 9, 5, 8, 1, 2, 3, 6, 10, 6, 3, 2, 12]	0.05777716636657715
10	15	30	[10, 4, 7, 9, 5, 8, 1, 2, 3, 6, 3, 6, 3, 2, 12]	0.06073641777038574
10	20	10028	[10, 4, 7, 9, 5, 8, 1, 2, 3, 6, 10, 6, 3, 2, 12]	0.06787514686584473
10	25	10029	[10, 4, 7, 9, 5, 8, 1, 2, 3, 6, 10, 6, 3, 6, 10]	0.0772089958190918
10	1	18	[6, 3, 2, 1, 8, 5, 9, 0, 12, 11]	0.05062460899353027
10	5	16	[6, 3, 2, 1, 8, 5, 9, 0, 11]	0.04001426696777344
10	10	16	[6, 3, 2, 1, 8, 5, 9, 0, 11]	0.03931164741516113
10	15	16	[6, 3, 2, 1, 8, 5, 9, 0, 11]	0.04445505142211914
10	20	17	[6, 3, 2, 1, 8, 5, 9, 0, 11]	0.0422208309173584
10	25	18	[6, 3, 2, 1, 8, 5, 9, 0, 11]	0.04378151893615723
10	1	10	[10, 4, 7, 9, 5]	0.022190093994140625
10	5	10	[10, 4, 7, 9, 5]	0.0228426456451416
10	10	10	[10, 4, 7, 9, 5]	0.016405582427978516
10	15	10	[10, 4, 7, 9, 5]	0.01997828483581543
10	20	10006	[10, 4, 7, 9, 5]	0.017601490020751953
10	25	10006	[10, 4, 7, 9, 5]	0.022418498992919922
10	1	4	[6, 3, 2]	0.012223482131958008
10	5	4	[6, 3, 2]	0.008103132247924805
10	10	4	[6, 3, 2]	0.013193845748901367
10	15	4	[6, 3, 2]	0.013068914413452148
10	20	4	[6, 3, 2]	0.011480331420898438
10	25	4	[6, 3, 2]	0.010016679763793945
10	1	13	[8, 5, 9, 2, 3, 6, 10]	0.033434152603149414
10	5	13	[8, 5, 9, 2, 3, 6, 10]	0.034017086029052734
10	10	13	[8, 5, 9, 2, 3, 6, 10]	0.030516862869262695
10	15	13	[8, 5, 9, 2, 3, 6, 10]	0.03337454795837402
10	20	13	[8, 5, 9, 2, 3, 6, 10]	0.038140296936035156
10	25	13	[8, 5, 9, 2, 3, 6, 10]	0.04109597206115723
10	1	9	[3, 6, 10, 4, 7]	0.02774643898010254
10	5	32	[3, 2, 1, 8, 5, 9, 0, 11, 13, 0, 12, 11, 13, 11, 12]	0.08516120910644531
10	10	32	[3, 2, 1, 8, 5, 9, 0, 11, 13, 11, 12, 2, 12, 0, 13]	0.07927751541137695
10	15	13	[3, 2, 1, 8, 5, 9, 7]	0.025187253952026367
10	20	34	[3, 2, 1, 8, 5, 9, 0, 11, 13, 0, 12, 0, 11, 12, 2]	0.06470847129821777
10	25	37	[3, 2, 1, 8, 5, 9, 0, 11, 13, 11, 12, 2, 12, 11, 12]	0.05428433418273926
10	1	8	[11, 0, 9, 5, 8]	0.02396869659423828
10	5	8	[11, 0, 9, 5, 8]	0.026410579681396484
10	10	8	[11, 0, 9, 5, 8]	0.02681732177734375
10	15	8	[11, 0, 9, 5, 8]	0.019011974334716797
10	20	8	[11, 0, 9, 5, 8]	0.01788783073425293
10	25	9	[11, 0, 9, 5, 8]	0.017287015914916992
10	1	33	[8, 5, 9, 2, 3, 6, 10, 4, 7, 9, 0, 11, 13, 11, 12]	0.06484103202819824
10	5	20	[8, 5, 9, 7, 4, 10, 6, 3, 2, 1]	0.0531771183013916
10	10	34	[8, 5, 9, 2, 3, 6, 10, 4, 7, 9, 0, 11, 13, 0, 12]	0.07900428771972656
10	15	33	[8, 5, 9, 2, 3, 6, 10, 4, 7, 9, 0, 11, 13, 11, 12]	0.06484198570251465
10	20	30021	[8, 5, 9, 2, 3, 6, 10, 4, 7, 4, 7, 4, 7, 4, 10]	0.05963921546936035
10	25	10030	[8, 5, 9, 2, 3, 6, 10, 4, 7, 9, 0, 11, 13, 11, 12]	0.06435036659240723
10	1	13	[7, 9, 5, 8, 1, 2, 3]	0.02705860137939453
10	5	13	[7, 9, 5, 8, 1, 2, 3]	0.028240680694580078
10	10	13	[7, 9, 5, 8, 1, 2, 3]	0.07337522506713867
10	15	13	[7, 9, 5, 8, 1, 2, 3]	0.03449749946594238
10	20	10010	[7, 9, 5, 8, 1, 2, 3]	0.03780984878540039
10	25	10011	[7, 9, 5, 8, 1, 2, 3]	0.033281803131103516
10	1	27	[0, 11, 13, 11, 12, 2, 3, 6, 10, 4, 7, 9]	0.05509209632873535
10	5	27	[0, 11, 13, 11, 12, 2, 3, 6, 10, 4, 7, 9]	0.05661749839782715
10	10	27	[0, 11, 13, 11, 12, 2, 3, 6, 10, 4, 7, 9]	0.06256484985351562
10	15	10	[0, 11, 13, 0, 9]	0.016451120376586914
10	20	10023	[0, 11, 13, 11, 12, 2, 3, 6, 10, 4, 7, 9]	0.053273916244506836
10	25	10	[0, 11, 13, 0, 9]	0.016449689865112305
10	1	10	[5, 8, 1, 2, 3, 6]	0.027691125869750977
10	5	9	[5, 9, 2, 3, 6]	0.02318263053894043
10	10	9	[5, 9, 2, 3, 6]	0.01715874671936035
10	15	9	[5, 9, 2, 3, 6]	0.021504640579223633
10	20	9	[5, 9, 2, 3, 6]	0.02234959602355957
10	25	9	[5, 9, 2, 3, 6]	0.020665884017944336
10	1	32	[7, 9, 5, 8, 1, 2, 3, 6, 10, 4, 10, 4, 7, 9, 0]	0.0741114616394043
10	5	32	[7, 9, 5, 8, 1, 2, 3, 6, 10, 4, 10, 6, 10, 4, 10]	0.05761528015136719
10	10	32	[7, 9, 5, 8, 1, 2, 3, 6, 10, 4, 10, 4, 7, 4, 10]	0.06866312026977539
10	15	32	[7, 9, 5, 8, 1, 2, 3, 6, 10, 4, 10, 6, 10, 4, 10]	0.06565999984741211
10	20	10029	[7, 9, 5, 8, 1, 2, 3, 6, 10, 4, 10, 4, 10, 4, 10]	0.06826639175415039
10	25	10018	[7, 9, 5, 8, 1, 2, 12, 11, 0]	0.045894622802734375
10	1	11	[1, 2, 3, 6, 10, 4]	0.03055715560913086
10	5	11	[1, 2, 3, 6, 10, 4]	0.02812981605529785
10	10	11	[1, 2, 3, 6, 10, 4]	0.025618314743041992
10	15	11	[1, 2, 3, 6, 10, 4]	0.029314756393432617
10	20	12	[1, 2, 3, 6, 10, 4]	0.023316383361816406
10	25	13	[1, 2, 3, 6, 10, 4]	0.02173638343811035
10	1	16	[6, 3, 2, 1, 8, 5, 9, 0, 11]	0.04264354705810547
10	5	16	[6, 3, 2, 1, 8, 5, 9, 0, 11]	0.05214118957519531
10	10	28	[6, 3, 2, 9, 5, 8, 1, 8, 5, 8, 5, 8, 5, 9, 0]	0.07581043243408203
10	15	16	[6, 3, 2, 1, 8, 5, 9, 0, 11]	0.05408215522766113
10	20	17	[6, 3, 2, 1, 8, 5, 9, 0, 11]	0.05331301689147949
10	25	18	[6, 3, 2, 1, 8, 5, 9, 0, 11]	0.04761838912963867
10	1	25	[8, 5, 9, 2, 3, 6, 10, 4, 7, 9, 0, 11]	0.059511661529541016
10	5	25	[8, 5, 9, 2, 3, 6, 10, 4, 7, 9, 0, 11]	0.05017399787902832
10	10	31	[8, 5, 9, 7, 4, 10, 6, 3, 2, 1, 8, 5, 8, 5, 8]	0.05730247497558594
10	15	33	[8, 5, 9, 2, 3, 6, 10, 4, 7, 4, 7, 4, 10, 4, 10]	0.061012983322143555
10	20	10021	[8, 5, 9, 2, 3, 6, 10, 4, 7, 9, 0, 11]	0.05704474449157715
10	25	10029	[8, 5, 9, 2, 3, 6, 10, 4, 7, 4, 10, 6, 10, 4, 7]	0.05298209190368652
10	1	9	[5, 9, 2, 3, 6]	0.0137786865234375
10	5	12	[5, 9, 7, 4, 10, 6]	0.027009963989257812
10	10	9	[5, 9, 2, 3, 6]	0.018543481826782227
10	15	9	[5, 9, 2, 3, 6]	0.02060675621032715
10	20	9	[5, 9, 2, 3, 6]	0.02365732192993164
10	25	10028	[5, 9, 2, 12, 11, 0, 13, 0, 9, 7, 4, 10, 6]	0.056906700134277344
10	1	29	[9, 5, 8, 1, 2, 12, 11, 0, 13, 11, 0, 12, 11, 0, 9]	0.06643271446228027
10	5	12	[9, 5, 8, 1, 2, 3, 6]	0.028221607208251953
10	10	12	[9, 5, 8, 1, 2, 3, 6]	0.03297066688537598
10	15	12	[9, 5, 8, 1, 2, 3, 6]	0.02910590171813965
10	20	13	[9, 5, 8, 1, 2, 3, 6]	0.028953075408935547
10	25	14	[9, 5, 8, 1, 2, 3, 6]	0.02923727035522461
10	1	7	[8, 5, 9, 2]	0.012933492660522461
10	5	7	[8, 5, 9, 2]	0.016629457473754883
10	10	7	[8, 5, 9, 2]	0.01889181137084961
10	15	7	[8, 5, 9, 2]	0.013796091079711914
10	20	7	[8, 5, 9, 2]	0.015083074569702148
10	25	7	[8, 5, 9, 2]	0.016986608505249023
10	1	9	[13, 11, 0, 9, 5]	0.0203402042388916
10	5	9	[13, 11, 0, 9, 5]	0.02177262306213379
10	10	9	[13, 11, 0, 9, 5]	0.019138574600219727
10	15	9	[13, 11, 0, 9, 5]	0.018990516662597656
10	20	9	[13, 11, 0, 9, 5]	0.02299666404724121
10	25	10	[13, 11, 0, 9, 5]	0.019414424896240234
10	1	30	[4, 7, 9, 5, 8, 1, 2, 3, 6, 10, 6, 3, 2, 12, 11]	0.0640859603881836
10	5	31	[4, 7, 9, 5, 8, 1, 2, 3, 6, 10, 4, 7, 9, 0, 11]	0.06462430953979492
10	10	30	[4, 7, 9, 5, 8, 1, 2, 3, 6, 10, 6, 3, 6, 3, 6]	0.06313610076904297
10	15	32	[4, 7, 9, 5, 8, 1, 2, 3, 6, 10, 4, 10, 4, 7, 9]	0.05206608772277832
10	20	10029	[4, 7, 9, 5, 8, 1, 2, 3, 6, 10, 4, 10, 6, 10, 6]	0.04178905487060547
10	25	20026	[4, 7, 9, 5, 8, 1, 2, 3, 6, 10, 6, 10, 4, 7, 9]	0.049706220626831055
