Num of Nodes	BW	Num of Hops	Path	Execution Time (seconds)
5	1	9	[7, 6, 13, 20, 0]	0.032962799072265625
5	5	9	[7, 6, 13, 20, 0]	0.002965688705444336
5	10	9	[7, 6, 13, 20, 0]	0.0014042854309082031
5	15	9	[7, 6, 13, 20, 0]	0.002429962158203125
5	20	9	[7, 6, 13, 20, 0]	0.0027959346771240234
5	25	9	[7, 6, 13, 20, 0]	0.002597332000732422
5	1	39	[2, 15, 10, 3, 4, 1, 16, 8, 22, 5, 0, 20, 13, 6, 7, 18, 11, 23, 12]	0.006618022918701172
5	5	39	[2, 15, 10, 3, 4, 1, 16, 8, 22, 5, 0, 20, 13, 6, 7, 18, 11, 23, 12]	0.009251594543457031
5	10	39	[2, 15, 10, 3, 4, 1, 16, 8, 22, 5, 0, 20, 13, 6, 7, 18, 11, 23, 12]	0.010269641876220703
5	15	10035	[2, 15, 10, 3, 4, 1, 16, 8, 22, 5, 0, 20, 13, 6, 7, 18, 11, 23, 12]	0.009759902954101562
5	20	27	[2, 15, 10, 3, 5, 0, 20, 13, 6, 7, 18, 11, 23, 12]	0.006021738052368164
5	25	10035	[2, 15, 10, 3, 4, 1, 16, 8, 22, 5, 0, 20, 13, 6, 7, 18, 11, 23, 12]	0.012000799179077148
5	1	31	[10, 3, 4, 1, 16, 8, 22, 5, 0, 20, 13, 6, 7, 18, 11]	0.010130167007446289
5	5	31	[10, 3, 4, 1, 16, 8, 22, 5, 0, 20, 13, 6, 7, 18, 11]	0.006136417388916016
5	10	31	[10, 3, 4, 1, 16, 8, 22, 5, 0, 20, 13, 6, 7, 18, 11]	0.01023101806640625
5	15	10027	[10, 3, 4, 1, 16, 8, 22, 5, 0, 20, 13, 6, 7, 18, 11]	0.009552240371704102
5	20	10027	[10, 3, 4, 1, 16, 8, 22, 5, 0, 20, 13, 6, 7, 18, 11]	0.0076732635498046875
5	25	10027	[10, 3, 4, 1, 16, 8, 22, 5, 0, 20, 13, 6, 7, 18, 11]	0.009475231170654297
5	1	22	[2, 15, 10, 3, 4, 1, 16, 8, 22, 5, 0]	0.007590770721435547
5	5	22	[2, 15, 10, 3, 4, 1, 16, 8, 22, 5, 0]	0.0061304569244384766
5	10	22	[2, 15, 10, 3, 4, 1, 16, 8, 22, 5, 0]	0.0074138641357421875
5	15	10018	[2, 15, 10, 3, 4, 1, 16, 8, 22, 5, 0]	0.0044171810150146484
5	20	10018	[2, 15, 10, 3, 4, 1, 16, 8, 22, 5, 0]	0.0048809051513671875
5	25	10018	[2, 15, 10, 3, 4, 1, 16, 8, 22, 5, 0]	0.008449316024780273
5	1	50	[5, 0, 20, 13, 6, 7, 18, 3, 4, 1, 16, 10, 15, 2, 17, 9, 17, 2, 17, 2, 17, 9, 18, 11, 23]	0.012036800384521484
5	5	38	[5, 0, 20, 13, 6, 7, 18, 3, 4, 1, 16, 10, 15, 2, 17, 9, 18, 11, 23]	0.008779048919677734
5	10	42	[5, 0, 20, 13, 6, 7, 18, 3, 4, 1, 16, 10, 15, 2, 17, 9, 17, 9, 18, 11, 23]	0.009868144989013672
5	15	39	[5, 0, 20, 13, 6, 7, 18, 3, 4, 1, 16, 10, 15, 2, 17, 9, 18, 11, 23]	0.01121830940246582
5	20	55	[5, 0, 20, 13, 6, 7, 18, 3, 4, 1, 16, 10, 15, 2, 17, 9, 17, 9, 17, 2, 17, 9, 17, 2, 17]	0.009855031967163086
5	25	39	[5, 0, 20, 13, 6, 7, 18, 3, 4, 1, 16, 10, 15, 2, 17, 9, 18, 11, 23]	0.01403188705444336
5	1	33	[16, 10, 3, 21, 12, 23, 11, 20, 0, 5, 22, 14, 19, 14, 22, 8]	0.00482630729675293
5	5	13	[16, 10, 3, 4, 1, 16, 8]	0.0021250247955322266
5	10	13	[16, 10, 3, 4, 1, 16, 8]	0.004176139831542969
5	15	52	[16, 10, 3, 4, 1, 16, 14, 22, 5, 0, 20, 13, 6, 7, 18, 11, 23, 12, 21, 12, 19, 12, 15, 2, 17]	0.01152801513671875
5	20	13	[16, 10, 3, 4, 1, 16, 8]	0.004460334777832031
5	25	10051	[16, 10, 3, 4, 1, 4, 1, 4, 3, 21, 12, 23, 11, 20, 0, 5, 22, 14, 19, 14, 19, 14, 22, 8]	0.010854482650756836
5	1	47	[8, 22, 5, 0, 20, 13, 6, 7, 18, 3, 4, 1, 16, 10, 15, 2, 17, 9, 17, 2, 15, 12, 21]	0.010200738906860352
5	5	47	[8, 22, 5, 0, 20, 13, 6, 7, 18, 3, 4, 1, 16, 10, 15, 2, 17, 9, 18, 11, 23, 12, 21]	0.011258363723754883
5	10	47	[8, 22, 5, 0, 20, 13, 6, 7, 18, 3, 4, 1, 16, 10, 15, 2, 17, 9, 18, 11, 23, 12, 21]	0.012351274490356445
5	15	10051	[8, 22, 5, 0, 20, 13, 6, 7, 18, 3, 4, 1, 16, 10, 15, 2, 17, 9, 17, 9, 17, 9, 17, 2, 17]	0.008680105209350586
5	20	10031	[8, 22, 5, 0, 20, 13, 6, 7, 18, 3, 4, 1, 16, 10, 15, 12, 21]	0.005713701248168945
5	25	10044	[8, 22, 5, 0, 20, 13, 6, 7, 18, 3, 4, 1, 16, 10, 15, 2, 17, 9, 18, 11, 23, 12, 21]	0.00895547866821289
5	1	26	[15, 10, 3, 4, 1, 16, 8, 22, 5, 0, 20, 13, 6]	0.005434274673461914
5	5	26	[15, 10, 3, 4, 1, 16, 8, 22, 5, 0, 20, 13, 6]	0.0054476261138916016
5	10	26	[15, 10, 3, 4, 1, 16, 8, 22, 5, 0, 20, 13, 6]	0.004415273666381836
5	15	10022	[15, 10, 3, 4, 1, 16, 8, 22, 5, 0, 20, 13, 6]	0.0068206787109375
5	20	10022	[15, 10, 3, 4, 1, 16, 8, 22, 5, 0, 20, 13, 6]	0.005538225173950195
5	25	12	[15, 10, 3, 18, 7, 6]	0.0016853809356689453
5	1	51	[18, 3, 4, 1, 16, 10, 15, 2, 17, 9, 18, 7, 6, 13, 20, 0, 5, 22, 14, 19, 12, 21, 12, 23]	0.0077626705169677734
5	5	51	[18, 3, 4, 1, 16, 10, 15, 2, 17, 9, 17, 9, 17, 2, 17, 9, 17, 9, 18, 7, 6, 13, 20, 0, 5]	0.0070950984954833984
5	10	52	[18, 3, 4, 1, 16, 10, 15, 2, 17, 9, 18, 7, 6, 13, 20, 0, 5, 22, 14, 19, 12, 21, 12, 23]	0.009584903717041016
5	15	54	[18, 3, 4, 1, 16, 10, 15, 2, 17, 9, 17, 2, 15, 12, 21, 3, 5, 0, 20, 13, 6, 7, 6, 7, 18]	0.0104217529296875
5	20	55	[18, 3, 4, 1, 16, 10, 15, 2, 17, 9, 18, 7, 6, 13, 20, 0, 5, 22, 14, 19, 12, 21, 3, 5, 0]	0.008791923522949219
5	25	53	[18, 3, 4, 1, 16, 10, 15, 2, 17, 9, 17, 9, 17, 2, 15, 12, 19, 14, 22, 5, 0, 20, 13, 6, 7]	0.009340763092041016
5	1	26	[5, 0, 20, 13, 6, 7, 18, 3, 4, 1, 16, 10, 15]	0.0076580047607421875
5	5	26	[5, 0, 20, 13, 6, 7, 18, 3, 4, 1, 16, 10, 15]	0.005507946014404297
5	10	26	[5, 0, 20, 13, 6, 7, 18, 3, 4, 1, 16, 10, 15]	0.008877754211425781
5	15	26	[5, 0, 20, 13, 6, 7, 18, 3, 4, 1, 16, 10, 15]	0.0051767826080322266
5	20	26	[5, 0, 20, 13, 6, 7, 18, 3, 4, 1, 16, 10, 15]	0.008229255676269531
5	25	26	[5, 0, 20, 13, 6, 7, 18, 3, 4, 1, 16, 10, 15]	0.006852149963378906
5	1	22	[3, 4, 1, 16, 10, 15, 2, 17, 9, 18, 7]	0.007008075714111328
5	5	22	[3, 4, 1, 16, 10, 15, 2, 17, 9, 18, 7]	0.0039517879486083984
5	10	22	[3, 4, 1, 16, 10, 15, 2, 17, 9, 18, 7]	0.006158351898193359
5	15	23	[3, 4, 1, 16, 10, 15, 2, 17, 9, 18, 7]	0.006011247634887695
5	20	12	[3, 5, 0, 20, 13, 6, 7]	0.002330780029296875
5	25	23	[3, 4, 1, 16, 10, 15, 2, 17, 9, 18, 7]	0.004688262939453125
5	1	40	[21, 3, 4, 1, 16, 10, 15, 2, 17, 9, 18, 7, 6, 13, 20, 0, 5, 22, 14]	0.011304855346679688
5	5	40	[21, 3, 4, 1, 16, 10, 15, 2, 17, 9, 18, 7, 6, 13, 20, 0, 5, 22, 14]	0.007090330123901367
5	10	45	[21, 3, 4, 1, 16, 10, 15, 2, 17, 9, 18, 7, 6, 13, 20, 0, 5, 22, 8, 22, 14]	0.01126551628112793
5	15	41	[21, 3, 4, 1, 16, 10, 15, 2, 17, 9, 18, 7, 6, 13, 20, 0, 5, 22, 14]	0.00925755500793457
5	20	44	[21, 3, 4, 1, 16, 10, 15, 2, 17, 9, 18, 7, 6, 13, 20, 11, 23, 12, 19, 14]	0.005948781967163086
5	25	10037	[21, 3, 4, 1, 16, 10, 15, 2, 17, 9, 18, 7, 6, 13, 20, 0, 5, 22, 14]	0.008210182189941406
5	1	43	[17, 2, 15, 10, 3, 4, 1, 16, 8, 22, 5, 0, 20, 13, 6, 7, 18, 11, 23, 12, 21]	0.009624719619750977
5	5	43	[17, 2, 15, 10, 3, 4, 1, 16, 8, 22, 5, 0, 20, 13, 6, 7, 18, 11, 23, 12, 21]	0.007451057434082031
5	10	34	[17, 2, 15, 10, 3, 4, 1, 16, 8, 22, 5, 0, 20, 11, 23, 12, 21]	0.007230281829833984
5	15	10040	[17, 2, 15, 10, 3, 4, 1, 16, 8, 22, 5, 0, 20, 13, 6, 7, 18, 11, 23, 12, 21]	0.007138490676879883
5	20	9	[17, 2, 15, 12, 21]	0.0013892650604248047
5	25	10040	[17, 2, 15, 10, 3, 4, 1, 16, 8, 22, 5, 0, 20, 13, 6, 7, 18, 11, 23, 12, 21]	0.008686065673828125
5	1	14	[12, 21, 3, 4, 1, 16, 10]	0.002603292465209961
5	5	14	[12, 21, 3, 4, 1, 16, 10]	0.0037736892700195312
5	10	14	[12, 21, 3, 4, 1, 16, 10]	0.002437591552734375
5	15	14	[12, 21, 3, 4, 1, 16, 10]	0.002658843994140625
5	20	14	[12, 21, 3, 4, 1, 16, 10]	0.003561735153198242
5	25	10010	[12, 21, 3, 4, 1, 16, 10]	0.0029304027557373047
5	1	43	[21, 3, 4, 1, 16, 10, 15, 2, 17, 9, 18, 7, 6, 13, 20, 0, 5, 22, 14, 19]	0.007853269577026367
5	5	43	[21, 3, 4, 1, 16, 10, 15, 2, 17, 9, 18, 7, 6, 13, 20, 0, 5, 22, 14, 19]	0.007994651794433594
5	10	43	[21, 3, 4, 1, 16, 10, 15, 2, 17, 9, 18, 7, 6, 13, 20, 0, 5, 22, 14, 19]	0.007936239242553711
5	15	44	[21, 3, 4, 1, 16, 10, 15, 2, 17, 9, 18, 7, 6, 13, 20, 0, 5, 22, 14, 19]	0.0074694156646728516
5	20	44	[21, 3, 4, 1, 16, 10, 15, 2, 17, 9, 18, 7, 6, 13, 20, 0, 5, 22, 14, 19]	0.00866842269897461
5	25	10040	[21, 3, 4, 1, 16, 10, 15, 2, 17, 9, 18, 7, 6, 13, 20, 0, 5, 22, 14, 19]	0.009846210479736328
5	1	12	[21, 3, 4, 1, 16, 10]	0.0030558109283447266
5	5	12	[21, 3, 4, 1, 16, 10]	0.002228260040283203
5	10	12	[21, 3, 4, 1, 16, 10]	0.002193927764892578
5	15	10047	[21, 3, 4, 1, 16, 8, 22, 5, 0, 20, 13, 6, 7, 18, 11, 23, 12, 19, 14, 19, 12, 15, 10]	0.009456634521484375
5	20	12	[21, 3, 4, 1, 16, 10]	0.0034449100494384766
5	25	10008	[21, 3, 4, 1, 16, 10]	0.0037572383880615234
5	1	23	[23, 11, 20, 13, 6, 7, 18, 3, 4, 1, 16]	0.00435948371887207
5	5	18	[23, 11, 20, 0, 5, 3, 4, 1, 16]	0.005147218704223633
5	10	18	[23, 11, 20, 0, 5, 3, 4, 1, 16]	0.0038957595825195312
5	15	41	[23, 11, 20, 0, 5, 3, 18, 7, 6, 13, 20, 11, 23, 12, 21, 3, 4, 1, 16]	0.006931781768798828
5	20	18	[23, 11, 20, 0, 5, 3, 4, 1, 16]	0.0031120777130126953
5	25	20020	[23, 11, 20, 0, 5, 3, 21, 12, 19, 14, 22, 8, 16]	0.003843069076538086
5	1	9	[10, 3, 4, 1, 16]	0.0018444061279296875
5	5	9	[10, 3, 4, 1, 16]	0.002940654754638672
5	10	9	[10, 3, 4, 1, 16]	0.001954317092895508
5	15	9	[10, 3, 4, 1, 16]	0.0013256072998046875
5	20	35	[10, 3, 5, 0, 20, 13, 6, 7, 18, 11, 23, 12, 21, 3, 4, 1, 16]	0.007475614547729492
5	25	9	[10, 3, 4, 1, 16]	0.001806020736694336
5	1	17	[20, 0, 5, 3, 4, 1, 16, 10, 15]	0.0029273033142089844
5	5	17	[20, 0, 5, 3, 4, 1, 16, 10, 15]	0.004041433334350586
5	10	17	[20, 0, 5, 3, 4, 1, 16, 10, 15]	0.003729104995727539
5	15	17	[20, 0, 5, 3, 4, 1, 16, 10, 15]	0.0038187503814697266
5	20	17	[20, 0, 5, 3, 4, 1, 16, 10, 15]	0.004262685775756836
5	25	17	[20, 0, 5, 3, 4, 1, 16, 10, 15]	0.0036172866821289062
5	1	31	[15, 10, 3, 4, 1, 16, 8, 22, 5, 0, 20, 13, 6, 7, 18]	0.007367849349975586
5	5	31	[15, 10, 3, 4, 1, 16, 8, 22, 5, 0, 20, 13, 6, 7, 18]	0.0074083805084228516
5	10	31	[15, 10, 3, 4, 1, 16, 8, 22, 5, 0, 20, 13, 6, 7, 18]	0.007394075393676758
5	15	10027	[15, 10, 3, 4, 1, 16, 8, 22, 5, 0, 20, 13, 6, 7, 18]	0.06450057029724121
5	20	10027	[15, 10, 3, 4, 1, 16, 8, 22, 5, 0, 20, 13, 6, 7, 18]	0.023439884185791016
5	25	10027	[15, 10, 3, 4, 1, 16, 8, 22, 5, 0, 20, 13, 6, 7, 18]	0.00796055793762207
6	1	26	[19, 14, 22, 5, 0, 20, 13, 6, 7, 18, 3, 4, 1]	0.0067462921142578125
6	5	26	[19, 14, 22, 5, 0, 20, 13, 6, 7, 18, 3, 4, 1]	0.005845785140991211
6	10	27	[19, 14, 22, 5, 0, 20, 13, 6, 7, 18, 3, 4, 1]	0.006868124008178711
6	15	27	[19, 14, 22, 5, 0, 20, 13, 6, 7, 18, 3, 4, 1]	0.00557398796081543
6	20	10038	[19, 14, 22, 5, 0, 20, 13, 6, 7, 18, 9, 17, 2, 15, 10, 3, 4, 1]	0.009716272354125977
6	25	30	[19, 14, 22, 5, 0, 20, 13, 6, 7, 18, 3, 4, 1]	0.005592823028564453
6	1	36	[4, 3, 21, 12, 23, 11, 20, 0, 5, 22, 14, 19, 12, 15, 2, 17, 9, 18]	0.010394096374511719
6	5	52	[4, 3, 21, 12, 23, 11, 20, 0, 5, 22, 14, 19, 12, 15, 10, 16, 1, 4, 1, 4, 1, 4, 3, 18]	0.008467674255371094
6	10	54	[4, 3, 21, 12, 23, 11, 20, 0, 5, 22, 14, 19, 12, 15, 10, 16, 1, 16, 8, 22, 14, 16, 14, 19, 12]	0.009366035461425781
6	15	43	[4, 3, 21, 12, 23, 11, 20, 0, 5, 22, 14, 19, 14, 16, 10, 15, 2, 17, 9, 18]	0.010532855987548828
6	20	45	[4, 3, 21, 12, 23, 11, 20, 0, 5, 22, 14, 19, 12, 15, 10, 16, 1, 4, 3, 18]	0.01131749153137207
6	25	57	[4, 3, 21, 12, 23, 11, 20, 0, 5, 22, 14, 19, 12, 15, 10, 16, 1, 16, 8, 16, 1, 4, 1, 16, 14]	0.010652303695678711
6	1	11	[13, 6, 7, 18, 3, 4]	0.002775907516479492
6	5	11	[13, 6, 7, 18, 3, 4]	0.002626180648803711
6	10	12	[13, 6, 7, 18, 3, 4]	0.0026662349700927734
6	15	12	[13, 6, 7, 18, 3, 4]	0.0030341148376464844
6	20	12	[13, 6, 7, 18, 3, 4]	0.002684354782104492
6	25	13	[13, 6, 7, 18, 3, 4]	0.0030951499938964844
6	1	18	[9, 17, 2, 15, 10, 3, 18, 7, 6]	0.006028413772583008
6	5	34	[9, 17, 2, 15, 10, 3, 4, 1, 16, 8, 22, 5, 0, 20, 13, 6]	0.010442495346069336
6	10	36	[9, 17, 2, 15, 10, 3, 4, 1, 16, 8, 22, 5, 0, 20, 13, 6]	0.011797904968261719
6	15	36	[9, 17, 2, 15, 10, 3, 4, 1, 16, 8, 22, 5, 0, 20, 13, 6]	0.008504152297973633
6	20	37	[9, 17, 2, 15, 10, 3, 4, 1, 16, 8, 22, 5, 0, 20, 13, 6]	0.007393598556518555
6	25	42	[9, 17, 2, 15, 12, 21, 3, 4, 1, 16, 10, 16, 8, 22, 5, 0, 20, 13, 6]	0.007416963577270508
6	1	18	[17, 2, 15, 10, 16, 1, 4, 3, 21]	0.003801107406616211
6	5	44	[17, 2, 15, 10, 3, 4, 1, 16, 8, 22, 5, 0, 20, 13, 6, 7, 18, 11, 23, 12, 21]	0.012673616409301758
6	10	46	[17, 2, 15, 10, 3, 4, 1, 16, 8, 22, 5, 0, 20, 13, 6, 7, 18, 11, 23, 12, 21]	0.009275674819946289
6	15	46	[17, 2, 15, 10, 3, 4, 1, 16, 8, 22, 5, 0, 20, 13, 6, 7, 18, 11, 23, 12, 21]	0.011314868927001953
6	20	48	[17, 2, 15, 10, 3, 4, 1, 16, 8, 22, 5, 0, 20, 13, 6, 7, 18, 11, 23, 12, 21]	0.010716676712036133
6	25	49	[17, 2, 15, 10, 3, 4, 1, 16, 8, 22, 5, 0, 20, 13, 6, 7, 18, 11, 23, 12, 21]	0.01018667221069336
6	1	4	[8, 22, 5]	0.0010974407196044922
6	5	4	[8, 22, 5]	0.0018019676208496094
6	10	4	[8, 22, 5]	0.0012433528900146484
6	15	4	[8, 22, 5]	0.001070261001586914
6	20	4	[8, 22, 5]	0.0010242462158203125
6	25	4	[8, 22, 5]	0.002722024917602539
6	1	51	[8, 22, 5, 0, 20, 13, 6, 7, 18, 3, 21, 12, 23, 11, 20, 13, 20, 13, 6, 7, 6, 7, 18, 9, 17]	0.00754094123840332
6	5	51	[8, 22, 5, 0, 20, 11, 23, 12, 21, 3, 4, 1, 16, 10, 15, 2, 17, 9, 18, 7, 6, 13, 20, 11, 20]	0.011626958847045898
6	10	55	[8, 22, 5, 0, 20, 13, 6, 7, 18, 3, 4, 1, 16, 10, 15, 2, 17, 9, 17, 2, 17, 9, 17, 9, 18]	0.012732267379760742
6	15	10049	[8, 16, 10, 3, 4, 1, 16, 14, 22, 5, 0, 20, 13, 6, 7, 18, 11, 23, 12, 21, 3, 18, 9, 17, 2]	0.013028860092163086
6	20	57	[8, 22, 5, 0, 20, 13, 6, 7, 18, 3, 4, 1, 16, 10, 15, 2, 17, 9, 18, 11, 23, 12, 21, 12, 19]	0.013595342636108398
6	25	58	[8, 22, 5, 0, 20, 13, 6, 7, 18, 3, 4, 1, 16, 10, 15, 2, 17, 9, 17, 2, 17, 9, 18, 11, 23]	0.012802600860595703
6	1	20	[12, 21, 3, 4, 1, 16, 10, 15, 2, 17]	0.005186796188354492
6	5	20	[12, 21, 3, 4, 1, 16, 10, 15, 2, 17]	0.00618433952331543
6	10	22	[12, 21, 3, 4, 1, 16, 10, 15, 2, 17]	0.0066471099853515625
6	15	22	[12, 21, 3, 4, 1, 16, 10, 15, 2, 17]	0.0043163299560546875
6	20	22	[12, 21, 3, 4, 1, 16, 10, 15, 2, 17]	0.0065877437591552734
6	25	23	[12, 21, 3, 4, 1, 16, 10, 15, 2, 17]	0.004826784133911133
6	1	49	[15, 10, 3, 4, 1, 16, 8, 22, 5, 0, 20, 13, 6, 7, 18, 11, 23, 12, 21, 3, 10, 15, 2]	0.010989904403686523
6	5	54	[15, 10, 3, 4, 1, 16, 8, 22, 5, 0, 20, 13, 6, 7, 18, 11, 23, 12, 21, 12, 19, 14, 19, 14, 16]	0.010755538940429688
6	10	10048	[15, 10, 3, 4, 1, 16, 8, 22, 5, 0, 20, 13, 6, 7, 18, 11, 23, 12, 21, 3, 18, 9, 17, 2]	0.010772228240966797
6	15	50	[15, 10, 3, 4, 1, 16, 8, 22, 5, 0, 20, 13, 6, 7, 18, 11, 23, 12, 21, 3, 10, 15, 2]	0.009087324142456055
6	20	57	[15, 10, 3, 4, 1, 16, 8, 22, 5, 0, 20, 13, 6, 7, 18, 11, 23, 12, 21, 3, 10, 16, 14, 19, 14]	0.010262250900268555
6	25	10055	[15, 10, 3, 4, 1, 16, 8, 22, 5, 0, 20, 13, 6, 7, 18, 11, 23, 12, 21, 3, 5, 0, 5, 0, 20]	0.011224508285522461
6	1	54	[16, 10, 3, 4, 1, 4, 1, 4, 1, 16, 8, 22, 5, 0, 20, 13, 6, 7, 18, 11, 23, 12, 21, 3, 5]	0.009801626205444336
6	5	41	[16, 10, 3, 4, 1, 4, 1, 4, 3, 21, 12, 23, 11, 20, 0, 5, 22, 14, 19]	0.007012367248535156
6	10	55	[16, 10, 3, 4, 1, 16, 8, 22, 5, 0, 20, 13, 6, 7, 18, 11, 23, 12, 21, 3, 4, 1, 16, 14, 19]	0.009536504745483398
6	15	45	[16, 10, 3, 4, 1, 4, 3, 5, 0, 20, 13, 6, 7, 18, 11, 23, 12, 21, 12, 19]	0.007785797119140625
6	20	53	[16, 10, 3, 4, 1, 4, 1, 16, 8, 22, 5, 0, 20, 13, 6, 7, 18, 11, 23, 12, 21, 12, 19]	0.00900888442993164
6	25	57	[16, 10, 3, 4, 1, 16, 8, 22, 5, 0, 20, 13, 6, 7, 18, 11, 23, 12, 21, 3, 21, 3, 21, 3, 10]	0.009928703308105469
6	1	27	[5, 0, 20, 13, 6, 7, 18, 3, 4, 1, 16, 10, 15]	0.00566554069519043
6	5	35	[5, 0, 20, 13, 6, 7, 18, 3, 4, 1, 16, 14, 22, 8, 16, 10, 15]	0.009040355682373047
6	10	29	[5, 0, 20, 13, 6, 7, 18, 3, 4, 1, 16, 10, 15]	0.008377313613891602
6	15	29	[5, 0, 20, 13, 6, 7, 18, 3, 4, 1, 16, 10, 15]	0.006272792816162109
6	20	30	[5, 0, 20, 13, 6, 7, 18, 3, 4, 1, 16, 10, 15]	0.0074520111083984375
6	25	32	[5, 0, 20, 13, 6, 7, 18, 3, 4, 1, 16, 10, 15]	0.005730152130126953
6	1	28	[19, 14, 22, 5, 0, 20, 13, 6, 7, 18, 3, 4, 1, 16]	0.005727291107177734
6	5	27	[19, 14, 22, 5, 0, 20, 11, 23, 12, 21, 3, 4, 1, 16]	0.006331443786621094
6	10	30	[19, 14, 22, 5, 0, 20, 13, 6, 7, 18, 3, 4, 1, 16]	0.007561922073364258
6	15	30	[19, 14, 22, 5, 0, 20, 13, 6, 7, 18, 3, 4, 1, 16]	0.0071926116943359375
6	20	32	[19, 14, 22, 5, 0, 20, 13, 6, 7, 18, 3, 4, 1, 16]	0.006341695785522461
6	25	33	[19, 14, 22, 5, 0, 20, 13, 6, 7, 18, 3, 4, 1, 16]	0.005522012710571289
6	1	13	[15, 10, 3, 4, 1, 16]	0.004023551940917969
6	5	13	[15, 10, 3, 4, 1, 16]	0.0029802322387695312
6	10	14	[15, 10, 3, 4, 1, 16]	0.0026755332946777344
6	15	14	[15, 10, 3, 4, 1, 16]	0.0015864372253417969
6	20	14	[15, 10, 3, 4, 1, 16]	0.003452777862548828
6	25	14	[15, 10, 3, 4, 1, 16]	0.0021517276763916016
6	1	29	[6, 13, 20, 0, 5, 3, 4, 1, 16, 10, 15, 2, 17, 9]	0.0050547122955322266
6	5	29	[6, 13, 20, 0, 5, 3, 4, 1, 16, 10, 15, 2, 17, 9]	0.006000995635986328
6	10	31	[6, 13, 20, 0, 5, 3, 4, 1, 16, 10, 15, 2, 17, 9]	0.005484819412231445
6	15	31	[6, 13, 20, 0, 5, 3, 4, 1, 16, 10, 15, 2, 17, 9]	0.00530552864074707
6	20	33	[6, 13, 20, 0, 5, 3, 4, 1, 16, 10, 15, 2, 17, 9]	0.005161762237548828
6	25	34	[6, 13, 20, 0, 5, 3, 4, 1, 16, 10, 15, 2, 17, 9]	0.006387472152709961
6	1	19	[9, 17, 2, 15, 10, 3, 4, 1, 16]	0.004261493682861328
6	5	19	[9, 17, 2, 15, 10, 3, 4, 1, 16]	0.0035619735717773438
6	10	21	[9, 17, 2, 15, 10, 3, 4, 1, 16]	0.0041713714599609375
6	15	21	[9, 17, 2, 15, 10, 3, 4, 1, 16]	0.0030167102813720703
6	20	21	[9, 17, 2, 15, 10, 3, 4, 1, 16]	0.005362033843994141
6	25	21	[9, 17, 2, 15, 10, 3, 4, 1, 16]	0.004323720932006836
6	1	20	[12, 21, 3, 4, 1, 16, 10, 15, 2, 17]	0.0037720203399658203
6	5	20	[12, 21, 3, 4, 1, 16, 10, 15, 2, 17]	0.00607609748840332
6	10	22	[12, 21, 3, 4, 1, 16, 10, 15, 2, 17]	0.003816366195678711
6	15	22	[12, 21, 3, 4, 1, 16, 10, 15, 2, 17]	0.004297733306884766
6	20	22	[12, 21, 3, 4, 1, 16, 10, 15, 2, 17]	0.005209445953369141
6	25	23	[12, 21, 3, 4, 1, 16, 10, 15, 2, 17]	0.003821134567260742
6	1	26	[21, 3, 4, 1, 16, 10, 15, 2, 17, 9, 18, 7, 6]	0.008231878280639648
6	5	46	[21, 3, 4, 1, 16, 10, 15, 2, 17, 9, 18, 11, 23, 12, 19, 14, 22, 5, 0, 20, 13, 6]	0.0078008174896240234
6	10	25	[21, 3, 4, 1, 16, 8, 22, 5, 0, 20, 13, 6]	0.0056629180908203125
6	15	30	[21, 3, 4, 1, 16, 10, 15, 2, 17, 9, 18, 7, 6]	0.004903554916381836
6	20	30	[21, 3, 4, 1, 16, 10, 15, 2, 17, 9, 18, 7, 6]	0.0077817440032958984
6	25	32	[21, 3, 4, 1, 16, 10, 15, 2, 17, 9, 18, 7, 6]	0.004687786102294922
6	1	29	[16, 10, 3, 4, 1, 16, 8, 22, 5, 0, 20, 13, 6, 7]	0.010442018508911133
6	5	29	[16, 10, 3, 4, 1, 16, 8, 22, 5, 0, 20, 13, 6, 7]	0.005743980407714844
6	10	56	[16, 10, 3, 4, 1, 4, 3, 21, 12, 23, 11, 20, 0, 5, 22, 14, 19, 14, 22, 8, 16, 10, 15, 2, 17]	0.00726771354675293
6	15	30	[16, 10, 3, 4, 1, 16, 8, 22, 5, 0, 20, 13, 6, 7]	0.0095672607421875
6	20	60	[16, 10, 3, 4, 1, 4, 3, 21, 12, 23, 11, 20, 0, 5, 22, 14, 19, 14, 22, 8, 22, 5, 3, 18, 7]	0.008068561553955078
6	25	32	[16, 10, 3, 4, 1, 16, 8, 22, 5, 0, 20, 13, 6, 7]	0.008907556533813477
6	1	26	[11, 23, 12, 21, 3, 4, 1, 16, 10, 15, 2, 17, 9]	0.007987260818481445
6	5	26	[11, 23, 12, 21, 3, 4, 1, 16, 10, 15, 2, 17, 9]	0.0076329708099365234
6	10	28	[11, 23, 12, 21, 3, 4, 1, 16, 10, 15, 2, 17, 9]	0.008705377578735352
6	15	28	[11, 23, 12, 21, 3, 4, 1, 16, 10, 15, 2, 17, 9]	0.008407831192016602
6	20	29	[11, 23, 12, 21, 3, 4, 1, 16, 10, 15, 2, 17, 9]	0.006513118743896484
6	25	53	[11, 23, 12, 21, 3, 18, 7, 6, 13, 20, 0, 5, 22, 14, 19, 14, 16, 10, 15, 2, 17, 9]	0.014410018920898438
6	1	21	[0, 5, 3, 10, 15, 2, 17, 9, 18, 7, 6]	0.005125284194946289
6	5	28	[0, 5, 3, 4, 1, 16, 10, 15, 2, 17, 9, 18, 7, 6]	0.0065555572509765625
6	10	32	[0, 5, 3, 4, 1, 16, 10, 15, 2, 17, 9, 18, 7, 6]	0.009582757949829102
6	15	32	[0, 5, 3, 4, 1, 16, 10, 15, 2, 17, 9, 18, 7, 6]	0.0055446624755859375
6	20	34	[0, 5, 3, 4, 1, 16, 10, 15, 2, 17, 9, 18, 7, 6]	0.005339860916137695
6	25	36	[0, 5, 3, 4, 1, 16, 10, 15, 2, 17, 9, 18, 7, 6]	0.005338191986083984
7	1	27	[1, 4, 3, 21, 12, 23, 11, 20, 0, 5, 22, 14, 19]	0.005800724029541016
7	5	27	[1, 4, 3, 21, 12, 23, 11, 20, 0, 5, 22, 14, 19]	0.004902362823486328
7	10	27	[1, 4, 3, 21, 12, 23, 11, 20, 0, 5, 22, 14, 19]	0.005137205123901367
7	15	41	[1, 4, 3, 10, 15, 2, 17, 9, 18, 7, 6, 13, 20, 0, 5, 22, 14, 19]	0.006526947021484375
7	20	55	[1, 4, 3, 21, 12, 15, 10, 16, 8, 22, 5, 0, 20, 13, 6, 7, 18, 11, 23, 11, 20, 13, 6, 7, 6]	0.010781049728393555
7	25	29	[1, 4, 3, 21, 12, 23, 11, 20, 0, 5, 22, 14, 19]	0.007593393325805664
7	1	43	[2, 15, 10, 3, 4, 1, 16, 8, 22, 5, 0, 20, 13, 6, 7, 18, 11, 23, 12, 21]	0.008833169937133789
7	5	43	[2, 15, 10, 3, 4, 1, 16, 8, 22, 5, 0, 20, 13, 6, 7, 18, 11, 23, 12, 21]	0.00954747200012207
7	10	43	[2, 15, 10, 3, 4, 1, 16, 8, 22, 5, 0, 20, 13, 6, 7, 18, 11, 23, 12, 21]	0.011777162551879883
7	15	43	[2, 15, 10, 3, 4, 1, 16, 8, 22, 5, 0, 20, 13, 6, 7, 18, 11, 23, 12, 21]	0.012211084365844727
7	20	43	[2, 15, 10, 3, 4, 1, 16, 8, 22, 5, 0, 20, 13, 6, 7, 18, 11, 23, 12, 21]	0.010540962219238281
7	25	45	[2, 15, 10, 3, 4, 1, 16, 8, 22, 5, 0, 20, 13, 6, 7, 18, 11, 23, 12, 21]	0.013376712799072266
7	1	41	[6, 13, 20, 0, 5, 3, 4, 1, 16, 10, 15, 2, 17, 9, 18, 7, 18, 11]	0.00913691520690918
7	5	41	[6, 13, 20, 0, 5, 3, 4, 1, 16, 8, 22, 14, 19, 12, 21, 12, 23, 11]	0.014405012130737305
7	10	35	[6, 13, 20, 0, 5, 3, 4, 1, 16, 10, 15, 12, 21, 12, 23, 11]	0.012477874755859375
7	15	52	[6, 13, 20, 0, 5, 3, 4, 1, 16, 10, 15, 2, 17, 9, 18, 7, 6, 13, 6, 7, 18, 11]	0.012434244155883789
7	20	42	[6, 13, 20, 0, 5, 3, 4, 1, 16, 10, 15, 2, 17, 9, 18, 7, 18, 11]	0.009176492691040039
7	25	63	[6, 13, 20, 0, 5, 3, 4, 1, 16, 10, 15, 2, 17, 9, 18, 7, 6, 13, 6, 13, 6, 7, 18, 11]	0.008539915084838867
7	1	12	[0, 5, 3, 4, 1, 16]	0.0058591365814208984
7	5	12	[0, 5, 3, 4, 1, 16]	0.0032088756561279297
7	10	12	[0, 5, 3, 4, 1, 16]	0.002682209014892578
7	15	12	[0, 5, 3, 4, 1, 16]	0.0058286190032958984
7	20	12	[0, 5, 3, 4, 1, 16]	0.003274679183959961
7	25	12	[0, 5, 3, 4, 1, 16]	0.004323482513427734
7	1	9	[20, 0, 5, 3, 4]	0.00498652458190918
7	5	14	[20, 13, 6, 7, 18, 3, 4]	0.0034160614013671875
7	10	9	[20, 0, 5, 3, 4]	0.004909515380859375
7	15	9	[20, 0, 5, 3, 4]	0.00205230712890625
7	20	9	[20, 0, 5, 3, 4]	0.0031883716583251953
7	25	10	[20, 0, 5, 3, 4]	0.005384683609008789
7	1	6	[22, 5, 0, 20]	0.002315044403076172
7	5	6	[22, 5, 0, 20]	0.002751588821411133
7	10	6	[22, 5, 0, 20]	0.0020127296447753906
7	15	37	[22, 8, 16, 10, 3, 4, 1, 16, 14, 19, 12, 21, 3, 5, 0, 20]	0.006979703903198242
7	20	6	[22, 5, 0, 20]	0.0017058849334716797
7	25	6	[22, 5, 0, 20]	0.0019991397857666016
7	1	33	[17, 2, 15, 10, 3, 4, 1, 16, 8, 22, 5, 0, 20, 13, 6, 7]	0.008355379104614258
7	5	33	[17, 2, 15, 10, 3, 4, 1, 16, 8, 22, 5, 0, 20, 13, 6, 7]	0.010614395141601562
7	10	33	[17, 2, 15, 10, 3, 4, 1, 16, 8, 22, 5, 0, 20, 13, 6, 7]	0.008823633193969727
7	15	48	[17, 2, 15, 10, 3, 4, 1, 16, 8, 22, 14, 19, 12, 21, 3, 5, 0, 20, 13, 6, 7]	0.013423442840576172
7	20	57	[17, 9, 18, 3, 4, 1, 16, 10, 15, 2, 17, 9, 17, 9, 17, 9, 17, 9, 17, 2, 15, 12, 19, 14, 22]	0.007108211517333984
7	25	58	[17, 2, 15, 10, 3, 4, 1, 16, 8, 22, 14, 19, 12, 21, 12, 23, 11, 20, 0, 5, 22, 14, 16, 1, 16]	0.008143424987792969
7	1	16	[21, 3, 4, 1, 16, 10, 15, 2]	0.00516819953918457
7	5	16	[21, 3, 4, 1, 16, 10, 15, 2]	0.004592180252075195
7	10	30	[21, 12, 23, 11, 20, 0, 5, 3, 4, 1, 16, 10, 15, 2]	0.00928950309753418
7	15	16	[21, 3, 4, 1, 16, 10, 15, 2]	0.004063606262207031
7	20	52	[21, 3, 4, 1, 16, 8, 22, 5, 0, 20, 13, 6, 7, 18, 11, 23, 12, 19, 14, 16, 10, 15, 2]	0.012482166290283203
7	25	17	[21, 3, 4, 1, 16, 10, 15, 2]	0.005806446075439453
7	1	47	[0, 5, 3, 4, 1, 16, 10, 15, 2, 17, 9, 18, 7, 6, 13, 20, 11, 23, 12, 21]	0.01050567626953125
7	5	47	[0, 5, 3, 4, 1, 16, 10, 15, 2, 17, 9, 18, 7, 6, 13, 20, 11, 23, 12, 21]	0.008730888366699219
7	10	47	[0, 5, 3, 4, 1, 16, 10, 15, 2, 17, 9, 18, 7, 6, 13, 20, 11, 23, 12, 21]	0.009430408477783203
7	15	47	[0, 5, 3, 4, 1, 16, 10, 15, 2, 17, 9, 18, 7, 6, 13, 20, 11, 23, 12, 21]	0.009335994720458984
7	20	48	[0, 5, 3, 4, 1, 16, 10, 15, 2, 17, 9, 18, 7, 6, 13, 20, 11, 23, 12, 21]	0.008400440216064453
7	25	49	[0, 5, 3, 4, 1, 16, 10, 15, 2, 17, 9, 18, 7, 6, 13, 20, 11, 23, 12, 21]	0.009269475936889648
7	1	7	[19, 14, 22, 5]	0.002104043960571289
7	5	7	[19, 14, 22, 5]	0.0018646717071533203
7	10	7	[19, 14, 22, 5]	0.0017442703247070312
7	15	7	[19, 14, 22, 5]	0.004226207733154297
7	20	7	[19, 14, 22, 5]	0.0015654563903808594
7	25	7	[19, 14, 22, 5]	0.0024187564849853516
7	1	30	[3, 4, 1, 16, 10, 15, 2, 17, 9, 18, 11, 23, 12, 21]	0.005967378616333008
7	5	49	[3, 4, 1, 16, 10, 15, 2, 17, 9, 18, 7, 6, 13, 20, 0, 5, 22, 14, 19, 12, 21]	0.011883735656738281
7	10	2	[3, 21]	9.083747863769531e-05
7	15	37	[3, 4, 1, 16, 8, 22, 5, 0, 20, 13, 6, 7, 18, 11, 23, 12, 21]	0.01291036605834961
7	20	51	[3, 4, 1, 16, 10, 15, 2, 17, 9, 18, 7, 6, 13, 20, 0, 5, 22, 14, 19, 12, 21]	0.01700115203857422
7	25	39	[3, 4, 1, 16, 8, 22, 5, 0, 20, 13, 6, 7, 18, 11, 23, 12, 21]	0.00950169563293457
7	1	57	[18, 3, 4, 1, 16, 10, 15, 2, 17, 9, 18, 7, 6, 13, 20, 0, 5, 22, 14, 19, 12, 21, 12, 23, 11]	0.013852834701538086
7	5	53	[18, 3, 4, 1, 16, 10, 15, 2, 17, 9, 17, 2, 15, 12, 21, 3, 5, 0, 20, 13, 6, 7, 18, 11]	0.01349186897277832
7	10	38	[18, 3, 4, 1, 16, 10, 15, 2, 17, 9, 17, 2, 15, 12, 21, 12, 23, 11]	0.009800195693969727
7	15	58	[18, 3, 4, 1, 16, 10, 15, 2, 17, 9, 18, 7, 6, 13, 20, 0, 5, 22, 14, 19, 12, 21, 12, 23, 11]	0.010222911834716797
7	20	59	[18, 3, 4, 1, 16, 10, 15, 2, 17, 9, 18, 7, 6, 13, 20, 0, 5, 22, 8, 16, 14, 19, 12, 21, 12]	0.00855875015258789
7	25	62	[18, 3, 4, 1, 16, 10, 15, 2, 17, 9, 18, 7, 6, 13, 20, 0, 5, 22, 14, 19, 12, 21, 3, 4, 1]	0.012786388397216797
7	1	18	[5, 0, 20, 13, 6, 7, 18, 3, 4]	0.005390167236328125
7	5	18	[5, 0, 20, 13, 6, 7, 18, 3, 4]	0.005827665328979492
7	10	18	[5, 0, 20, 13, 6, 7, 18, 3, 4]	0.0048980712890625
7	15	18	[5, 0, 20, 13, 6, 7, 18, 3, 4]	0.007113456726074219
7	20	18	[5, 0, 20, 13, 6, 7, 18, 3, 4]	0.006115913391113281
7	25	20	[5, 0, 20, 13, 6, 7, 18, 3, 4]	0.006081581115722656
7	1	4	[15, 10, 3]	0.0011281967163085938
7	5	4	[15, 10, 3]	0.0029478073120117188
7	10	11	[15, 10, 16, 1, 4, 3]	0.0025682449340820312
7	15	4	[15, 10, 3]	0.0018398761749267578
7	20	4	[15, 10, 3]	0.0012767314910888672
7	25	4	[15, 10, 3]	0.0015406608581542969
7	1	15	[0, 5, 3, 4, 1, 16, 10]	0.00477910041809082
7	5	15	[0, 5, 3, 4, 1, 16, 10]	0.003864765167236328
7	10	15	[0, 5, 3, 4, 1, 16, 10]	0.003150463104248047
7	15	15	[0, 5, 3, 4, 1, 16, 10]	0.003559112548828125
7	20	15	[0, 5, 3, 4, 1, 16, 10]	0.003748655319213867
7	25	15	[0, 5, 3, 4, 1, 16, 10]	0.004586458206176758
7	1	2	[13, 6]	0.0009250640869140625
7	5	2	[13, 6]	0.0006127357482910156
7	10	2	[13, 6]	0.0005650520324707031
7	15	2	[13, 6]	0.0005662441253662109
7	20	2	[13, 6]	0.0006437301635742188
7	25	2	[13, 6]	0.0005321502685546875
7	1	53	[12, 21, 3, 4, 1, 16, 10, 15, 2, 17, 9, 18, 7, 6, 13, 20, 0, 5, 22, 14, 19, 12, 23]	0.015254020690917969
7	5	42	[12, 21, 3, 4, 1, 16, 10, 15, 2, 17, 9, 18, 7, 6, 13, 20, 11, 23]	0.011760234832763672
7	10	58	[12, 21, 3, 4, 1, 16, 10, 15, 2, 17, 9, 18, 7, 6, 13, 20, 0, 5, 22, 14, 19, 14, 22, 8, 22]	0.012582540512084961
7	15	59	[12, 21, 3, 4, 1, 16, 10, 15, 2, 17, 9, 18, 7, 6, 13, 20, 0, 5, 22, 14, 19, 14, 22, 8, 16]	0.01419687271118164
7	20	60	[12, 21, 3, 4, 1, 16, 10, 15, 2, 17, 9, 18, 7, 6, 13, 20, 0, 5, 22, 14, 19, 14, 22, 8, 16]	0.01642775535583496
7	25	57	[12, 21, 3, 4, 1, 16, 10, 15, 2, 17, 9, 18, 7, 6, 13, 20, 0, 5, 22, 14, 19, 12, 23]	0.013933897018432617
7	1	59	[20, 0, 5, 3, 4, 1, 16, 10, 15, 2, 17, 9, 18, 7, 6, 13, 6, 13, 6, 13, 20, 11, 23, 12, 21]	0.015909671783447266
7	5	60	[20, 0, 5, 3, 4, 1, 16, 10, 15, 2, 17, 9, 18, 7, 6, 13, 6, 7, 6, 13, 20, 11, 23, 12, 21]	0.012979269027709961
7	10	56	[20, 0, 5, 3, 4, 1, 16, 10, 15, 2, 17, 9, 18, 7, 6, 13, 20, 11, 23, 12, 21, 3, 5, 22]	0.010320663452148438
7	15	58	[20, 0, 5, 3, 4, 1, 16, 10, 15, 2, 17, 9, 18, 7, 6, 13, 20, 11, 23, 12, 21, 12, 19, 14, 22]	0.008996963500976562
7	20	59	[20, 0, 5, 3, 4, 1, 16, 10, 15, 2, 17, 9, 18, 7, 6, 13, 20, 11, 23, 12, 21, 12, 19, 14, 22]	0.012246847152709961
7	25	7	[20, 0, 5, 22]	0.0017819404602050781
7	1	52	[5, 0, 20, 13, 6, 7, 18, 9, 17, 2, 15, 12, 21, 3, 4, 1, 16, 10, 3, 5, 22, 14, 19]	0.01366281509399414
7	5	50	[5, 0, 20, 13, 6, 7, 18, 3, 4, 1, 16, 10, 15, 2, 17, 9, 18, 11, 23, 12, 21, 12, 19]	0.011043310165405273
7	10	54	[5, 0, 20, 13, 6, 7, 18, 3, 4, 1, 16, 10, 15, 2, 17, 9, 17, 2, 15, 12, 21, 3, 18, 11, 23]	0.010209083557128906
7	15	54	[5, 0, 20, 13, 6, 7, 18, 3, 4, 1, 16, 10, 15, 12, 21, 12, 23, 11, 18, 9, 17, 2, 15, 2, 15]	0.008895397186279297
7	20	46	[5, 0, 20, 13, 6, 7, 18, 3, 4, 1, 16, 10, 15, 2, 17, 9, 18, 11, 23, 12, 19]	0.010330677032470703
7	25	57	[5, 0, 20, 13, 6, 7, 18, 3, 4, 1, 16, 10, 15, 2, 17, 9, 17, 2, 17, 2, 15, 12, 21, 12, 23]	0.011350154876708984
7	1	13	[22, 5, 0, 20, 13, 6, 7]	0.0029900074005126953
7	5	13	[22, 5, 0, 20, 13, 6, 7]	0.003671884536743164
7	10	13	[22, 5, 0, 20, 13, 6, 7]	0.005074024200439453
7	15	13	[22, 5, 0, 20, 13, 6, 7]	0.003068685531616211
7	20	13	[22, 5, 0, 20, 13, 6, 7]	0.004301309585571289
7	25	39	[22, 14, 19, 12, 21, 3, 4, 1, 16, 10, 15, 2, 17, 9, 18, 7]	0.005883693695068359
8	1	19	[5, 0, 20, 13, 6, 7, 18, 11, 23]	0.009030342102050781
8	5	40	[5, 0, 20, 13, 6, 7, 18, 3, 4, 1, 16, 10, 15, 2, 17, 9, 18, 11, 23]	0.01883864402770996
8	10	42	[5, 0, 20, 13, 6, 7, 18, 3, 4, 1, 16, 10, 15, 2, 17, 9, 18, 11, 23]	0.017001628875732422
8	15	42	[5, 0, 20, 13, 6, 7, 18, 3, 4, 1, 16, 10, 15, 2, 17, 9, 18, 11, 23]	0.012837409973144531
8	20	42	[5, 0, 20, 13, 6, 7, 18, 3, 4, 1, 16, 10, 15, 2, 17, 9, 18, 11, 23]	0.016036510467529297
8	25	43	[5, 0, 20, 13, 6, 7, 18, 3, 4, 1, 16, 10, 15, 2, 17, 9, 18, 11, 23]	0.016497373580932617
8	1	37	[13, 6, 7, 18, 3, 21, 12, 23, 11, 20, 0, 5, 22, 14, 19, 14, 16]	0.01651787757873535
8	5	17	[13, 6, 7, 18, 3, 4, 1, 16]	0.006906032562255859
8	10	18	[13, 6, 7, 18, 3, 4, 1, 16]	0.007522106170654297
8	15	18	[13, 6, 7, 18, 3, 4, 1, 16]	0.008876323699951172
8	20	18	[13, 6, 7, 18, 3, 4, 1, 16]	0.005055427551269531
8	25	18	[13, 6, 7, 18, 3, 4, 1, 16]	0.0058209896087646484
8	1	43	[3, 4, 1, 16, 10, 15, 2, 17, 9, 18, 7, 6, 13, 20, 0, 5, 22, 14, 19, 12]	0.014477252960205078
8	5	43	[3, 4, 1, 16, 10, 15, 2, 17, 9, 18, 7, 6, 13, 20, 0, 5, 22, 14, 19, 12]	0.014972925186157227
8	10	45	[3, 4, 1, 16, 10, 15, 2, 17, 9, 18, 7, 6, 13, 20, 0, 5, 22, 14, 19, 12]	0.019015073776245117
8	15	45	[3, 4, 1, 16, 10, 15, 2, 17, 9, 18, 7, 6, 13, 20, 0, 5, 22, 14, 19, 12]	0.01974797248840332
8	20	45	[3, 4, 1, 16, 10, 15, 2, 17, 9, 18, 7, 6, 13, 20, 0, 5, 22, 14, 19, 12]	0.01614856719970703
8	25	46	[3, 4, 1, 16, 10, 15, 2, 17, 9, 18, 7, 6, 13, 20, 0, 5, 22, 14, 19, 12]	0.018229961395263672
8	1	45	[3, 4, 1, 16, 10, 15, 2, 17, 9, 18, 7, 6, 13, 20, 0, 5, 22, 14, 19, 12, 21]	0.019137859344482422
8	5	45	[3, 4, 1, 16, 10, 15, 2, 17, 9, 18, 7, 6, 13, 20, 0, 5, 22, 14, 19, 12, 21]	0.017023086547851562
8	10	52	[3, 4, 1, 16, 10, 15, 2, 17, 9, 18, 7, 6, 13, 20, 0, 5, 22, 8, 22, 14, 19, 12, 21]	0.022413253784179688
8	15	47	[3, 4, 1, 16, 10, 15, 2, 17, 9, 18, 7, 6, 13, 20, 0, 5, 22, 14, 19, 12, 21]	0.016176700592041016
8	20	15	[3, 4, 1, 16, 10, 15, 12, 21]	0.0040435791015625
8	25	49	[3, 4, 1, 16, 10, 15, 2, 17, 9, 18, 7, 6, 13, 20, 0, 5, 22, 14, 19, 12, 21]	0.015298128128051758
8	1	16	[16, 10, 3, 4, 1, 4, 3, 21]	0.005984067916870117
8	5	41	[16, 10, 3, 4, 1, 16, 8, 22, 5, 0, 20, 13, 6, 7, 18, 11, 23, 12, 21]	0.014777183532714844
8	10	57	[16, 10, 3, 4, 1, 4, 3, 18, 7, 6, 13, 20, 0, 5, 22, 14, 19, 12, 15, 2, 17, 9, 17, 9, 18]	0.015997648239135742
8	15	42	[16, 10, 3, 4, 1, 16, 8, 22, 5, 0, 20, 13, 6, 7, 18, 11, 23, 12, 21]	0.01354217529296875
8	20	55	[16, 10, 3, 4, 1, 16, 8, 22, 5, 0, 20, 13, 6, 7, 18, 11, 23, 12, 15, 2, 17, 9, 18, 3, 21]	0.01911163330078125
8	25	17	[16, 10, 3, 4, 1, 4, 3, 21]	0.0075914859771728516
8	1	13	[3, 4, 1, 16, 10, 15, 2]	0.0063970088958740234
8	5	13	[3, 4, 1, 16, 10, 15, 2]	0.010039567947387695
8	10	13	[3, 4, 1, 16, 10, 15, 2]	0.0052335262298583984
8	15	48	[3, 4, 1, 16, 10, 15, 12, 21, 12, 23, 11, 20, 0, 5, 22, 8, 22, 14, 19, 12, 15, 2]	0.017751693725585938
8	20	13	[3, 4, 1, 16, 10, 15, 2]	0.005038738250732422
8	25	6	[3, 10, 15, 2]	0.0017557144165039062
8	1	26	[10, 3, 4, 1, 16, 8, 22, 5, 0, 20, 13, 6]	0.010721206665039062
8	5	54	[10, 16, 1, 4, 3, 21, 12, 23, 11, 20, 0, 5, 22, 8, 16, 14, 19, 14, 19, 12, 15, 2, 17, 9, 18]	0.018520593643188477
8	10	26	[10, 3, 4, 1, 16, 8, 22, 5, 0, 20, 13, 6]	0.012747764587402344
8	15	38	[10, 3, 4, 1, 16, 8, 22, 14, 19, 12, 21, 3, 5, 0, 20, 13, 6]	0.014409542083740234
8	20	26	[10, 3, 4, 1, 16, 8, 22, 5, 0, 20, 13, 6]	0.011155843734741211
8	25	26	[10, 3, 4, 1, 16, 8, 22, 5, 0, 20, 13, 6]	0.010734796524047852
8	1	19	[1, 4, 3, 21, 12, 23, 11, 20, 0]	0.006895780563354492
8	5	19	[1, 4, 3, 21, 12, 23, 11, 20, 0]	0.009787797927856445
8	10	19	[1, 4, 3, 21, 12, 23, 11, 20, 0]	0.006702899932861328
8	15	19	[1, 4, 3, 21, 12, 23, 11, 20, 0]	0.009128332138061523
8	20	19	[1, 4, 3, 21, 12, 23, 11, 20, 0]	0.00954747200012207
8	25	19	[1, 4, 3, 21, 12, 23, 11, 20, 0]	0.008703947067260742
8	1	7	[23, 11, 20, 0]	0.004608154296875
8	5	7	[23, 11, 20, 0]	0.0030214786529541016
8	10	7	[23, 11, 20, 0]	0.0028793811798095703
8	15	7	[23, 11, 20, 0]	0.0050945281982421875
8	20	7	[23, 11, 20, 0]	0.0029594898223876953
8	25	7	[23, 11, 20, 0]	0.003687620162963867
8	1	51	[13, 6, 7, 18, 3, 4, 1, 16, 10, 15, 2, 17, 9, 17, 9, 17, 2, 17, 9, 17, 9, 17, 9, 17, 9]	0.0179746150970459
8	5	44	[13, 6, 7, 18, 3, 4, 1, 16, 10, 15, 2, 17, 9, 18, 11, 23, 12, 21, 3, 5, 0]	0.02112555503845215
8	10	55	[13, 6, 7, 18, 3, 4, 1, 16, 10, 15, 2, 17, 9, 17, 2, 17, 9, 17, 2, 17, 9, 18, 11, 23, 12]	0.02036261558532715
8	15	53	[13, 6, 7, 18, 3, 4, 1, 16, 10, 15, 2, 17, 9, 18, 11, 23, 12, 21, 12, 19, 14, 22, 5, 0]	0.025580883026123047
8	20	47	[13, 6, 7, 18, 3, 4, 1, 16, 10, 15, 2, 17, 9, 18, 11, 23, 12, 21, 3, 5, 0]	0.017608642578125
8	25	49	[13, 6, 7, 18, 3, 4, 1, 16, 10, 15, 2, 17, 9, 17, 2, 15, 12, 21, 3, 5, 0]	0.014484882354736328
8	1	4	[9, 17, 2]	0.00156402587890625
8	5	4	[9, 17, 2]	0.00153350830078125
8	10	5	[9, 17, 2]	0.0029392242431640625
8	15	5	[9, 17, 2]	0.0019469261169433594
8	20	5	[9, 17, 2]	0.0014591217041015625
8	25	5	[9, 17, 2]	0.0023779869079589844
8	1	55	[6, 13, 20, 0, 5, 3, 4, 1, 16, 10, 15, 2, 17, 9, 18, 7, 6, 13, 6, 7, 18, 11, 23, 12, 21]	0.016424179077148438
8	5	54	[6, 13, 20, 0, 5, 3, 4, 1, 16, 10, 15, 2, 17, 9, 18, 7, 18, 11, 23, 12, 21, 3, 5, 22, 14]	0.02304553985595703
8	10	50	[6, 13, 20, 0, 5, 3, 4, 1, 16, 10, 15, 2, 17, 9, 18, 7, 18, 11, 23, 12, 19, 14]	0.01936054229736328
8	15	57	[6, 13, 20, 0, 5, 3, 4, 1, 16, 10, 15, 2, 17, 9, 18, 7, 18, 11, 23, 12, 21, 3, 10, 15, 10]	0.026224851608276367
8	20	57	[6, 13, 20, 0, 5, 3, 4, 1, 16, 10, 15, 2, 17, 9, 18, 7, 18, 11, 23, 12, 21, 3, 21, 3, 21]	0.022573232650756836
8	25	59	[6, 13, 20, 0, 5, 3, 4, 1, 16, 10, 15, 2, 17, 9, 18, 7, 18, 11, 23, 12, 21, 3, 10, 15, 10]	0.023496627807617188
8	1	4	[11, 23, 12]	0.003497600555419922
8	5	4	[11, 23, 12]	0.005730152130126953
8	10	4	[11, 23, 12]	0.0023903846740722656
8	15	4	[11, 23, 12]	0.0023546218872070312
8	20	63	[11, 20, 0, 5, 3, 4, 1, 16, 10, 15, 2, 17, 9, 18, 7, 6, 13, 6, 13, 6, 13, 6, 7, 6, 7]	0.018430471420288086
8	25	4	[11, 23, 12]	0.0022771358489990234
8	1	38	[16, 10, 3, 4, 1, 16, 14, 22, 5, 0, 20, 13, 6, 7, 18, 11, 23, 12]	0.01748824119567871
8	5	39	[16, 10, 3, 4, 1, 16, 8, 22, 5, 0, 20, 13, 6, 7, 18, 11, 23, 12]	0.019434213638305664
8	10	45	[16, 10, 3, 4, 1, 4, 1, 16, 8, 22, 5, 0, 20, 13, 6, 7, 18, 11, 23, 12]	0.020187854766845703
8	15	40	[16, 10, 3, 4, 1, 16, 8, 22, 5, 0, 20, 13, 6, 7, 18, 11, 23, 12]	0.014194726943969727
8	20	40	[16, 10, 3, 4, 1, 16, 8, 22, 5, 0, 20, 13, 6, 7, 18, 11, 23, 12]	0.01412057876586914
8	25	41	[16, 10, 3, 4, 1, 16, 8, 22, 5, 0, 20, 13, 6, 7, 18, 11, 23, 12]	0.017054080963134766
8	1	4	[19, 14, 22]	0.0027446746826171875
8	5	4	[19, 14, 22]	0.0023903846740722656
8	10	4	[19, 14, 22]	0.003949642181396484
8	15	4	[19, 14, 22]	0.0023040771484375
8	20	4	[19, 14, 22]	0.0019953250885009766
8	25	4	[19, 14, 22]	0.0032804012298583984
8	1	32	[3, 4, 1, 16, 10, 15, 2, 17, 9, 18, 7, 6, 13, 20, 0]	0.021480560302734375
8	5	32	[3, 4, 1, 16, 10, 15, 2, 17, 9, 18, 7, 6, 13, 20, 0]	0.024349451065063477
8	10	34	[3, 4, 1, 16, 10, 15, 2, 17, 9, 18, 7, 6, 13, 20, 0]	0.016770601272583008
8	15	16	[3, 18, 7, 6, 13, 20, 0]	0.005157470703125
8	20	34	[3, 4, 1, 16, 10, 15, 2, 17, 9, 18, 7, 6, 13, 20, 0]	0.01846623420715332
8	25	35	[3, 4, 1, 16, 10, 15, 2, 17, 9, 18, 7, 6, 13, 20, 0]	0.013224363327026367
8	1	51	[0, 5, 3, 4, 1, 16, 10, 15, 2, 17, 9, 18, 7, 6, 13, 20, 11, 23, 12, 21, 12, 19, 14]	0.023850440979003906
8	5	51	[0, 5, 3, 4, 1, 16, 10, 15, 2, 17, 9, 18, 7, 6, 13, 20, 11, 23, 12, 21, 12, 19, 14]	0.03234148025512695
8	10	53	[0, 5, 3, 4, 1, 16, 10, 15, 2, 17, 9, 18, 7, 6, 13, 20, 11, 23, 12, 21, 12, 19, 14]	0.020771265029907227
8	15	57	[0, 5, 3, 4, 1, 16, 10, 15, 2, 17, 9, 18, 7, 6, 13, 20, 11, 23, 12, 21, 3, 10, 16, 8, 22]	0.023341894149780273
8	20	53	[0, 5, 3, 4, 1, 16, 10, 15, 2, 17, 9, 18, 7, 6, 13, 20, 11, 23, 12, 21, 12, 19, 14]	0.020885467529296875
8	25	55	[0, 5, 3, 4, 1, 16, 10, 15, 2, 17, 9, 18, 7, 6, 13, 20, 11, 23, 12, 21, 12, 19, 14]	0.02556443214416504
8	1	32	[0, 5, 3, 4, 1, 16, 10, 15, 2, 17, 9, 18, 7, 6, 13]	0.013808727264404297
8	5	32	[0, 5, 3, 4, 1, 16, 10, 15, 2, 17, 9, 18, 7, 6, 13]	0.013240575790405273
8	10	34	[0, 5, 3, 4, 1, 16, 10, 15, 2, 17, 9, 18, 7, 6, 13]	0.011916160583496094
8	15	34	[0, 5, 3, 4, 1, 16, 10, 15, 2, 17, 9, 18, 7, 6, 13]	0.00962209701538086
8	20	34	[0, 5, 3, 4, 1, 16, 10, 15, 2, 17, 9, 18, 7, 6, 13]	0.01105952262878418
8	25	35	[0, 5, 3, 4, 1, 16, 10, 15, 2, 17, 9, 18, 7, 6, 13]	0.01362299919128418
8	1	36	[7, 6, 13, 20, 0, 5, 3, 4, 1, 16, 10, 15, 2, 17, 9, 18, 11]	0.016835927963256836
8	5	36	[7, 6, 13, 20, 0, 5, 3, 4, 1, 16, 10, 15, 2, 17, 9, 18, 11]	0.012546539306640625
8	10	38	[7, 6, 13, 20, 0, 5, 3, 4, 1, 16, 10, 15, 2, 17, 9, 18, 11]	0.013240337371826172
8	15	38	[7, 6, 13, 20, 0, 5, 3, 4, 1, 16, 10, 15, 2, 17, 9, 18, 11]	0.013354063034057617
8	20	38	[7, 6, 13, 20, 0, 5, 3, 4, 1, 16, 10, 15, 2, 17, 9, 18, 11]	0.014822721481323242
8	25	39	[7, 6, 13, 20, 0, 5, 3, 4, 1, 16, 10, 15, 2, 17, 9, 18, 11]	0.014898061752319336
8	1	56	[9, 17, 2, 15, 10, 3, 4, 1, 16, 8, 22, 5, 0, 20, 13, 6, 7, 18, 11, 23, 12, 21, 3, 18, 7]	0.022980213165283203
8	5	43	[9, 17, 2, 15, 10, 3, 4, 1, 16, 8, 22, 5, 0, 20, 11, 23, 12, 21, 12, 19]	0.021056175231933594
8	10	51	[9, 17, 2, 15, 10, 3, 4, 1, 16, 8, 22, 5, 0, 20, 13, 6, 7, 18, 11, 23, 12, 19]	0.02096700668334961
8	15	58	[9, 17, 2, 15, 10, 3, 4, 1, 16, 8, 22, 5, 0, 20, 13, 6, 7, 18, 11, 23, 12, 21, 3, 4, 3]	0.019700050354003906
8	20	57	[9, 17, 2, 15, 10, 3, 4, 1, 16, 8, 22, 5, 0, 20, 13, 6, 7, 18, 11, 23, 12, 21, 3, 18, 9]	0.026012659072875977
8	25	64	[9, 17, 2, 15, 10, 16, 1, 4, 3, 21, 12, 23, 11, 20, 13, 6, 7, 18, 7, 18, 7, 6, 13, 6, 13]	0.017409086227416992
9	1	56	[13, 6, 7, 18, 3, 4, 1, 16, 10, 15, 2, 17, 9, 18, 11, 23, 12, 21, 3, 5, 0, 20, 13, 6, 13]	0.029459476470947266
9	5	41	[13, 6, 7, 18, 3, 4, 1, 16, 10, 15, 2, 17, 9, 18, 11, 23, 12, 19, 14]	0.030277729034423828
9	10	54	[13, 6, 7, 18, 3, 4, 1, 16, 10, 15, 2, 17, 9, 17, 2, 15, 12, 21, 12, 23, 11, 20, 0, 5, 22]	0.04099130630493164
9	15	58	[13, 6, 7, 18, 3, 4, 1, 16, 10, 15, 2, 17, 9, 17, 2, 15, 12, 21, 3, 5, 0, 20, 11, 23, 11]	0.026641130447387695
9	20	55	[13, 6, 7, 18, 3, 4, 1, 16, 10, 15, 2, 17, 9, 17, 9, 17, 9, 18, 11, 23, 12, 21, 3, 5, 0]	0.03900504112243652
9	25	46	[13, 6, 7, 18, 3, 4, 1, 16, 10, 15, 2, 17, 9, 18, 11, 20, 0, 5, 22, 14]	0.03698539733886719
9	1	55	[13, 6, 7, 18, 3, 4, 1, 16, 10, 15, 2, 17, 9, 18, 11, 23, 12, 21, 3, 5, 0, 20, 13, 20, 0]	0.029307842254638672
9	5	54	[13, 6, 7, 18, 3, 4, 1, 16, 10, 15, 2, 17, 9, 17, 9, 17, 9, 17, 2, 15, 12, 21, 12, 23, 11]	0.027441024780273438
9	10	48	[13, 6, 7, 18, 3, 4, 1, 16, 10, 15, 2, 17, 9, 18, 11, 23, 12, 21, 12, 19, 14, 22]	0.03092026710510254
9	15	56	[13, 6, 7, 18, 3, 4, 1, 16, 10, 15, 2, 17, 9, 18, 11, 23, 12, 21, 3, 5, 0, 20, 0, 20, 11]	0.030656099319458008
9	20	33	[13, 6, 7, 18, 9, 17, 2, 15, 10, 3, 4, 1, 16, 8, 22]	0.020355224609375
9	25	21	[13, 6, 7, 18, 3, 4, 1, 16, 8, 22]	0.015658855438232422
9	1	52	[20, 0, 5, 3, 4, 1, 16, 10, 15, 2, 17, 9, 18, 7, 6, 13, 6, 7, 18, 11, 23, 12, 21]	0.037490129470825195
9	5	15	[20, 0, 5, 22, 14, 19, 12, 21]	0.012144088745117188
9	10	47	[20, 0, 5, 3, 4, 1, 16, 10, 15, 2, 17, 9, 18, 7, 6, 13, 20, 11, 23, 12, 21]	0.02418684959411621
9	15	59	[20, 0, 5, 3, 4, 1, 16, 10, 15, 2, 17, 9, 18, 7, 6, 13, 6, 13, 6, 7, 18, 11, 23, 12, 21]	0.03313589096069336
9	20	49	[20, 0, 5, 3, 4, 1, 16, 10, 15, 2, 17, 9, 18, 7, 6, 13, 20, 11, 23, 12, 21]	0.029335975646972656
9	25	32	[20, 0, 5, 3, 18, 7, 6, 13, 20, 11, 23, 12, 21]	0.01665663719177246
9	1	53	[9, 17, 2, 15, 10, 3, 4, 1, 16, 8, 22, 5, 0, 20, 13, 6, 7, 18, 11, 23, 12, 21, 3, 18, 3]	0.04304170608520508
9	5	53	[9, 17, 2, 15, 10, 3, 4, 1, 16, 8, 22, 5, 0, 20, 13, 6, 7, 18, 11, 23, 12, 21, 12, 19, 14]	0.040962934494018555
9	10	53	[9, 17, 2, 15, 10, 3, 4, 1, 16, 8, 22, 5, 0, 20, 13, 6, 7, 18, 11, 23, 12, 21, 3, 4, 3]	0.03244662284851074
9	15	55	[9, 17, 2, 15, 10, 3, 4, 1, 16, 8, 22, 5, 0, 20, 13, 6, 7, 18, 11, 23, 12, 21, 12, 19, 14]	0.03608298301696777
9	20	54	[9, 17, 2, 15, 10, 3, 4, 1, 16, 8, 22, 5, 0, 20, 13, 6, 7, 18, 11, 23, 12, 21, 3, 4, 1]	0.0352175235748291
9	25	58	[9, 17, 2, 15, 10, 3, 4, 1, 16, 8, 22, 5, 0, 20, 13, 6, 7, 18, 11, 23, 12, 21, 12, 19, 14]	0.03596186637878418
9	1	6	[22, 5, 0, 20]	0.004490375518798828
9	5	6	[22, 5, 0, 20]	0.007330894470214844
9	10	6	[22, 5, 0, 20]	0.005442142486572266
9	15	6	[22, 5, 0, 20]	0.0050144195556640625
9	20	6	[22, 5, 0, 20]	0.003293275833129883
9	25	8	[22, 5, 0, 20]	0.00752711296081543
9	1	59	[20, 0, 5, 3, 4, 1, 16, 10, 15, 2, 17, 9, 18, 7, 6, 13, 6, 7, 6, 13, 6, 7, 18, 11, 23]	0.03303837776184082
9	5	53	[20, 0, 5, 3, 4, 1, 16, 10, 15, 2, 17, 9, 18, 7, 6, 13, 6, 13, 20, 11, 23, 12, 21]	0.03220796585083008
9	10	60	[20, 0, 5, 3, 4, 1, 16, 10, 15, 2, 17, 9, 18, 7, 6, 13, 6, 7, 6, 13, 20, 11, 23, 12, 19]	0.03923535346984863
9	15	48	[20, 0, 5, 3, 4, 1, 16, 10, 15, 2, 17, 9, 18, 7, 6, 13, 20, 11, 23, 12, 21]	0.05905508995056152
9	20	61	[20, 0, 5, 3, 4, 1, 16, 10, 15, 2, 17, 9, 18, 7, 6, 13, 6, 7, 6, 13, 6, 7, 18, 11, 23]	0.04963350296020508
9	25	50	[20, 0, 5, 3, 4, 1, 16, 10, 15, 2, 17, 9, 18, 7, 6, 13, 20, 11, 23, 12, 21]	0.034091949462890625
9	1	39	[6, 13, 20, 0, 5, 3, 4, 1, 16, 10, 15, 2, 17, 9, 18, 7, 18, 11]	0.023277997970581055
9	5	45	[6, 13, 20, 0, 5, 3, 4, 1, 16, 10, 15, 2, 17, 9, 18, 7, 6, 7, 18, 11]	0.028476238250732422
9	10	21	[6, 13, 20, 0, 5, 3, 21, 12, 23, 11]	0.013521194458007812
9	15	55	[6, 13, 20, 0, 5, 3, 4, 1, 16, 14, 22, 8, 16, 10, 15, 2, 17, 9, 18, 7, 6, 7, 18, 11]	0.0343317985534668
9	20	48	[6, 13, 20, 0, 5, 3, 4, 1, 16, 10, 15, 2, 17, 9, 18, 7, 6, 13, 20, 11]	0.024756669998168945
9	25	49	[6, 13, 20, 0, 5, 3, 4, 1, 16, 10, 15, 2, 17, 9, 18, 7, 6, 7, 18, 11]	0.0305478572845459
9	1	44	[21, 3, 4, 1, 16, 10, 15, 2, 17, 9, 18, 7, 6, 13, 20, 0, 5, 22, 14, 19]	0.033178091049194336
9	5	44	[21, 3, 4, 1, 16, 10, 15, 2, 17, 9, 18, 7, 6, 13, 20, 0, 5, 22, 14, 19]	0.025523662567138672
9	10	39	[21, 3, 4, 1, 16, 8, 22, 5, 0, 20, 13, 6, 7, 18, 11, 23, 12, 19]	0.024923324584960938
9	15	45	[21, 3, 4, 1, 16, 10, 15, 2, 17, 9, 18, 7, 6, 13, 20, 0, 5, 22, 14, 19]	0.02353692054748535
9	20	40	[21, 3, 4, 1, 16, 14, 22, 5, 0, 20, 13, 6, 7, 18, 11, 23, 12, 19]	0.020743131637573242
9	25	46	[21, 3, 4, 1, 16, 10, 15, 2, 17, 9, 18, 7, 6, 13, 20, 0, 5, 22, 14, 19]	0.033293962478637695
9	1	29	[22, 5, 0, 20, 13, 6, 7, 18, 3, 4, 1, 16, 10, 15]	0.024885177612304688
9	5	26	[22, 5, 0, 20, 13, 6, 7, 18, 9, 17, 2, 15]	0.01823568344116211
9	10	29	[22, 5, 0, 20, 13, 6, 7, 18, 3, 4, 1, 16, 10, 15]	0.01799178123474121
9	15	23	[22, 5, 0, 20, 13, 6, 7, 18, 3, 10, 15]	0.014152288436889648
9	20	29	[22, 5, 0, 20, 13, 6, 7, 18, 3, 4, 1, 16, 10, 15]	0.01502227783203125
9	25	31	[22, 5, 0, 20, 13, 6, 7, 18, 3, 4, 1, 16, 10, 15]	0.01906132698059082
9	1	28	[16, 10, 3, 4, 1, 16, 8, 22, 5, 0, 20, 13, 6, 7]	0.025899171829223633
9	5	32	[16, 10, 3, 4, 1, 4, 1, 16, 8, 22, 5, 0, 20, 13, 6, 7]	0.02847886085510254
9	10	28	[16, 10, 3, 4, 1, 16, 8, 22, 5, 0, 20, 13, 6, 7]	0.027431249618530273
9	15	51	[16, 10, 3, 4, 1, 4, 3, 21, 12, 23, 11, 20, 0, 5, 22, 14, 19, 12, 15, 2, 17, 9, 18, 7]	0.04800987243652344
9	20	32	[16, 10, 3, 4, 1, 4, 1, 16, 8, 22, 5, 0, 20, 13, 6, 7]	0.028308629989624023
9	25	30	[16, 10, 3, 4, 1, 16, 8, 22, 5, 0, 20, 13, 6, 7]	0.028778553009033203
9	1	45	[9, 17, 2, 15, 10, 3, 4, 1, 16, 8, 22, 5, 0, 20, 13, 6, 7, 18, 11, 23, 12]	0.038527727127075195
9	5	45	[9, 17, 2, 15, 10, 3, 4, 1, 16, 8, 22, 5, 0, 20, 13, 6, 7, 18, 11, 23, 12]	0.036481380462646484
9	10	45	[9, 17, 2, 15, 10, 3, 4, 1, 16, 8, 22, 5, 0, 20, 13, 6, 7, 18, 11, 23, 12]	0.03135108947753906
9	15	46	[9, 17, 2, 15, 10, 3, 4, 1, 16, 8, 22, 5, 0, 20, 13, 6, 7, 18, 11, 23, 12]	0.027338504791259766
9	20	46	[9, 17, 2, 15, 10, 3, 4, 1, 16, 8, 22, 5, 0, 20, 13, 6, 7, 18, 11, 23, 12]	0.026942014694213867
9	25	49	[9, 17, 2, 15, 10, 3, 4, 1, 16, 8, 22, 5, 0, 20, 13, 6, 7, 18, 11, 23, 12]	0.02398061752319336
9	1	11	[23, 11, 20, 0, 5, 3]	0.005277156829833984
9	5	11	[23, 11, 20, 0, 5, 3]	0.007402181625366211
9	10	11	[23, 11, 20, 0, 5, 3]	0.008381128311157227
9	15	11	[23, 11, 20, 0, 5, 3]	0.005613088607788086
9	20	13	[23, 11, 20, 0, 5, 3]	0.005636692047119141
9	25	7	[23, 11, 18, 3]	0.005412578582763672
9	1	18	[16, 10, 3, 4, 1, 16, 8, 22, 5, 0]	0.012498617172241211
9	5	18	[16, 10, 3, 4, 1, 16, 8, 22, 5, 0]	0.01648998260498047
9	10	33	[16, 1, 4, 3, 10, 15, 2, 17, 9, 18, 7, 6, 13, 20, 0]	0.018336057662963867
9	15	25	[16, 10, 3, 4, 1, 4, 3, 21, 12, 23, 11, 20, 0]	0.019348621368408203
9	20	30	[16, 10, 15, 2, 17, 9, 18, 3, 4, 1, 16, 8, 22, 5, 0]	0.020216703414916992
9	25	26	[16, 10, 3, 4, 1, 4, 3, 21, 12, 23, 11, 20, 0]	0.01918482780456543
9	1	33	[18, 3, 4, 1, 16, 10, 15, 2, 17, 9, 17, 2, 17, 2, 15, 12]	0.022284269332885742
9	5	32	[18, 3, 4, 1, 16, 10, 15, 2, 17, 9, 17, 9, 17, 2, 15, 12]	0.019081592559814453
9	10	50	[18, 3, 4, 1, 16, 10, 15, 2, 17, 9, 17, 9, 18, 7, 6, 13, 20, 0, 5, 22, 14, 19, 12]	0.02905750274658203
9	15	14	[18, 3, 4, 1, 16, 10, 15, 12]	0.010063409805297852
9	20	30	[18, 3, 4, 1, 16, 10, 15, 2, 17, 9, 17, 2, 15, 12]	0.016120433807373047
9	25	56	[18, 3, 4, 1, 16, 10, 15, 2, 17, 9, 17, 9, 17, 9, 18, 7, 6, 13, 20, 0, 5, 22, 14, 19, 12]	0.030326366424560547
9	1	46	[3, 4, 1, 16, 10, 15, 2, 17, 9, 18, 7, 6, 13, 20, 0, 5, 22, 14, 19, 12, 21]	0.0413517951965332
9	5	28	[3, 4, 1, 16, 10, 15, 2, 17, 9, 18, 11, 23, 12, 21]	0.017861127853393555
9	10	46	[3, 4, 1, 16, 10, 15, 2, 17, 9, 18, 7, 6, 13, 20, 0, 5, 22, 14, 19, 12, 21]	0.026877880096435547
9	15	47	[3, 4, 1, 16, 10, 15, 2, 17, 9, 18, 7, 6, 13, 20, 0, 5, 22, 14, 19, 12, 21]	0.030649900436401367
9	20	47	[3, 4, 1, 16, 10, 15, 2, 17, 9, 18, 7, 6, 13, 20, 0, 5, 22, 14, 19, 12, 21]	0.03238344192504883
9	25	48	[3, 4, 1, 16, 10, 15, 2, 17, 9, 18, 7, 6, 13, 20, 0, 5, 22, 14, 19, 12, 21]	0.027285099029541016
9	1	3	[2, 15]	0.0016584396362304688
9	5	3	[2, 15]	0.0014793872833251953
9	10	3	[2, 15]	0.0010890960693359375
9	15	4	[2, 15]	0.0015316009521484375
9	20	4	[2, 15]	0.0015332698822021484
9	25	4	[2, 15]	0.0015816688537597656
9	1	30	[21, 3, 4, 1, 16, 10, 15, 2, 17, 9, 18, 7, 6, 13]	0.020694732666015625
9	5	30	[21, 3, 4, 1, 16, 10, 15, 2, 17, 9, 18, 7, 6, 13]	0.023107051849365234
9	10	56	[21, 3, 4, 1, 16, 14, 22, 5, 0, 20, 11, 23, 12, 19, 14, 19, 14, 19, 12, 15, 10, 3, 18, 7, 6]	0.0380098819732666
9	15	20	[21, 3, 4, 1, 16, 8, 22, 5, 0, 20, 13]	0.012410163879394531
9	20	46	[21, 12, 23, 11, 20, 0, 5, 3, 4, 1, 16, 10, 15, 2, 17, 9, 18, 7, 6, 13]	0.027051925659179688
9	25	31	[21, 3, 4, 1, 16, 10, 15, 2, 17, 9, 18, 7, 6, 13]	0.023757457733154297
9	1	35	[4, 3, 21, 12, 23, 11, 20, 0, 5, 22, 14, 19, 14, 16, 10, 15, 2]	0.023627042770385742
9	5	35	[4, 3, 21, 12, 23, 11, 20, 0, 5, 22, 14, 19, 14, 16, 10, 15, 2]	0.019957304000854492
9	10	51	[4, 3, 21, 12, 23, 11, 20, 0, 5, 22, 14, 19, 12, 15, 10, 16, 1, 4, 1, 4, 1, 16, 8, 22, 5]	0.03406119346618652
9	15	35	[4, 3, 21, 12, 23, 11, 20, 0, 5, 22, 14, 19, 14, 16, 10, 15, 2]	0.022565603256225586
9	20	30	[4, 3, 21, 12, 23, 11, 20, 0, 5, 22, 8, 16, 10, 15, 2]	0.0247652530670166
9	25	37	[4, 3, 21, 12, 23, 11, 20, 0, 5, 22, 14, 19, 14, 16, 10, 15, 2]	0.024835824966430664
9	1	33	[1, 4, 3, 21, 12, 23, 11, 20, 0, 5, 22, 14, 19, 14, 16, 10]	0.025430679321289062
9	5	33	[1, 4, 3, 21, 12, 23, 11, 20, 0, 5, 22, 14, 19, 14, 16, 10]	0.023083209991455078
9	10	32	[1, 4, 3, 21, 12, 23, 11, 20, 0, 5, 22, 14, 19, 12, 15, 10]	0.025022029876708984
9	15	32	[1, 4, 3, 21, 12, 23, 11, 20, 0, 5, 22, 14, 19, 12, 15, 10]	0.02181243896484375
9	20	33	[1, 4, 3, 21, 12, 23, 11, 20, 0, 5, 22, 14, 19, 12, 15, 10]	0.023483991622924805
9	25	35	[1, 4, 3, 21, 12, 23, 11, 20, 0, 5, 22, 14, 19, 14, 16, 10]	0.01975393295288086
9	1	46	[18, 3, 4, 1, 16, 10, 15, 2, 17, 9, 18, 11, 23, 12, 21, 12, 19, 14, 22, 5, 0, 20, 13]	0.03145456314086914
9	5	30	[18, 3, 4, 1, 16, 10, 15, 2, 17, 9, 18, 7, 6, 13]	0.015196800231933594
9	10	30	[18, 3, 4, 1, 16, 10, 15, 2, 17, 9, 18, 7, 6, 13]	0.020923614501953125
9	15	31	[18, 3, 4, 1, 16, 10, 15, 2, 17, 9, 18, 7, 6, 13]	0.01626753807067871
9	20	31	[18, 3, 4, 1, 16, 10, 15, 2, 17, 9, 18, 7, 6, 13]	0.014473438262939453
9	25	35	[18, 3, 4, 1, 16, 10, 15, 2, 17, 9, 17, 9, 18, 7, 6, 13]	0.025937318801879883
10	1	7	[16, 10, 3, 4]	0.027315855026245117
10	5	7	[16, 10, 3, 4]	0.03222799301147461
10	10	7	[16, 10, 3, 4]	0.028211116790771484
10	15	7	[16, 10, 3, 4]	0.02380657196044922
10	20	7	[16, 10, 3, 4]	0.029802799224853516
10	25	7	[16, 10, 3, 4]	0.026636600494384766
10	1	27	[16, 10, 3, 4, 1, 4, 3, 21, 12, 23, 11, 20]	0.08059477806091309
10	5	28	[16, 10, 3, 4, 1, 4, 1, 16, 8, 22, 5, 0, 20]	0.06892919540405273
10	10	23	[16, 10, 3, 4, 1, 16, 8, 22, 5, 0, 20]	0.07284855842590332
10	15	27	[16, 10, 3, 4, 1, 4, 3, 21, 12, 23, 11, 20]	0.07541370391845703
10	20	23	[16, 10, 3, 4, 1, 16, 8, 22, 5, 0, 20]	0.08126497268676758
10	25	29	[16, 10, 3, 4, 1, 4, 3, 18, 7, 6, 13, 20]	0.07461738586425781
10	1	9	[4, 3, 21, 12, 23]	0.030498266220092773
10	5	9	[4, 3, 21, 12, 23]	0.030204057693481445
10	10	9	[4, 3, 21, 12, 23]	0.022524595260620117
10	15	9	[4, 3, 21, 12, 23]	0.032312870025634766
10	20	9	[4, 3, 21, 12, 23]	0.026757001876831055
10	25	9	[4, 3, 21, 12, 23]	0.025813579559326172
10	1	13	[12, 21, 3, 4, 1, 16, 10]	0.0441739559173584
10	5	13	[12, 21, 3, 4, 1, 16, 10]	0.04451584815979004
10	10	13	[12, 21, 3, 4, 1, 16, 10]	0.04843497276306152
10	15	13	[12, 21, 3, 4, 1, 16, 10]	0.04223942756652832
10	20	13	[12, 21, 3, 4, 1, 16, 10]	0.04029083251953125
10	25	35	[12, 19, 14, 22, 5, 0, 20, 13, 6, 7, 18, 3, 4, 1, 16, 10]	0.09009075164794922
10	1	33	[6, 13, 20, 0, 5, 3, 4, 1, 16, 10, 15, 2, 17, 9, 18]	0.10398697853088379
10	5	33	[6, 13, 20, 0, 5, 3, 4, 1, 16, 10, 15, 2, 17, 9, 18]	0.09813165664672852
10	10	33	[6, 13, 20, 0, 5, 3, 4, 1, 16, 10, 15, 2, 17, 9, 18]	0.10271000862121582
10	15	33	[6, 13, 20, 0, 5, 3, 4, 1, 16, 10, 15, 2, 17, 9, 18]	0.09012317657470703
10	20	42	[6, 13, 20, 0, 5, 22, 14, 19, 12, 21, 3, 4, 1, 16, 10, 15, 2, 17, 9, 18]	0.1413109302520752
10	25	34	[6, 13, 20, 0, 5, 3, 4, 1, 16, 10, 15, 2, 17, 9, 18]	0.08421754837036133
10	1	47	[20, 0, 5, 3, 4, 1, 16, 10, 15, 2, 17, 9, 18, 7, 6, 13, 20, 11, 23, 12, 21]	0.14949750900268555
10	5	47	[20, 0, 5, 3, 4, 1, 16, 10, 15, 2, 17, 9, 18, 7, 6, 13, 20, 11, 23, 12, 21]	0.1368718147277832
10	10	52	[20, 0, 5, 3, 4, 1, 16, 10, 15, 2, 17, 9, 18, 7, 6, 13, 6, 13, 20, 11, 23, 12, 21]	0.16604113578796387
10	15	59	[20, 0, 5, 3, 4, 1, 16, 10, 15, 2, 17, 9, 18, 7, 6, 13, 6, 7, 6, 7, 6, 7, 6, 7, 18]	0.17409062385559082
10	20	53	[20, 0, 5, 3, 4, 1, 16, 10, 15, 2, 17, 9, 18, 7, 6, 13, 6, 7, 18, 11, 23, 12, 21]	0.15012526512145996
10	25	49	[20, 0, 5, 3, 4, 1, 16, 10, 15, 2, 17, 9, 18, 7, 6, 13, 20, 11, 23, 12, 21]	0.16022849082946777
10	1	19	[2, 15, 10, 3, 4, 1, 16, 8, 22]	0.05012941360473633
10	5	19	[2, 15, 10, 3, 4, 1, 16, 8, 22]	0.052504539489746094
10	10	19	[2, 15, 10, 3, 4, 1, 16, 14, 22]	0.0626990795135498
10	15	19	[2, 15, 10, 3, 4, 1, 16, 8, 22]	0.05311441421508789
10	20	19	[2, 15, 10, 3, 4, 1, 16, 8, 22]	0.06503844261169434
10	25	20	[2, 15, 10, 3, 4, 1, 16, 8, 22]	0.049124717712402344
10	1	43	[21, 3, 4, 1, 16, 10, 15, 2, 17, 9, 18, 7, 6, 13, 20, 0, 5, 22, 14, 19]	0.1464080810546875
10	5	43	[21, 3, 4, 1, 16, 10, 15, 2, 17, 9, 18, 7, 6, 13, 20, 0, 5, 22, 14, 19]	0.13917922973632812
10	10	43	[21, 3, 4, 1, 16, 10, 15, 2, 17, 9, 18, 7, 6, 13, 20, 11, 23, 12, 19]	0.12271785736083984
10	15	58	[21, 12, 23, 11, 20, 0, 5, 3, 4, 1, 16, 10, 15, 2, 17, 9, 18, 7, 6, 13, 6, 7, 18, 9, 17]	0.15101361274719238
10	20	34	[21, 3, 4, 1, 16, 10, 15, 12, 23, 11, 20, 0, 5, 22, 14, 19]	0.11682415008544922
10	25	45	[21, 3, 4, 1, 16, 10, 15, 2, 17, 9, 18, 7, 6, 13, 20, 0, 5, 22, 14, 19]	0.12547659873962402
10	1	54	[5, 0, 20, 13, 6, 7, 18, 3, 4, 1, 16, 10, 15, 2, 17, 9, 18, 11, 23, 12, 21, 3, 4, 3, 21]	0.16349029541015625
10	5	55	[5, 0, 20, 13, 6, 7, 18, 3, 4, 1, 16, 10, 15, 2, 17, 9, 18, 11, 23, 12, 21, 12, 19, 14, 22]	0.20130610466003418
10	10	53	[5, 0, 20, 13, 6, 7, 18, 3, 10, 15, 2, 17, 9, 17, 9, 18, 11, 23, 12, 21, 12, 19, 14, 22]	0.15761804580688477
10	15	56	[5, 0, 20, 13, 6, 7, 18, 3, 4, 1, 16, 10, 15, 2, 17, 9, 17, 9, 17, 2, 17, 9, 18, 11, 23]	0.17505693435668945
10	20	57	[5, 0, 20, 13, 6, 7, 18, 3, 4, 1, 16, 10, 15, 2, 17, 9, 17, 9, 17, 9, 17, 2, 17, 9, 17]	0.17063236236572266
10	25	61	[5, 0, 20, 13, 6, 7, 18, 3, 4, 1, 16, 10, 15, 2, 17, 9, 17, 2, 17, 2, 17, 9, 17, 2, 15]	0.16057991981506348
10	1	43	[1, 4, 3, 21, 12, 23, 11, 20, 0, 5, 22, 14, 19, 14, 16, 10, 15, 2, 17, 9]	0.13242483139038086
10	5	43	[1, 4, 3, 21, 12, 23, 11, 20, 0, 5, 22, 14, 19, 14, 16, 10, 15, 2, 17, 9]	0.154083251953125
10	10	54	[1, 4, 3, 21, 12, 23, 11, 20, 0, 5, 22, 14, 19, 12, 15, 10, 16, 8, 22, 8, 22, 14, 19, 12, 15]	0.14153480529785156
10	15	43	[1, 4, 3, 21, 12, 23, 11, 20, 0, 5, 22, 14, 19, 14, 16, 10, 15, 2, 17, 9]	0.14258956909179688
10	20	43	[1, 4, 3, 21, 12, 23, 11, 20, 0, 5, 22, 14, 19, 14, 16, 10, 15, 2, 17, 9]	0.15593886375427246
10	25	44	[1, 4, 3, 21, 12, 23, 11, 20, 0, 5, 22, 14, 19, 14, 16, 10, 15, 2, 17, 9]	0.15484070777893066
10	1	50	[8, 22, 5, 0, 20, 13, 6, 7, 18, 3, 4, 1, 16, 10, 15, 2, 17, 9, 17, 9, 18, 11, 23]	0.21863174438476562
10	5	45	[8, 22, 5, 0, 20, 13, 6, 7, 18, 3, 4, 1, 16, 10, 15, 2, 17, 9, 18, 11, 23]	0.14572787284851074
10	10	45	[8, 22, 5, 0, 20, 13, 6, 7, 18, 3, 4, 1, 16, 10, 15, 2, 17, 9, 18, 11, 23]	0.15160703659057617
10	15	56	[8, 22, 5, 0, 20, 13, 6, 7, 18, 3, 4, 1, 16, 10, 15, 2, 17, 9, 17, 2, 17, 2, 15, 12, 21]	0.159775972366333
10	20	56	[8, 22, 5, 0, 20, 13, 6, 7, 18, 3, 4, 1, 16, 10, 15, 2, 17, 9, 17, 2, 15, 12, 21, 3, 18]	0.16954660415649414
10	25	58	[8, 22, 5, 0, 20, 13, 6, 7, 18, 3, 4, 1, 16, 10, 15, 2, 17, 9, 17, 2, 17, 9, 18, 11, 23]	0.21561956405639648
10	1	23	[2, 15, 10, 3, 4, 1, 16, 8, 22, 5, 0]	0.07764005661010742
10	5	23	[2, 15, 10, 3, 4, 1, 16, 8, 22, 5, 0]	0.0759587287902832
10	10	23	[2, 15, 10, 3, 4, 1, 16, 8, 22, 5, 0]	0.05716705322265625
10	15	23	[2, 15, 10, 3, 4, 1, 16, 8, 22, 5, 0]	0.06971859931945801
10	20	23	[2, 15, 10, 3, 4, 1, 16, 8, 22, 5, 0]	0.07440519332885742
10	25	24	[2, 15, 10, 3, 4, 1, 16, 8, 22, 5, 0]	0.07146048545837402
10	1	45	[0, 5, 3, 4, 1, 16, 10, 15, 2, 17, 9, 18, 7, 6, 13, 20, 11, 23, 12, 21]	0.14471983909606934
10	5	45	[0, 5, 3, 4, 1, 16, 10, 15, 2, 17, 9, 18, 7, 6, 13, 20, 11, 23, 12, 21]	0.1309983730316162
10	10	21	[0, 5, 3, 4, 1, 16, 10, 15, 12, 21]	0.07357573509216309
10	15	7	[0, 5, 3, 21]	0.018912315368652344
10	20	46	[0, 5, 3, 4, 1, 16, 10, 15, 2, 17, 9, 18, 7, 6, 13, 20, 11, 23, 12, 21]	0.13727140426635742
10	25	47	[0, 5, 3, 4, 1, 16, 10, 15, 2, 17, 9, 18, 7, 6, 13, 20, 11, 23, 12, 21]	0.12741470336914062
10	1	12	[6, 13, 20, 0, 5, 3]	0.03367757797241211
10	5	12	[6, 13, 20, 0, 5, 3]	0.02718353271484375
10	10	12	[6, 13, 20, 0, 5, 3]	0.026003360748291016
10	15	12	[6, 13, 20, 0, 5, 3]	0.03064560890197754
10	20	12	[6, 13, 20, 0, 5, 3]	0.032637834548950195
10	25	12	[6, 13, 20, 0, 5, 3]	0.033420562744140625
10	1	23	[12, 21, 3, 5, 0, 20, 13, 6, 7, 18, 11, 23]	0.06446337699890137
10	5	49	[12, 21, 3, 4, 1, 16, 10, 15, 2, 17, 9, 18, 7, 6, 13, 20, 0, 5, 22, 14, 19, 12, 23]	0.15764808654785156
10	10	49	[12, 21, 3, 4, 1, 16, 10, 15, 2, 17, 9, 18, 7, 6, 13, 20, 0, 5, 22, 14, 19, 12, 23]	0.15475249290466309
10	15	50	[12, 21, 3, 4, 1, 16, 10, 15, 2, 17, 9, 18, 7, 6, 13, 20, 0, 5, 22, 14, 19, 12, 23]	0.13956785202026367
10	20	55	[12, 21, 3, 4, 1, 16, 10, 15, 2, 17, 9, 18, 7, 6, 13, 20, 0, 5, 22, 14, 19, 14, 16, 8, 16]	0.17762422561645508
10	25	55	[12, 21, 3, 4, 1, 16, 10, 15, 2, 17, 9, 18, 7, 6, 13, 20, 0, 5, 22, 14, 19, 14, 19, 12, 23]	0.20233941078186035
10	1	23	[20, 0, 5, 3, 4, 1, 16, 10, 15, 2, 17]	0.09072995185852051
10	5	23	[20, 0, 5, 3, 4, 1, 16, 10, 15, 2, 17]	0.07297992706298828
10	10	23	[20, 0, 5, 3, 4, 1, 16, 10, 15, 2, 17]	0.06431913375854492
10	15	23	[20, 0, 5, 3, 4, 1, 16, 10, 15, 2, 17]	0.06743574142456055
10	20	23	[20, 0, 5, 3, 4, 1, 16, 10, 15, 2, 17]	0.062273263931274414
10	25	24	[20, 0, 5, 3, 4, 1, 16, 10, 15, 2, 17]	0.06295251846313477
10	1	5	[16, 10, 3]	0.014992952346801758
10	5	5	[16, 10, 3]	0.013646841049194336
10	10	5	[16, 10, 3]	0.016321659088134766
10	15	5	[16, 10, 3]	0.01355886459350586
10	20	5	[16, 10, 3]	0.017006397247314453
10	25	5	[16, 10, 3]	0.01600956916809082
10	1	14	[1, 4, 3, 21, 12, 23, 11]	0.05195283889770508
10	5	14	[1, 4, 3, 21, 12, 23, 11]	0.07163572311401367
10	10	14	[1, 4, 3, 21, 12, 23, 11]	0.05159759521484375
10	15	14	[1, 4, 3, 21, 12, 23, 11]	0.08056473731994629
10	20	14	[1, 4, 3, 21, 12, 23, 11]	0.07749724388122559
10	25	14	[1, 4, 3, 21, 12, 23, 11]	0.048161983489990234
10	1	16	[7, 6, 13, 20, 0, 5, 3, 4]	0.05637526512145996
10	5	16	[7, 6, 13, 20, 0, 5, 3, 4]	0.045481204986572266
10	10	56	[7, 6, 13, 20, 0, 5, 3, 18, 11, 23, 12, 21, 12, 19, 14, 16, 10, 15, 2, 17, 9, 17, 9, 17, 2]	0.18027091026306152
10	15	17	[7, 6, 13, 20, 0, 5, 3, 4]	0.04551362991333008
10	20	17	[7, 6, 13, 20, 0, 5, 3, 4]	0.06287932395935059
10	25	17	[7, 6, 13, 20, 0, 5, 3, 4]	0.06449341773986816
10	1	29	[23, 11, 20, 13, 6, 7, 18, 3, 4, 1, 16, 10, 15]	0.09403419494628906
10	5	35	[23, 11, 20, 0, 5, 3, 21, 12, 19, 14, 22, 8, 16, 10, 15]	0.1068868637084961
10	10	19	[23, 11, 18, 3, 4, 1, 16, 10, 15]	0.04692578315734863
10	15	25	[23, 11, 20, 0, 5, 3, 4, 1, 16, 10, 15]	0.07622265815734863
10	20	34	[23, 11, 20, 0, 5, 22, 14, 19, 12, 21, 3, 4, 1, 16, 10, 15]	0.16838359832763672
10	25	25	[23, 11, 20, 0, 5, 3, 4, 1, 16, 10, 15]	0.09483456611633301
