Num of Nodes	BW	Num of Hops	Path	Execution Time (seconds)
5	1	9	[3, 2, 12, 0, 13]	0.03888201713562012
5	5	9	[3, 2, 12, 0, 13]	0.02765512466430664
5	10	9	[3, 2, 12, 0, 13]	0.024825572967529297
5	15	9	[3, 2, 12, 0, 13]	0.02127361297607422
5	20	9	[3, 2, 12, 0, 13]	0.02275538444519043
5	25	9	[3, 2, 12, 0, 13]	0.021706819534301758
5	1	2	[0, 13]	0.011538505554199219
5	5	2	[0, 13]	0.010877609252929688
5	10	2	[0, 13]	0.01084589958190918
5	15	2	[0, 13]	0.010278701782226562
5	20	2	[0, 13]	0.011255741119384766
5	25	2	[0, 13]	0.010057926177978516
5	1	7	[4, 7, 9, 5]	0.014421463012695312
5	5	7	[4, 7, 9, 5]	0.013996362686157227
5	10	7	[4, 7, 9, 5]	0.013227701187133789
5	15	7	[4, 7, 9, 5]	0.01207590103149414
5	20	7	[4, 7, 9, 5]	0.0118865966796875
5	25	7	[4, 7, 9, 5]	0.012181997299194336
5	1	10	[10, 4, 7, 9, 0]	0.018057584762573242
5	5	10	[10, 4, 7, 9, 0]	0.016987323760986328
5	10	10	[10, 4, 7, 9, 0]	0.01716160774230957
5	15	10	[10, 4, 7, 9, 0]	0.017628192901611328
5	20	10	[10, 4, 7, 9, 0]	0.01894998550415039
5	25	10	[10, 4, 7, 9, 0]	0.016749143600463867
5	1	4	[12, 2, 9]	0.010155916213989258
5	5	4	[12, 2, 9]	0.01017451286315918
5	10	4	[12, 2, 9]	0.010909557342529297
5	15	4	[12, 2, 9]	0.01028895378112793
5	20	4	[12, 2, 9]	0.00946664810180664
5	25	4	[12, 2, 9]	0.009386777877807617
5	1	11	[12, 2, 12, 2, 3, 6]	0.023207902908325195
5	5	7	[12, 2, 3, 6]	0.025733232498168945
5	10	32	[12, 11, 0, 9, 5, 9, 5, 9, 7, 9, 5, 9, 7, 4, 10, 6]	0.023248672485351562
5	15	18	[12, 2, 12, 2, 3, 2, 3, 6]	0.026195287704467773
5	20	8	[12, 2, 3, 6]	0.025374889373779297
5	25	9	[12, 2, 3, 6]	0.024712562561035156
5	1	5	[3, 6, 10]	0.024465084075927734
5	5	5	[3, 6, 10]	0.027092933654785156
5	10	5	[3, 6, 10]	0.0242459774017334
5	15	5	[3, 6, 10]	0.02365851402282715
5	20	5	[3, 6, 10]	0.022311687469482422
5	25	5	[3, 6, 10]	0.022098541259765625
5	1	6	[11, 0, 9, 5]	0.015494108200073242
5	5	6	[11, 0, 9, 5]	0.01620650291442871
5	10	6	[11, 0, 9, 5]	0.01521611213684082
5	15	6	[11, 0, 9, 5]	0.014946699142456055
5	20	6	[11, 0, 9, 5]	0.014820337295532227
5	25	6	[11, 0, 9, 5]	0.015811920166015625
5	1	9	[0, 12, 2, 3, 6]	0.03698611259460449
5	5	9	[0, 12, 2, 3, 6]	0.035256147384643555
5	10	9	[0, 12, 2, 3, 6]	0.038659095764160156
5	15	10	[0, 12, 2, 3, 6]	0.03755974769592285
5	20	10	[0, 12, 2, 3, 6]	0.038694143295288086
5	25	11	[0, 12, 2, 3, 6]	0.03289675712585449
5	1	8	[6, 10, 4, 7]	0.016733169555664062
5	5	8	[6, 10, 4, 7]	0.016104698181152344
5	10	8	[6, 10, 4, 7]	0.018153667449951172
5	15	8	[6, 10, 4, 7]	0.01586747169494629
5	20	8	[6, 10, 4, 7]	0.01535344123840332
5	25	8	[6, 10, 4, 7]	0.016268253326416016
5	1	7	[8, 5, 9, 7]	0.016035795211791992
5	5	7	[8, 5, 9, 7]	0.01760077476501465
5	10	7	[8, 5, 9, 7]	0.015255212783813477
5	15	7	[8, 5, 9, 7]	0.014036893844604492
5	20	8	[8, 5, 9, 7]	0.014935493469238281
5	25	8	[8, 5, 9, 7]	0.014273405075073242
5	1	9	[5, 9, 7, 4, 10]	0.029787063598632812
5	5	13	[5, 9, 5, 9, 7, 4, 10]	0.027233362197875977
5	10	9	[5, 9, 7, 4, 10]	0.026568889617919922
5	15	9	[5, 9, 7, 4, 10]	0.030950069427490234
5	20	9	[5, 9, 7, 4, 10]	0.028177261352539062
5	25	9	[5, 9, 7, 4, 10]	0.028183698654174805
5	1	8	[6, 10, 4, 7]	0.020757675170898438
5	5	8	[6, 10, 4, 7]	0.019498586654663086
5	10	8	[6, 10, 4, 7]	0.018130779266357422
5	15	16	[6, 3, 2, 1, 8, 5, 9, 7]	0.024219036102294922
5	20	8	[6, 10, 4, 7]	0.01790928840637207
5	25	8	[6, 10, 4, 7]	0.0243680477142334
5	1	8	[11, 0, 9, 5, 8]	0.02911996841430664
5	5	9	[11, 12, 2, 1, 8]	0.025519609451293945
5	10	8	[11, 0, 9, 5, 8]	0.04098844528198242
5	15	8	[11, 0, 9, 5, 8]	0.0370783805847168
5	20	8	[11, 0, 9, 5, 8]	0.02982640266418457
5	25	8	[11, 0, 9, 5, 8]	0.02774953842163086
5	1	11	[13, 0, 12, 2, 3, 6]	0.04539823532104492
5	5	11	[13, 0, 12, 2, 3, 6]	0.04568338394165039
5	10	11	[13, 0, 12, 2, 3, 6]	0.05211615562438965
5	15	15	[13, 0, 11, 12, 2, 3, 6]	0.05848956108093262
5	20	12	[13, 0, 12, 2, 3, 6]	0.03523564338684082
5	25	13	[13, 0, 12, 2, 3, 6]	0.0333406925201416
5	1	7	[1, 2, 3, 6]	0.03015446662902832
5	5	7	[1, 2, 3, 6]	0.02992558479309082
5	10	7	[1, 2, 3, 6]	0.02786731719970703
5	15	8	[1, 2, 3, 6]	0.030483007431030273
5	20	8	[1, 2, 3, 6]	0.030894041061401367
5	25	9	[1, 2, 3, 6]	0.02916550636291504
5	1	4	[9, 0, 11]	0.024280548095703125
5	5	4	[9, 0, 11]	0.02664780616760254
5	10	4	[9, 0, 11]	0.01753091812133789
5	15	6	[9, 2, 12, 11]	0.01902461051940918
5	20	4	[9, 0, 11]	0.016585350036621094
5	25	4	[9, 0, 11]	0.015639305114746094
5	1	8	[11, 0, 12, 2, 3]	0.022190570831298828
5	5	8	[11, 0, 12, 2, 3]	0.022619009017944336
5	10	8	[11, 0, 12, 2, 3]	0.025577783584594727
5	15	9	[11, 0, 12, 2, 3]	0.026410579681396484
5	20	8	[11, 12, 2, 3]	0.02317047119140625
5	25	10	[11, 0, 12, 2, 3]	0.0313105583190918
5	1	11	[4, 7, 9, 7, 9, 2]	0.018009662628173828
5	5	7	[4, 7, 9, 2]	0.02356743812561035
5	10	7	[4, 7, 9, 2]	0.015426397323608398
5	15	7	[4, 7, 9, 2]	0.01315617561340332
5	20	7	[4, 7, 9, 2]	0.013772726058959961
5	25	7	[4, 7, 9, 2]	0.013250350952148438
5	1	9	[4, 7, 9, 0, 11]	0.02032303810119629
5	5	9	[4, 7, 9, 0, 11]	0.022694826126098633
5	10	9	[4, 7, 9, 0, 11]	0.025357723236083984
5	15	9	[4, 7, 9, 0, 11]	0.024785280227661133
5	20	9	[4, 7, 9, 0, 11]	0.022084474563598633
5	25	17	[4, 10, 6, 3, 2, 12, 0, 11]	0.043318986892700195
6	1	6	[6, 3, 2, 9]	0.02152705192565918
6	5	6	[6, 3, 2, 9]	0.028074026107788086
6	10	6	[6, 3, 2, 9]	0.025803804397583008
6	15	6	[6, 3, 2, 9]	0.03350687026977539
6	20	6	[6, 3, 2, 9]	0.020036935806274414
6	25	6	[6, 3, 2, 9]	0.0197906494140625
6	1	10	[12, 0, 11, 0, 9, 7]	0.03283190727233887
6	5	6	[12, 2, 9, 7]	0.03925466537475586
6	10	6	[12, 2, 9, 7]	0.027842998504638672
6	15	8	[12, 2, 9, 7]	0.025037288665771484
6	20	8	[12, 2, 9, 7]	0.02387714385986328
6	25	7	[12, 0, 9, 7]	0.02121901512145996
6	1	8	[1, 2, 9, 7, 4]	0.04300284385681152
6	5	11	[1, 8, 5, 9, 7, 4]	0.04342818260192871
6	10	10	[1, 2, 9, 7, 4]	0.0467686653137207
6	15	10	[1, 2, 9, 7, 4]	0.03918099403381348
6	20	10018	[1, 2, 12, 0, 11, 12, 2, 9, 7, 4]	0.03274178504943848
6	25	10005	[1, 2, 9, 7, 4]	0.028885364532470703
6	1	2	[7, 4]	0.015150785446166992
6	5	2	[7, 4]	0.020348548889160156
6	10	2	[7, 4]	0.016824960708618164
6	15	2	[7, 4]	0.015462875366210938
6	20	2	[7, 4]	0.01251530647277832
6	25	2	[7, 4]	0.012988567352294922
6	1	2	[9, 5]	0.010529041290283203
6	5	2	[9, 5]	0.011516094207763672
6	10	2	[9, 5]	0.010180234909057617
6	15	2	[9, 5]	0.008989810943603516
6	20	2	[9, 5]	0.010039329528808594
6	25	2	[9, 5]	0.007816314697265625
6	1	6	[3, 2, 9, 5]	0.027568578720092773
6	5	6	[3, 2, 9, 5]	0.02704644203186035
6	10	6	[3, 2, 9, 5]	0.02366805076599121
6	15	10	[3, 2, 1, 8, 5]	0.021633625030517578
6	20	6	[3, 2, 9, 5]	0.022825002670288086
6	25	6	[3, 2, 9, 5]	0.019995689392089844
6	1	2	[6, 3]	0.008445501327514648
6	5	2	[6, 3]	0.00882101058959961
6	10	2	[6, 3]	0.009424924850463867
6	15	2	[6, 3]	0.009711265563964844
6	20	2	[6, 3]	0.010309934616088867
6	25	2	[6, 3]	0.011279821395874023
6	1	8	[13, 0, 12, 2, 3]	0.038245201110839844
6	5	14	[13, 11, 0, 12, 0, 12, 2, 3]	0.0390620231628418
6	10	8	[13, 0, 12, 2, 3]	0.03306722640991211
6	15	10007	[13, 11, 12, 2, 3]	0.030449867248535156
6	20	10009	[13, 11, 0, 12, 2, 3]	0.03531241416931152
6	25	10007	[13, 11, 0, 9, 2, 3]	0.03717494010925293
6	1	8	[8, 1, 2, 3, 6]	0.05328798294067383
6	5	8	[8, 1, 2, 3, 6]	0.046616315841674805
6	10	26	[8, 5, 9, 5, 9, 7, 4, 7, 9, 7, 4, 10, 6]	0.045876264572143555
6	15	11	[8, 5, 9, 2, 3, 6]	0.0402224063873291
6	20	13	[8, 5, 9, 7, 4, 10, 6]	0.039397239685058594
6	25	11	[8, 5, 9, 2, 3, 6]	0.05001568794250488
6	1	4	[0, 12, 2]	0.01691913604736328
6	5	4	[0, 12, 2]	0.016939163208007812
6	10	4	[0, 12, 2]	0.02224564552307129
6	15	6	[0, 12, 2]	0.015506505966186523
6	20	6	[0, 12, 2]	0.018550395965576172
6	25	8	[0, 11, 0, 9, 2]	0.02366328239440918
6	1	8	[10, 4, 7, 9, 0]	0.029848814010620117
6	5	8	[10, 4, 7, 9, 0]	0.03182411193847656
6	10	8	[10, 4, 7, 9, 0]	0.027495861053466797
6	15	8	[10, 4, 7, 9, 0]	0.025851964950561523
6	20	8	[10, 4, 7, 9, 0]	0.028711318969726562
6	25	8	[10, 4, 7, 9, 0]	0.02579474449157715
6	1	3	[5, 9]	0.0036804676055908203
6	5	3	[5, 9]	0.0037772655487060547
6	10	29	[5, 8, 1, 2, 12, 2, 3, 6, 3, 2, 1, 2, 9]	0.00384521484375
6	15	3	[5, 9]	0.003987550735473633
6	20	3	[5, 9]	0.003169536590576172
6	25	3	[5, 9]	0.0029687881469726562
6	1	6	[8, 1, 2, 3]	0.026498794555664062
6	5	6	[8, 1, 2, 3]	0.028176307678222656
6	10	8	[8, 1, 2, 3]	0.028275012969970703
6	15	8	[8, 1, 2, 3]	0.027498483657836914
6	20	9	[8, 5, 9, 2, 3]	0.02593994140625
6	25	9	[8, 5, 9, 2, 3]	0.028745412826538086
6	1	7	[5, 9, 0, 13]	0.034799814224243164
6	5	7	[5, 9, 0, 13]	0.03582119941711426
6	10	7	[5, 9, 0, 13]	0.0337526798248291
6	15	15	[5, 8, 1, 2, 9, 0, 13]	0.029862165451049805
6	20	7	[5, 9, 0, 13]	0.029080629348754883
6	25	7	[5, 9, 0, 13]	0.030997037887573242
6	1	6	[13, 0, 9, 5]	0.02411627769470215
6	5	6	[13, 0, 9, 5]	0.023642301559448242
6	10	6	[13, 0, 9, 5]	0.022063255310058594
6	15	10005	[13, 11, 0, 9, 5]	0.02411818504333496
6	20	10003	[13, 0, 9, 5]	0.021712064743041992
6	25	10003	[13, 0, 9, 5]	0.01722884178161621
6	1	3	[5, 9]	0.002912282943725586
6	5	3	[5, 9]	0.0032939910888671875
6	10	3	[5, 9]	0.0031058788299560547
6	15	3	[5, 9]	0.0032460689544677734
6	20	3	[5, 9]	0.0025110244750976562
6	25	8	[5, 8, 5, 9]	0.0024871826171875
6	1	12	[6, 3, 2, 12, 2, 1, 8]	0.034331321716308594
6	5	8	[6, 3, 2, 1, 8]	0.035382747650146484
6	10	10	[6, 3, 2, 1, 8]	0.03875994682312012
6	15	10	[6, 3, 2, 1, 8]	0.04864954948425293
6	20	13	[6, 10, 4, 7, 9, 5, 8]	0.036208152770996094
6	25	13	[6, 10, 4, 7, 9, 5, 8]	0.03948235511779785
6	1	6	[1, 2, 9, 7]	0.02624964714050293
6	5	6	[1, 2, 9, 7]	0.02326655387878418
6	10	16	[1, 2, 3, 6, 3, 2, 9, 7]	0.02422475814819336
6	15	8	[1, 2, 9, 7]	0.022942543029785156
6	20	10003	[1, 2, 9, 7]	0.0209653377532959
6	25	10003	[1, 2, 9, 7]	0.032085418701171875
6	1	4	[9, 2, 3]	0.03235292434692383
6	5	4	[9, 2, 3]	0.025727510452270508
6	10	12	[9, 0, 11, 0, 12, 2, 3]	0.022066354751586914
6	15	4	[9, 2, 3]	0.023617029190063477
6	20	4	[9, 2, 3]	0.022003650665283203
6	25	4	[9, 2, 3]	0.028027772903442383
6	1	6	[3, 2, 12, 11]	0.0277864933013916
6	5	10	[3, 2, 3, 2, 12, 11]	0.022219419479370117
6	10	6	[3, 2, 12, 11]	0.023314952850341797
6	15	16	[3, 6, 10, 4, 7, 9, 2, 12, 11]	0.024771928787231445
6	20	6	[3, 2, 12, 11]	0.023328542709350586
6	25	7	[3, 2, 12, 11]	0.020385265350341797
7	1	7	[3, 2, 1, 8]	0.038762807846069336
7	5	7	[3, 2, 1, 8]	0.04202914237976074
7	10	7	[3, 2, 1, 8]	0.04109072685241699
7	15	7	[3, 2, 1, 8]	0.06264257431030273
7	20	7	[3, 2, 1, 8]	0.0449681282043457
7	25	7	[3, 2, 1, 8]	0.03922867774963379
7	1	7	[7, 9, 2, 12]	0.032900333404541016
7	5	17	[7, 4, 7, 9, 2, 9, 2, 12]	0.029137134552001953
7	10	7	[7, 9, 2, 12]	0.02540874481201172
7	15	13	[7, 4, 7, 9, 2, 12]	0.024979352951049805
7	20	7	[7, 9, 2, 12]	0.025307178497314453
7	25	7	[7, 9, 2, 12]	0.024903535842895508
7	1	5	[8, 5, 9]	0.012589454650878906
7	5	5	[8, 5, 9]	0.018403291702270508
7	10	5	[8, 5, 9]	0.011893272399902344
7	15	5	[8, 5, 9]	0.014548301696777344
7	20	5	[8, 5, 9]	0.014882326126098633
7	25	5	[8, 5, 9]	0.012862205505371094
7	1	17	[7, 9, 2, 9, 7, 4, 10, 6]	0.06578230857849121
7	5	9	[7, 9, 2, 3, 6]	0.05335068702697754
7	10	8	[7, 4, 10, 6]	0.05380892753601074
7	15	25	[7, 9, 5, 9, 5, 9, 2, 12, 2, 3, 6]	0.058423519134521484
7	20	13	[7, 4, 10, 4, 10, 6]	0.05271100997924805
7	25	18	[7, 9, 5, 9, 7, 4, 10, 6]	0.05571579933166504
7	1	6	[3, 2, 9, 5]	0.03278160095214844
7	5	6	[3, 2, 9, 5]	0.03931689262390137
7	10	6	[3, 2, 9, 5]	0.030947208404541016
7	15	6	[3, 2, 9, 5]	0.029042720794677734
7	20	6	[3, 2, 9, 5]	0.03462076187133789
7	25	6	[3, 2, 9, 5]	0.026994943618774414
7	1	7	[7, 9, 2, 1]	0.03716611862182617
7	5	7	[7, 9, 2, 1]	0.038910865783691406
7	10	10	[7, 9, 5, 8, 1]	0.0403895378112793
7	15	7	[7, 9, 2, 1]	0.03777885437011719
7	20	7	[7, 9, 2, 1]	0.03196430206298828
7	25	7	[7, 9, 2, 1]	0.03423142433166504
7	1	7	[12, 2, 9, 7]	0.034487247467041016
7	5	7	[12, 2, 9, 7]	0.03275918960571289
7	10	7	[12, 2, 9, 7]	0.029532670974731445
7	15	7	[12, 2, 9, 7]	0.028973817825317383
7	20	7	[12, 2, 9, 7]	0.02898240089416504
7	25	8	[12, 2, 9, 7]	0.028898000717163086
7	1	7	[0, 12, 2, 1]	0.03824877738952637
7	5	7	[0, 12, 2, 1]	0.03519868850708008
7	10	7	[0, 12, 2, 1]	0.040470123291015625
7	15	7	[0, 12, 2, 1]	0.036708831787109375
7	20	7	[0, 12, 2, 1]	0.03203892707824707
7	25	8	[0, 12, 2, 1]	0.03232622146606445
7	1	11	[11, 0, 12, 2, 3, 6]	0.06264758110046387
7	5	39	[11, 0, 11, 0, 9, 7, 9, 5, 8, 5, 9, 5, 9, 7, 4, 10, 6]	0.05614733695983887
7	10	12	[11, 0, 12, 2, 3, 6]	0.05637311935424805
7	15	12	[11, 0, 12, 2, 3, 6]	0.0645751953125
7	20	10	[11, 12, 2, 3, 6]	0.060288190841674805
7	25	13	[11, 0, 12, 2, 3, 6]	0.05199098587036133
7	1	4	[11, 0, 9]	0.018062353134155273
7	5	4	[11, 0, 9]	0.019235610961914062
7	10	4	[11, 0, 9]	0.0194551944732666
7	15	4	[11, 0, 9]	0.019328832626342773
7	20	4	[11, 0, 9]	0.01787424087524414
7	25	4	[11, 0, 9]	0.017128467559814453
7	1	5	[1, 2, 3]	0.023031234741210938
7	5	5	[1, 2, 3]	0.025174617767333984
7	10	6	[1, 2, 3]	0.026398181915283203
7	15	6	[1, 2, 3]	0.022938966751098633
7	20	6	[1, 2, 3]	0.027319908142089844
7	25	6	[1, 2, 3]	0.029667139053344727
7	1	10	[10, 4, 7, 9, 5]	0.03538990020751953
7	5	10	[10, 4, 7, 9, 5]	0.030025959014892578
7	10	10	[10, 4, 7, 9, 5]	0.02830362319946289
7	15	10	[10, 4, 7, 9, 5]	0.027751684188842773
7	20	10	[10, 4, 7, 9, 5]	0.03015422821044922
7	25	10	[10, 4, 7, 9, 5]	0.03109884262084961
7	1	4	[2, 9, 5]	0.03865194320678711
7	5	4	[2, 9, 5]	0.03847098350524902
7	10	4	[2, 9, 5]	0.03866243362426758
7	15	4	[2, 9, 5]	0.04063582420349121
7	20	4	[2, 9, 5]	0.03944849967956543
7	25	4	[2, 9, 5]	0.039600372314453125
7	1	2	[9, 2]	0.043964385986328125
7	5	2	[9, 2]	0.04584550857543945
7	10	2	[9, 2]	0.042311906814575195
7	15	2	[9, 2]	0.027289628982543945
7	20	2	[9, 2]	0.017885446548461914
7	25	2	[9, 2]	0.01847386360168457
7	1	6	[11, 0, 9, 5]	0.04531669616699219
7	5	6	[11, 0, 9, 5]	0.03731822967529297
7	10	6	[11, 0, 9, 5]	0.03603553771972656
7	15	6	[11, 0, 9, 5]	0.0390324592590332
7	20	6	[11, 0, 9, 5]	0.03341102600097656
7	25	11	[11, 0, 13, 0, 9, 5]	0.030523300170898438
7	1	4	[3, 6, 10]	0.05384373664855957
7	5	4	[3, 6, 10]	0.05125594139099121
7	10	4	[3, 6, 10]	0.06719183921813965
7	15	4	[3, 6, 10]	0.05597209930419922
7	20	4	[3, 6, 10]	0.04537343978881836
7	25	4	[3, 6, 10]	0.04930472373962402
7	1	8	[5, 9, 0, 11]	0.037863969802856445
7	5	8	[5, 9, 0, 11]	0.031955718994140625
7	10	12	[5, 8, 1, 2, 12, 11]	0.03556418418884277
7	15	8	[5, 9, 0, 11]	0.03479504585266113
7	20	8	[5, 9, 0, 11]	0.03558039665222168
7	25	8	[5, 9, 0, 11]	0.04140043258666992
7	1	8	[10, 6, 3, 2, 12]	0.04364824295043945
7	5	8	[10, 6, 3, 2, 12]	0.035971641540527344
7	10	27	[10, 4, 7, 9, 5, 8, 1, 8, 5, 9, 2, 12]	0.029609203338623047
7	15	8	[10, 6, 3, 2, 12]	0.03400421142578125
7	20	12	[10, 4, 7, 9, 2, 12]	0.0336611270904541
7	25	21	[10, 6, 10, 4, 7, 9, 5, 9, 2, 12]	0.033941030502319336
7	1	5	[5, 9, 2]	0.026587963104248047
7	5	5	[5, 9, 2]	0.02193903923034668
7	10	5	[5, 9, 2]	0.02833247184753418
7	15	5	[5, 9, 2]	0.023014545440673828
7	20	5	[5, 9, 2]	0.016834497451782227
7	25	5	[5, 9, 2]	0.017220735549926758
7	1	4	[3, 2, 1]	0.02926182746887207
7	5	4	[3, 2, 1]	0.035370588302612305
7	10	4	[3, 2, 1]	0.02435779571533203
7	15	4	[3, 2, 1]	0.029566526412963867
7	20	4	[3, 2, 1]	0.020451068878173828
7	25	4	[3, 2, 1]	0.02316737174987793
8	1	2	[12, 0]	0.04614686965942383
8	5	2	[12, 0]	0.0777580738067627
8	10	4	[12, 11, 0]	0.06493616104125977
8	15	2	[12, 0]	0.059505462646484375
8	20	2	[12, 0]	0.047254323959350586
8	25	2	[12, 0]	0.054126739501953125
8	1	6	[13, 0, 9, 5]	0.16978073120117188
8	5	6	[13, 0, 9, 5]	0.15693044662475586
8	10	6	[13, 0, 9, 5]	0.15828776359558105
8	15	6	[13, 0, 9, 5]	0.13342666625976562
8	20	6	[13, 0, 9, 5]	0.13813400268554688
8	25	6	[13, 0, 9, 5]	0.13602614402770996
8	1	5	[2, 1, 8]	0.1674199104309082
8	5	5	[2, 1, 8]	0.1542985439300537
8	10	5	[2, 1, 8]	0.1811811923980713
8	15	5	[2, 1, 8]	0.14443469047546387
8	20	19	[2, 9, 7, 9, 0, 11, 0, 9, 5, 8]	0.15553855895996094
8	25	5	[2, 1, 8]	0.15029335021972656
8	1	10	[10, 4, 7, 9, 0, 13]	0.2698099613189697
8	5	10	[10, 4, 7, 9, 0, 13]	0.26120543479919434
8	10	10	[10, 4, 7, 9, 0, 13]	0.24121308326721191
8	15	10	[10, 4, 7, 9, 0, 13]	0.195387601852417
8	20	10	[10, 4, 7, 9, 0, 13]	0.21834206581115723
8	25	11	[10, 4, 7, 9, 0, 13]	0.3835761547088623
8	1	6	[5, 9, 2, 1]	0.2622642517089844
8	5	4	[5, 8, 1]	0.24783897399902344
8	10	6	[5, 8, 1]	0.24431586265563965
8	15	7	[5, 9, 2, 1]	0.2606234550476074
8	20	6	[5, 8, 1]	0.3040812015533447
8	25	12	[5, 9, 7, 9, 2, 1]	0.2542109489440918
8	1	8	[13, 0, 9, 7, 4]	0.28734540939331055
8	5	8	[13, 0, 9, 7, 4]	0.25533366203308105
8	10	8	[13, 0, 9, 7, 4]	0.26688337326049805
8	15	17	[13, 0, 11, 0, 9, 5, 9, 7, 4]	0.2440500259399414
8	20	8	[13, 0, 9, 7, 4]	0.20738720893859863
8	25	8	[13, 0, 9, 7, 4]	0.250302791595459
8	1	8	[6, 3, 2, 9, 7]	0.1504065990447998
8	5	8	[6, 3, 2, 9, 7]	0.1470017433166504
8	10	12	[6, 3, 2, 12, 0, 9, 7]	0.1403946876525879
8	15	6	[6, 10, 4, 7]	0.12670469284057617
8	20	6	[6, 10, 4, 7]	0.11997509002685547
8	25	8	[6, 3, 2, 9, 7]	0.13257789611816406
8	1	2	[0, 9]	0.08542442321777344
8	5	2	[0, 9]	0.09170079231262207
8	10	2	[0, 9]	0.11835074424743652
8	15	2	[0, 9]	0.07498955726623535
8	20	2	[0, 9]	0.07991218566894531
8	25	2	[0, 9]	0.09076285362243652
8	1	4	[9, 2, 12]	0.11632180213928223
8	5	8	[9, 0, 13, 0, 12]	0.1519145965576172
8	10	4	[9, 2, 12]	0.13359999656677246
8	15	4	[9, 2, 12]	0.14989829063415527
8	20	4	[9, 2, 12]	0.11978411674499512
8	25	5	[9, 2, 12]	0.13892078399658203
8	1	4	[12, 0, 13]	0.17399120330810547
8	5	4	[12, 0, 13]	0.16403865814208984
8	10	4	[12, 0, 13]	0.16396331787109375
8	15	4	[12, 0, 13]	0.18808865547180176
8	20	4	[12, 0, 13]	0.13642597198486328
8	25	4	[12, 0, 13]	0.14302420616149902
8	1	4	[12, 0, 13]	0.14838266372680664
8	5	4	[12, 0, 13]	0.1616361141204834
8	10	4	[12, 0, 13]	0.16533946990966797
8	15	4	[12, 0, 13]	0.1456892490386963
8	20	4	[12, 0, 13]	0.14872026443481445
8	25	4	[12, 0, 13]	0.14933276176452637
8	1	4	[9, 2, 12]	0.10750365257263184
8	5	4	[9, 2, 12]	0.11709237098693848
8	10	4	[9, 2, 12]	0.10187435150146484
8	15	4	[9, 2, 12]	0.10964584350585938
8	20	4	[9, 2, 12]	0.09644651412963867
8	25	5	[9, 2, 12]	0.11583876609802246
8	1	7	[12, 2, 9, 5]	0.17926836013793945
8	5	7	[12, 2, 9, 5]	0.15876126289367676
8	10	7	[12, 2, 9, 5]	0.1362290382385254
8	15	10	[12, 0, 11, 0, 9, 5]	0.12424778938293457
8	20	7	[12, 2, 9, 5]	0.1301736831665039
8	25	12	[12, 2, 1, 2, 9, 5]	0.12554478645324707
8	1	12	[10, 6, 3, 2, 12, 0, 11]	0.16489529609680176
8	5	10	[10, 4, 7, 9, 0, 11]	0.1737220287322998
8	10	10	[10, 6, 3, 2, 12, 11]	0.18263912200927734
8	15	10	[10, 4, 7, 9, 0, 11]	0.16696619987487793
8	20	14	[10, 6, 10, 4, 7, 9, 0, 11]	0.18501687049865723
8	25	11	[10, 4, 7, 9, 0, 11]	0.23261141777038574
8	1	6	[1, 2, 3]	0.12154364585876465
8	5	6	[1, 2, 3]	0.1250452995300293
8	10	6	[1, 2, 3]	0.12429237365722656
8	15	6	[1, 2, 3]	0.11629056930541992
8	20	6	[1, 2, 3]	0.12562847137451172
8	25	6	[1, 2, 3]	0.1217505931854248
8	1	38	[5, 8, 5, 9, 5, 9, 5, 9, 7, 4, 7, 9, 0, 9, 5, 9, 7, 4, 10, 6]	0.3193979263305664
8	5	21	[5, 9, 5, 9, 7, 9, 5, 9, 2, 3, 6]	0.28401660919189453
8	10	14	[5, 8, 1, 2, 3, 6]	0.24734044075012207
8	15	10	[5, 9, 2, 3, 6]	0.2666764259338379
8	20	20	[5, 9, 7, 9, 5, 9, 7, 4, 10, 6]	0.23313188552856445
8	25	11	[5, 9, 7, 4, 10, 6]	0.262664794921875
8	1	6	[7, 9, 2, 12]	0.1257483959197998
8	5	6	[7, 9, 2, 12]	0.13547396659851074
8	10	6	[7, 9, 2, 12]	0.15010404586791992
8	15	6	[7, 9, 2, 12]	0.12462568283081055
8	20	6	[7, 9, 2, 12]	0.12495970726013184
8	25	7	[7, 9, 2, 12]	0.14621353149414062
8	1	8	[13, 0, 9, 7, 4]	0.25766968727111816
8	5	8	[13, 0, 9, 7, 4]	0.2311844825744629
8	10	8	[13, 0, 9, 7, 4]	0.2376573085784912
8	15	8	[13, 0, 9, 7, 4]	0.22579050064086914
8	20	12	[13, 0, 11, 0, 9, 7, 4]	0.22384047508239746
8	25	8	[13, 0, 9, 7, 4]	0.18891048431396484
8	1	15	[1, 2, 12, 2, 3, 6, 10]	0.35615038871765137
8	5	10	[1, 2, 3, 6, 10]	0.33164262771606445
8	10	10	[1, 2, 3, 6, 10]	0.2662017345428467
8	15	15	[1, 8, 5, 9, 7, 4, 10]	0.25829577445983887
8	20	15	[1, 8, 5, 9, 7, 4, 10]	0.2364504337310791
8	25	10	[1, 2, 3, 6, 10]	0.2565596103668213
8	1	2	[13, 0]	0.016191482543945312
8	5	2	[13, 0]	0.016243934631347656
8	10	2	[13, 0]	0.01581740379333496
8	15	2	[13, 0]	0.017497777938842773
8	20	2	[13, 0]	0.01517796516418457
8	25	2	[13, 0]	0.014329195022583008
9	1	4	[12, 0, 13]	0.6020903587341309
9	5	4	[12, 0, 13]	0.5108051300048828
9	10	4	[12, 0, 13]	0.48909592628479004
9	15	4	[12, 0, 13]	0.4619772434234619
9	20	4	[12, 0, 13]	0.46703386306762695
9	25	4	[12, 0, 13]	0.4679737091064453
9	1	9	[13, 0, 12, 2, 3]	0.5917990207672119
9	5	9	[13, 0, 12, 2, 3]	0.5993711948394775
9	10	9	[13, 0, 12, 2, 3]	0.6681959629058838
9	15	9	[13, 0, 12, 2, 3]	0.6696434020996094
9	20	11	[13, 0, 12, 2, 3]	0.6143624782562256
9	25	22	[13, 0, 12, 2, 9, 7, 4, 10, 6, 3]	0.5825650691986084
9	1	6	[0, 12, 2, 1]	0.8379666805267334
9	5	6	[0, 12, 2, 1]	0.616248607635498
9	10	6	[0, 12, 2, 1]	0.6254827976226807
9	15	6	[0, 12, 2, 1]	0.599921464920044
9	20	7	[0, 12, 2, 1]	0.5696048736572266
9	25	7	[0, 12, 2, 1]	0.5439612865447998
9	1	7	[6, 3, 2, 12]	0.39000535011291504
9	5	7	[6, 3, 2, 12]	0.38742566108703613
9	10	7	[6, 3, 2, 12]	0.32898616790771484
9	15	7	[6, 3, 2, 12]	0.3660306930541992
9	20	7	[6, 3, 2, 12]	0.3234226703643799
9	25	7	[6, 3, 2, 12]	0.43012022972106934
9	1	4	[9, 7, 4]	0.4231302738189697
9	5	4	[9, 7, 4]	0.46744585037231445
9	10	4	[9, 7, 4]	0.49222898483276367
9	15	4	[9, 7, 4]	0.4155406951904297
9	20	4	[9, 7, 4]	0.37337279319763184
9	25	4	[9, 7, 4]	0.3762211799621582
9	1	12	[13, 0, 9, 7, 4, 10]	1.0341339111328125
9	5	18	[13, 0, 11, 0, 9, 2, 3, 6, 10]	1.0482120513916016
9	10	17	[13, 0, 9, 7, 4, 7, 4, 10]	1.0153350830078125
9	15	17	[13, 0, 11, 12, 2, 3, 6, 10]	0.9404845237731934
9	20	13	[13, 0, 9, 7, 4, 10]	0.9526126384735107
9	25	18	[13, 11, 0, 12, 2, 3, 6, 10]	0.9494507312774658
9	1	3	[4, 10]	0.27454471588134766
9	5	3	[4, 10]	0.2529754638671875
9	10	61	[4, 7, 9, 5, 9, 0, 11, 13, 11, 0, 12, 0, 13, 0, 11, 12, 2, 3, 2, 12, 2, 1, 8, 1, 2, 3, 6, 10]	0.30223679542541504
9	15	3	[4, 10]	0.24997687339782715
9	20	3	[4, 10]	0.2442760467529297
9	25	3	[4, 10]	0.2393505573272705
9	1	4	[0, 9, 7]	0.44646215438842773
9	5	4	[0, 9, 7]	0.5000350475311279
9	10	4	[0, 9, 7]	0.4110898971557617
9	15	4	[0, 9, 7]	0.4035964012145996
9	20	5	[0, 9, 7]	0.44937968254089355
9	25	10	[0, 9, 0, 9, 7]	0.39690566062927246
9	1	16	[11, 0, 12, 11, 0, 12, 2, 3, 6]	0.9328794479370117
9	5	10	[11, 0, 12, 2, 3, 6]	0.8881094455718994
9	10	15	[11, 0, 13, 0, 12, 2, 3, 6]	0.8925414085388184
9	15	10	[11, 0, 12, 2, 3, 6]	0.8106567859649658
9	20	18	[11, 0, 12, 11, 12, 2, 3, 6]	0.8880817890167236
9	25	16	[11, 13, 11, 12, 2, 3, 6]	0.735271692276001
9	1	2	[5, 8]	0.298412561416626
9	5	2	[5, 8]	0.2705681324005127
9	10	2	[5, 8]	0.30730342864990234
9	15	2	[5, 8]	0.27438783645629883
9	20	2	[5, 8]	0.2808573246002197
9	25	3	[5, 8]	0.30722904205322266
9	1	7	[6, 10, 4, 7]	0.5511105060577393
9	5	11	[6, 10, 6, 10, 4, 7]	0.4793076515197754
9	10	7	[6, 10, 4, 7]	0.4958314895629883
9	15	7	[6, 10, 4, 7]	0.44133949279785156
9	20	7	[6, 10, 4, 7]	0.46061062812805176
9	25	8	[6, 10, 4, 7]	0.542560338973999
9	1	4	[2, 9, 5]	0.592803955078125
9	5	4	[2, 9, 5]	0.5284609794616699
9	10	4	[2, 9, 5]	0.40601563453674316
9	15	4	[2, 9, 5]	0.4123375415802002
9	20	8	[2, 9, 2, 9, 5]	0.5779821872711182
9	25	4	[2, 9, 5]	0.5307900905609131
9	1	7	[8, 1, 2, 12]	0.5089895725250244
9	5	7	[8, 1, 2, 12]	0.478151798248291
9	10	7	[8, 1, 2, 12]	0.4545867443084717
9	15	9	[8, 1, 2, 12]	0.455920934677124
9	20	13	[8, 5, 8, 1, 2, 12]	0.412900447845459
9	25	10	[8, 5, 9, 2, 12]	0.37969088554382324
9	1	8	[1, 2, 3, 6, 10]	0.9002659320831299
9	5	8	[1, 2, 3, 6, 10]	1.0208749771118164
9	10	13	[1, 8, 5, 9, 7, 4, 10]	0.9767918586730957
9	15	34	[1, 2, 1, 2, 12, 0, 11, 0, 11, 0, 9, 7, 4, 10]	0.8717782497406006
9	20	11	[1, 2, 3, 6, 10]	0.8928310871124268
9	25	11	[1, 2, 3, 6, 10]	0.8144018650054932
9	1	6	[5, 9, 2, 3]	0.5230205059051514
9	5	6	[5, 9, 2, 3]	0.5001599788665771
9	10	6	[5, 9, 2, 3]	0.5037274360656738
9	15	6	[5, 9, 2, 3]	0.4542722702026367
9	20	13	[5, 9, 2, 1, 2, 3]	0.4766387939453125
9	25	8	[5, 9, 2, 3]	0.5078742504119873
9	1	7	[4, 7, 9, 2]	0.3267350196838379
9	5	7	[4, 7, 9, 2]	0.3177042007446289
9	10	7	[4, 7, 9, 2]	0.3166193962097168
9	15	7	[4, 7, 9, 2]	0.3212878704071045
9	20	12	[4, 7, 4, 7, 9, 2]	0.3405749797821045
9	25	12	[4, 7, 9, 5, 9, 2]	0.35318636894226074
9	1	6	[8, 1, 2, 3]	0.49570560455322266
9	5	6	[8, 1, 2, 3]	0.46999359130859375
9	10	6	[8, 1, 2, 3]	0.45410847663879395
9	15	8	[8, 1, 2, 3]	0.485612154006958
9	20	9	[8, 1, 2, 3]	0.5604820251464844
9	25	9	[8, 1, 2, 3]	0.4547560214996338
9	1	2	[11, 0]	0.06678891181945801
9	5	7	[11, 13, 11, 0]	0.08484888076782227
9	10	2	[11, 0]	0.07438492774963379
9	15	2	[11, 0]	0.08130073547363281
9	20	3	[11, 0]	0.08281993865966797
9	25	3	[11, 0]	0.08356904983520508
9	1	9	[6, 3, 2, 12, 0]	0.5150604248046875
9	5	9	[6, 3, 2, 12, 0]	0.5112423896789551
9	10	15	[6, 3, 6, 10, 4, 7, 9, 0]	0.437075138092041
9	15	21	[6, 3, 2, 1, 8, 1, 2, 12, 0]	0.41118693351745605
9	20	9	[6, 3, 2, 12, 0]	0.40984272956848145
9	25	9	[6, 3, 2, 12, 0]	0.4364783763885498
9	1	2	[8, 5]	0.16585540771484375
9	5	2	[8, 5]	0.15502285957336426
9	10	2	[8, 5]	0.15530180931091309
9	15	2	[8, 5]	0.14636564254760742
9	20	2	[8, 5]	0.1525256633758545
9	25	2	[8, 5]	0.12439346313476562
10	1	10	[10, 4, 7, 9, 0]	2.187101364135742
10	5	10	[10, 4, 7, 9, 0]	2.182204484939575
10	10	14	[10, 4, 7, 9, 5, 9, 0]	2.0193734169006348
10	15	10	[10, 4, 7, 9, 0]	1.997972011566162
10	20	12	[10, 6, 3, 2, 12, 0]	2.0613303184509277
10	25	13	[10, 6, 3, 2, 12, 0]	2.0938310623168945
10	1	8	[6, 3, 2, 12, 11]	2.633331775665283
10	5	8	[6, 3, 2, 12, 11]	2.453479528427124
10	10	9	[6, 3, 2, 12, 11]	2.4855945110321045
10	15	9	[6, 3, 2, 12, 11]	2.4270083904266357
10	20	9	[6, 3, 2, 12, 11]	2.004077196121216
10	25	10	[6, 3, 2, 12, 11]	2.0291624069213867
10	1	10	[10, 4, 7, 9, 5]	2.085554599761963
10	5	10	[10, 4, 7, 9, 5]	1.961472988128662
10	10	10	[10, 4, 7, 9, 5]	2.3406271934509277
10	15	10	[10, 4, 7, 9, 5]	2.1684200763702393
10	20	11	[10, 6, 3, 2, 9, 5]	2.2594852447509766
10	25	11	[10, 6, 3, 2, 9, 5]	2.2999556064605713
10	1	4	[6, 3, 2]	0.9828383922576904
10	5	4	[6, 3, 2]	1.015449047088623
10	10	4	[6, 3, 2]	0.9259014129638672
10	15	4	[6, 3, 2]	0.931290864944458
10	20	4	[6, 3, 2]	0.6529355049133301
10	25	4	[6, 3, 2]	0.691356897354126
10	1	15	[8, 5, 9, 5, 9, 7, 4, 10]	4.109999656677246
10	5	11	[8, 5, 9, 7, 4, 10]	3.8977904319763184
10	10	12	[8, 5, 9, 7, 4, 10]	4.098599672317505
10	15	12	[8, 5, 9, 7, 4, 10]	3.6780660152435303
10	20	10672	[8, 5, 9, 5, 9, 5, 9, 5, 9, 5, 9, 5, 9, 5, 9, 5, 9, 5, 9, 5, 9, 5, 9, 7, 9, 0, 11, 0, 13, 0, 11, 0, 11, 0, 11, 0, 11, 0, 11, 13, 11, 0, 9, 5, 9, 5, 9, 5, 9, 5, 9, 5, 9, 5, 9, 5, 9, 5, 9, 5, 9, 5, 8, 5, 9, 5, 9, 5, 9, 5, 9, 5, 9, 5, 8, 5, 9, 5, 9, 5, 9, 5, 9, 5, 9, 5, 9, 5, 9, 5, 9, 5, 9, 5, 9, 5, 9, 5, 9, 5, 9, 5, 9, 5, 9, 5, 9, 5, 9, 5, 9, 5, 9, 5, 9, 5, 9, 5, 8, 5, 9, 5, 9, 5, 9, 5, 9, 5, 9, 5, 9, 5, 9, 5, 9, 5, 9, 5, 9, 5, 9, 5, 9, 5, 9, 5, 8, 5, 9, 5, 9, 5, 9, 5, 9, 5, 9, 5, 9, 5, 9, 5, 9, 5, 9, 5, 9, 5, 8, 5, 9, 5, 9, 5, 9, 5, 9, 5, 9, 5, 9, 5, 9, 5, 9, 5, 9, 5, 9, 5, 9, 5, 9, 5, 9, 5, 9, 5, 9, 5, 9, 5, 9, 5, 8, 5, 9, 5, 9, 5, 9, 5, 9, 5, 9, 5, 9, 5, 9, 5, 9, 5, 9, 5, 9, 5, 9, 5, 9, 5, 9, 5, 9, 5, 9, 5, 9, 5, 9, 5, 9, 5, 9, 5, 9, 5, 9, 5, 9, 5, 9, 5, 9, 5, 9, 5, 9, 5, 9, 5, 9, 5, 9, 5, 9, 5, 9, 5, 9, 5, 9, 5, 9, 5, 9, 5, 9, 5, 9, 5, 9, 5, 9, 5, 9, 5, 9, 5, 9, 5, 9, 5, 9, 5, 9, 5, 9, 5, 9, 5, 9, 5, 9, 5, 9, 5, 9, 5, 9, 5, 9, 5, 9, 5, 9, 5, 9, 5, 9, 5, 9, 5, 9, 5, 9, 5, 9, 5, 9, 0, 11, 12, 2, 3, 6, 10]	14.646961212158203
10	25	237	[8, 5, 9, 5, 9, 5, 9, 5, 9, 5, 9, 5, 9, 5, 9, 5, 9, 5, 9, 5, 9, 5, 9, 5, 9, 5, 9, 5, 9, 5, 9, 5, 9, 5, 9, 5, 9, 5, 9, 5, 9, 5, 9, 5, 9, 5, 9, 5, 9, 5, 9, 5, 8, 5, 9, 5, 9, 5, 9, 5, 9, 5, 9, 5, 9, 5, 9, 5, 9, 5, 9, 5, 9, 5, 9, 5, 9, 5, 9, 5, 9, 5, 9, 5, 9, 5, 9, 5, 9, 5, 9, 5, 9, 5, 9, 5, 9, 5, 9, 5, 9, 5, 9, 5, 9, 5, 9, 5, 9, 5, 9, 5, 9, 5, 9, 2, 3, 6, 10]	17.149082899093628
10	1	6	[3, 2, 9, 7]	2.220022678375244
10	5	6	[3, 2, 9, 7]	2.1180436611175537
10	10	7	[3, 2, 9, 7]	2.050130605697632
