Num of Nodes	BW	Delay	Num of Hops	Path	Execution Time (seconds)
5	1	15.0	11	[3, 2, 12, 0, 11, 13]	0.004688262939453125
5	5	15.0	11	[3, 2, 12, 0, 11, 13]	0.0018696784973144531
5	10	15.0	11	[3, 2, 12, 0, 11, 13]	0.0022051334381103516
5	15	15.0	11	[3, 2, 12, 0, 11, 13]	0.0022988319396972656
5	20	15.0	11	[3, 2, 12, 0, 11, 13]	0.002503633499145508
5	25	15.0	11	[3, 2, 12, 0, 11, 13]	0.0019326210021972656
5	1	6.0	4	[0, 11, 13]	0.0011875629425048828
5	5	44.0	33	[0, 11, 12, 2, 1, 8, 5, 9, 7, 4, 10, 6, 3, 6, 10]	0.0046918392181396484
5	10	6.0	4	[0, 11, 13]	0.0010097026824951172
5	15	6.0	4	[0, 11, 13]	0.0010154247283935547
5	20	6.0	4	[0, 11, 13]	0.000881195068359375
5	25	6.0	4	[0, 11, 13]	0.0007898807525634766
5	1	12.0	7	[4, 7, 9, 5]	0.0012311935424804688
5	5	12.0	7	[4, 7, 9, 5]	0.0014905929565429688
5	10	9.0	7	[4, 7, 9, 5]	0.001989126205444336
5	15	9.0	7	[4, 7, 9, 5]	0.0021233558654785156
5	20	9.0	7	[4, 7, 9, 5]	0.001600503921508789
5	25	9.0	7	[4, 7, 9, 5]	0.0013625621795654297
5	1	41.0	31	[10, 4, 7, 9, 5, 8, 1, 2, 3, 6, 3, 2, 12, 0]	0.003366231918334961
5	5	32.0	21	[10, 4, 7, 9, 5, 8, 1, 2, 12, 0]	0.0045549869537353516
5	10	7.0	10	[10, 4, 7, 9, 0]	0.0015323162078857422
5	15	29.0	21	[10, 4, 7, 9, 5, 8, 1, 2, 12, 0]	0.004682064056396484
5	20	30.0	22	[10, 4, 7, 9, 5, 8, 1, 2, 12, 0]	0.004444599151611328
5	25	30.0	22	[10, 4, 7, 9, 5, 8, 1, 2, 12, 0]	0.003457307815551758
5	1	19.0	11	[12, 2, 1, 8, 5, 9]	0.0015599727630615234
5	5	19.0	11	[12, 2, 1, 8, 5, 9]	0.0017669200897216797
5	10	19.0	11	[12, 2, 1, 8, 5, 9]	0.0019183158874511719
5	15	5.0	4	[12, 2, 9]	0.0004470348358154297
5	20	16.0	12	[12, 2, 1, 8, 5, 9]	0.002002716064453125
5	25	14.0	19	[12, 2, 3, 6, 10, 4, 7, 9]	0.002618551254272461
5	1	33.0	21	[12, 2, 1, 8, 5, 9, 7, 4, 10, 6]	0.0031859874725341797
5	5	33.0	21	[12, 2, 1, 8, 5, 9, 7, 4, 10, 6]	0.0031969547271728516
5	10	10.0	7	[12, 2, 3, 6]	0.0008976459503173828
5	15	26.0	21	[12, 2, 1, 8, 5, 9, 7, 4, 10, 6]	0.003663778305053711
5	20	27.0	22	[12, 2, 1, 8, 5, 9, 7, 4, 10, 6]	0.0032079219818115234
5	25	25.0	22	[12, 2, 1, 8, 5, 9, 7, 4, 10, 6]	0.003215312957763672
5	1	44.0	31	[3, 2, 12, 0, 11, 13, 0, 9, 5, 8, 1, 8, 1, 2, 3]	0.0036797523498535156
5	5	44.0	31	[3, 2, 12, 0, 11, 13, 11, 0, 9, 5, 8, 1, 8, 1, 8]	0.0032196044921875
5	10	46.0	30	[3, 2, 12, 0, 11, 13, 11, 0, 9, 5, 8, 1, 2, 12, 0]	0.004641294479370117
5	15	44.0	32	[3, 2, 12, 0, 11, 13, 11, 12, 0, 9, 5, 8, 1, 8, 1]	0.005705356597900391
5	20	46.0	34	[3, 2, 12, 0, 11, 13, 11, 12, 2, 9, 5, 8, 1, 8, 1]	0.0036122798919677734
5	25	25.0	22	[3, 2, 12, 0, 11, 13, 0, 9, 7, 4, 10]	0.002982616424560547
5	1	23.0	13	[11, 0, 12, 2, 1, 8, 5]	0.0026636123657226562
5	5	23.0	13	[11, 0, 12, 2, 1, 8, 5]	0.0036776065826416016
5	10	23.0	13	[11, 0, 12, 2, 1, 8, 5]	0.0032036304473876953
5	15	19.0	13	[11, 0, 12, 2, 1, 8, 5]	0.0028123855590820312
5	20	20.0	14	[11, 0, 12, 2, 1, 8, 5]	0.0029833316802978516
5	25	20.0	14	[11, 0, 12, 2, 1, 8, 5]	0.003093242645263672
5	1	46.0	30	[0, 11, 13, 11, 12, 2, 1, 8, 5, 9, 7, 4, 10, 6]	0.004669904708862305
5	5	44.0	29	[0, 11, 13, 0, 12, 2, 1, 8, 5, 9, 7, 4, 10, 6]	0.00562596321105957
5	10	41.0	29	[0, 11, 13, 0, 12, 2, 1, 8, 5, 9, 7, 4, 10, 6]	0.004576683044433594
5	15	38.0	28	[0, 13, 11, 12, 2, 1, 8, 5, 9, 7, 4, 10, 6]	0.0041043758392333984
5	20	38.0	30	[0, 11, 13, 0, 12, 2, 1, 8, 5, 9, 7, 4, 10, 6]	0.004919528961181641
5	25	36.0	30	[0, 11, 13, 0, 12, 2, 1, 8, 5, 9, 7, 4, 10, 6]	0.005753993988037109
5	1	8.0	8	[6, 10, 4, 7]	0.0016350746154785156
5	5	8.0	8	[6, 10, 4, 7]	0.0012836456298828125
5	10	5.0	8	[6, 10, 4, 7]	0.0014145374298095703
5	15	5.0	8	[6, 10, 4, 7]	0.0013251304626464844
5	20	5.0	8	[6, 10, 4, 7]	0.0011074542999267578
5	25	5.0	8	[6, 10, 4, 7]	0.0015532970428466797
5	1	37.0	23	[8, 1, 2, 12, 0, 11, 13, 0, 9, 5, 9, 7]	0.0038270950317382812
5	5	20.0	18	[8, 1, 2, 3, 6, 10, 4, 7]	0.0026865005493164062
5	10	43.0	28	[8, 1, 2, 12, 0, 11, 13, 0, 9, 5, 8, 5, 9, 7]	0.0034809112548828125
5	15	37.0	23	[8, 1, 2, 12, 0, 11, 13, 0, 9, 5, 9, 7]	0.004355907440185547
5	20	47.0	29	[8, 1, 2, 12, 0, 11, 13, 11, 12, 2, 9, 5, 9, 7]	0.003488302230834961
5	25	47.0	32	[8, 1, 2, 12, 0, 11, 13, 11, 13, 0, 9, 5, 8, 5, 9]	0.003446817398071289
5	1	16.0	9	[5, 9, 7, 4, 10]	0.0019006729125976562
5	5	16.0	9	[5, 9, 7, 4, 10]	0.0017783641815185547
5	10	13.0	9	[5, 9, 7, 4, 10]	0.0018134117126464844
5	15	13.0	9	[5, 9, 7, 4, 10]	0.00164794921875
5	20	13.0	9	[5, 9, 7, 4, 10]	0.0021245479583740234
5	25	11.0	9	[5, 9, 7, 4, 10]	0.002004861831665039
5	1	8.0	8	[6, 10, 4, 7]	0.001806497573852539
5	5	8.0	8	[6, 10, 4, 7]	0.0009644031524658203
5	10	5.0	8	[6, 10, 4, 7]	0.0019245147705078125
5	15	5.0	8	[6, 10, 4, 7]	0.001373291015625
5	20	5.0	8	[6, 10, 4, 7]	0.001294851303100586
5	25	5.0	8	[6, 10, 4, 7]	0.00046634674072265625
5	1	21.0	10	[11, 0, 12, 2, 1, 8]	0.0020890235900878906
5	5	21.0	10	[11, 0, 12, 2, 1, 8]	0.002685546875
5	10	21.0	10	[11, 0, 12, 2, 1, 8]	0.002687215805053711
5	15	17.0	10	[11, 0, 12, 2, 1, 8]	0.0018346309661865234
5	20	17.0	10	[11, 0, 12, 2, 1, 8]	0.0022118091583251953
5	25	17.0	10	[11, 0, 12, 2, 1, 8]	0.002194643020629883
5	1	41.0	28	[13, 0, 11, 12, 2, 1, 8, 5, 9, 7, 4, 10, 6]	0.004565000534057617
5	5	41.0	28	[13, 0, 11, 12, 2, 1, 8, 5, 9, 7, 4, 10, 6]	0.004539012908935547
5	10	38.0	28	[13, 0, 11, 12, 2, 1, 8, 5, 9, 7, 4, 10, 6]	0.004269599914550781
5	15	43.0	31	[13, 0, 9, 5, 8, 1, 2, 12, 11, 12, 0, 11, 12, 0, 9]	0.0026578903198242188
5	20	35.0	29	[13, 0, 11, 12, 2, 1, 8, 5, 9, 7, 4, 10, 6]	0.0055277347564697266
5	25	33.0	29	[13, 0, 11, 12, 2, 1, 8, 5, 9, 7, 4, 10, 6]	0.004868507385253906
5	1	44.0	31	[1, 2, 12, 0, 11, 13, 0, 9, 5, 8, 1, 8, 5, 8, 5]	0.0038127899169921875
5	5	24.0	17	[1, 8, 5, 9, 7, 4, 10, 6]	0.0032989978790283203
5	10	44.0	31	[1, 2, 12, 0, 11, 13, 0, 9, 5, 8, 1, 8, 1, 8, 1]	0.0032787322998046875
5	15	31.0	23	[1, 2, 9, 5, 8, 5, 9, 7, 4, 10, 6]	0.002588033676147461
5	20	48.0	31	[1, 2, 12, 0, 11, 13, 11, 12, 11, 0, 9, 5, 8, 1, 2]	0.003891468048095703
5	25	49.0	30	[1, 2, 12, 0, 11, 13, 11, 13, 11, 0, 9, 5, 8, 1, 2]	0.004637241363525391
5	1	24.0	15	[9, 5, 8, 1, 2, 12, 0, 11]	0.0033228397369384766
5	5	24.0	15	[9, 5, 8, 1, 2, 12, 0, 11]	0.003319978713989258
5	10	24.0	15	[9, 5, 8, 1, 2, 12, 0, 11]	0.003299713134765625
5	15	24.0	15	[9, 5, 8, 1, 2, 12, 0, 11]	0.0036895275115966797
5	20	25.0	16	[9, 5, 8, 1, 2, 12, 0, 11]	0.0028352737426757812
5	25	25.0	16	[9, 5, 8, 1, 2, 12, 0, 11]	0.0032660961151123047
5	1	43.0	27	[11, 0, 12, 2, 1, 8, 5, 9, 7, 4, 10, 6, 3]	0.005156278610229492
5	5	43.0	27	[11, 0, 12, 2, 1, 8, 5, 9, 7, 4, 10, 6, 3]	0.00587010383605957
5	10	40.0	27	[11, 0, 12, 2, 1, 8, 5, 9, 7, 4, 10, 6, 3]	0.005559444427490234
5	15	35.0	25	[11, 0, 12, 2, 9, 5, 8, 1, 8, 1, 2, 3]	0.0036296844482421875
5	20	37.0	28	[11, 0, 12, 2, 1, 8, 5, 9, 7, 4, 10, 6, 3]	0.0042569637298583984
5	25	35.0	28	[11, 0, 12, 2, 1, 8, 5, 9, 7, 4, 10, 6, 3]	0.00585174560546875
5	1	22.0	14	[4, 7, 9, 5, 8, 1, 2]	0.0027251243591308594
5	5	22.0	14	[4, 7, 9, 5, 8, 1, 2]	0.002911090850830078
5	10	19.0	14	[4, 7, 9, 5, 8, 1, 2]	0.003221750259399414
5	15	19.0	14	[4, 7, 9, 5, 8, 1, 2]	0.0029036998748779297
5	20	20.0	15	[4, 7, 9, 5, 8, 1, 2]	0.002929210662841797
5	25	20.0	15	[4, 7, 9, 5, 8, 1, 2]	0.002515554428100586
5	1	37.0	22	[4, 7, 9, 5, 8, 1, 2, 12, 0, 13, 11]	0.003698587417602539
5	5	31.0	20	[4, 7, 9, 5, 8, 1, 2, 12, 0, 11]	0.004728078842163086
5	10	28.0	20	[4, 7, 9, 5, 8, 1, 2, 12, 0, 11]	0.0042383670806884766
5	15	28.0	20	[4, 7, 9, 5, 8, 1, 2, 12, 0, 11]	0.005542278289794922
5	20	29.0	21	[4, 7, 9, 5, 8, 1, 2, 12, 0, 11]	0.005457401275634766
5	25	29.0	21	[4, 7, 9, 5, 8, 1, 2, 12, 0, 11]	0.0035037994384765625
6	1	12.0	8	[6, 10, 4, 7, 9]	0.0021839141845703125
6	5	25.0	17	[6, 3, 2, 12, 0, 11, 13, 0, 9]	0.0025932788848876953
6	10	12.0	8	[6, 10, 4, 7, 9]	0.0018444061279296875
6	15	12.0	8	[6, 10, 4, 7, 9]	0.002008676528930664
6	20	12.0	8	[6, 10, 4, 7, 9]	0.0018601417541503906
6	25	12.0	8	[6, 10, 4, 7, 9]	0.0015265941619873047
6	1	18.0	13	[12, 2, 1, 8, 5, 9, 7]	0.003139495849609375
6	5	18.0	13	[12, 2, 1, 8, 5, 9, 7]	0.0028243064880371094
6	10	31.0	32	[12, 0, 11, 13, 0, 9, 5, 8, 1, 2, 3, 6, 10, 4, 7]	0.005896568298339844
6	15	12.0	17	[12, 2, 1, 8, 5, 9, 7]	0.0033881664276123047
6	20	10010.0	10012	[12, 2, 1, 8, 5, 9, 7]	0.003495931625366211
6	25	30004.0	30004	[12, 2, 1, 8, 5, 9, 7]	0.003493785858154297
6	1	45.0	30	[1, 2, 12, 0, 11, 13, 11, 12, 2, 9, 5, 8, 1, 8, 5]	0.005248546600341797
6	5	41.0	30	[1, 2, 12, 0, 11, 13, 0, 9, 5, 8, 1, 2, 3, 6, 10]	0.00534510612487793
6	10	34.0	34	[1, 2, 12, 0, 11, 13, 0, 9, 5, 8, 5, 8, 5, 8, 1]	0.004195213317871094
6	15	10025.0	10032	[1, 2, 12, 0, 11, 13, 11, 0, 9, 5, 8, 1, 2, 3, 6]	0.005497455596923828
6	20	10016.0	10010	[1, 2, 12, 0, 9, 7, 4]	0.002231121063232422
6	25	10011.0	10008	[1, 8, 5, 9, 7, 4]	0.0020172595977783203
6	1	40.0	31	[7, 9, 5, 8, 1, 2, 12, 0, 11, 13, 0, 9, 0, 11, 13]	0.006262302398681641
6	5	44.0	31	[7, 9, 5, 8, 1, 2, 12, 0, 11, 13, 11, 13, 0, 9, 7]	0.0054416656494140625
6	10	37.0	33	[7, 9, 5, 8, 1, 2, 12, 0, 11, 13, 0, 9, 5, 8, 1]	0.006738185882568359
6	15	10030.0	10032	[7, 9, 5, 8, 1, 2, 12, 0, 11, 13, 11, 12, 2, 3, 6]	0.004614591598510742
6	20	20029.0	20027	[7, 9, 5, 8, 1, 2, 12, 0, 11, 13, 11, 0, 11, 12, 2]	0.0054547786712646484
6	25	30024.0	30023	[7, 9, 5, 8, 1, 2, 12, 0, 11, 13, 0, 11, 13, 0, 12]	0.004735708236694336
6	1	2.0	2	[9, 5]	0.0006642341613769531
6	5	2.0	2	[9, 5]	0.0008769035339355469
6	10	2.0	2	[9, 5]	0.0015549659729003906
6	15	2.0	2	[9, 5]	0.0006365776062011719
6	20	2.0	2	[9, 5]	0.0005762577056884766
6	25	2.0	2	[9, 5]	0.0005128383636474609
6	1	29.0	22	[3, 2, 12, 0, 11, 13, 11, 13, 0, 9, 5]	0.003333568572998047
6	5	25.0	19	[3, 2, 12, 0, 11, 13, 11, 0, 9, 5]	0.003597736358642578
6	10	22.0	17	[3, 2, 12, 0, 11, 13, 0, 9, 5]	0.0036449432373046875
6	15	20018.0	20019	[3, 2, 12, 0, 11, 13, 11, 13, 11, 0, 9, 5]	0.004499197006225586
6	20	10025.0	10024	[3, 2, 12, 0, 11, 13, 11, 12, 11, 12, 0, 9, 5]	0.003448009490966797
6	25	10014.0	10015	[3, 2, 12, 0, 11, 13, 0, 9, 5]	0.0030138492584228516
6	1	42.0	31	[6, 10, 4, 7, 9, 5, 8, 1, 2, 12, 0, 11, 13, 11, 13]	0.004864692687988281
6	5	41.0	30	[6, 10, 4, 7, 9, 5, 8, 1, 2, 12, 0, 11, 13, 0, 9]	0.004841804504394531
6	10	39.0	33	[6, 10, 4, 7, 9, 5, 8, 1, 2, 12, 0, 11, 13, 11, 13]	0.006489276885986328
6	15	10030.0	10030	[6, 10, 4, 7, 9, 5, 8, 1, 2, 12, 0, 11, 13, 0, 9]	0.004922628402709961
6	20	20030.0	20025	[6, 10, 4, 7, 9, 2, 12, 0, 11, 13, 11, 0, 11, 13, 0]	0.004918098449707031
6	25	30028.0	30022	[6, 10, 4, 7, 9, 5, 8, 1, 2, 12, 0, 13, 11, 13, 11]	0.004856586456298828
6	1	39.0	27	[13, 0, 11, 12, 2, 1, 8, 5, 9, 7, 4, 10, 6, 3]	0.006468296051025391
6	5	39.0	27	[13, 0, 11, 12, 2, 1, 8, 5, 9, 7, 4, 10, 6, 3]	0.009237051010131836
6	10	36.0	29	[13, 0, 11, 12, 2, 1, 8, 5, 9, 7, 4, 10, 6, 3]	0.008170604705810547
6	15	10027.0	10028	[13, 0, 11, 12, 2, 1, 8, 5, 9, 7, 4, 10, 6, 3]	0.005232334136962891
6	20	20025.0	20023	[13, 0, 11, 12, 2, 1, 8, 5, 9, 7, 4, 10, 6, 3]	0.006110668182373047
6	25	40019.0	40015	[13, 0, 11, 12, 2, 1, 8, 5, 9, 7, 4, 10, 6, 3]	0.0065267086029052734
6	1	42.0	30	[8, 1, 2, 12, 0, 11, 13, 11, 0, 9, 5, 8, 1, 8, 1]	0.004556417465209961
6	5	39.0	30	[8, 1, 2, 12, 0, 11, 13, 0, 9, 5, 9, 7, 4, 10, 6]	0.007677793502807617
6	10	36.0	32	[8, 1, 2, 12, 0, 11, 13, 0, 9, 5, 9, 7, 4, 10, 6]	0.008041858673095703
6	15	7.0	10	[8, 1, 2, 3, 6]	0.0016357898712158203
6	20	30022.0	30023	[8, 1, 2, 12, 0, 11, 13, 11, 12, 11, 13, 0, 9, 5, 8]	0.005022287368774414
6	25	30024.0	30022	[8, 1, 2, 12, 0, 11, 13, 11, 0, 9, 5, 8, 1, 8, 5]	0.004606008529663086
6	1	16.0	11	[0, 11, 13, 11, 12, 2]	0.0026788711547851562
6	5	14.0	11	[0, 11, 13, 0, 12, 2]	0.002177715301513672
6	10	16.0	11	[0, 11, 13, 11, 12, 2]	0.002792835235595703
6	15	10006.0	10010	[0, 11, 13, 0, 12, 2]	0.0016906261444091797
6	20	6.0	8	[0, 11, 12, 2]	0.0009362697601318359
6	25	20004.0	20005	[0, 11, 13, 11, 12, 2]	0.0023725032806396484
6	1	27.0	19	[10, 4, 7, 9, 5, 8, 1, 2, 12, 0]	0.0069391727447509766
6	5	27.0	19	[10, 4, 7, 9, 5, 8, 1, 2, 12, 0]	0.005453824996948242
6	10	10.0	8	[10, 4, 7, 9, 0]	0.0025746822357177734
6	15	22.0	22	[10, 4, 7, 9, 5, 8, 1, 2, 12, 0]	0.0037848949432373047
6	20	10020.0	10017	[10, 4, 7, 9, 5, 8, 1, 2, 12, 0]	0.003955841064453125
6	25	10020.0	10017	[10, 4, 7, 9, 5, 8, 1, 2, 12, 0]	0.042060136795043945
6	1	1.0	3	[5, 9]	0.0009791851043701172
6	5	1.0	3	[5, 9]	0.0018680095672607422
6	10	1.0	3	[5, 9]	0.0014445781707763672
6	15	1.0	3	[5, 9]	0.0009658336639404297
6	20	1.0	3	[5, 9]	0.0006079673767089844
6	25	1.0	3	[5, 9]	0.0006070137023925781
6	1	42.0	31	[8, 1, 2, 12, 0, 11, 13, 11, 12, 2, 9, 5, 8, 5, 9]	0.003512144088745117
6	5	38.0	28	[8, 1, 2, 12, 0, 11, 13, 0, 9, 5, 8, 1, 2, 3]	0.003556966781616211
6	10	36.0	33	[8, 1, 2, 12, 0, 11, 13, 11, 0, 9, 5, 8, 5, 9, 7]	0.003983974456787109
6	15	20027.0	20028	[8, 1, 2, 12, 0, 11, 13, 11, 13, 0, 9, 5, 9, 7, 4]	0.005620479583740234
6	20	10022.0	10018	[8, 1, 2, 9, 5, 9, 7, 4, 10, 6, 3]	0.0036749839782714844
6	25	20026.0	20025	[8, 1, 2, 12, 0, 11, 13, 0, 9, 5, 9, 7, 4, 10, 6]	0.004498004913330078
6	1	30.0	24	[5, 9, 7, 4, 10, 6, 3, 2, 12, 0, 11, 13]	0.00576329231262207
6	5	30.0	24	[5, 9, 7, 4, 10, 6, 3, 2, 12, 0, 11, 13]	0.004779338836669922
6	10	30.0	24	[5, 9, 7, 4, 10, 6, 3, 2, 12, 0, 11, 13]	0.004608631134033203
6	15	28.0	25	[5, 9, 7, 4, 10, 6, 3, 2, 12, 0, 11, 13]	0.00561213493347168
6	20	15.0	15	[5, 9, 2, 12, 0, 11, 13]	0.002035856246948242
6	25	28.0	25	[5, 9, 7, 4, 10, 6, 3, 2, 12, 0, 11, 13]	0.0041046142578125
6	1	23.0	14	[13, 0, 11, 12, 2, 1, 8, 5]	0.0030868053436279297
6	5	31.0	22	[13, 0, 11, 12, 2, 3, 6, 10, 4, 7, 9, 5]	0.004016876220703125
6	10	20.0	16	[13, 0, 11, 12, 2, 1, 8, 5]	0.002759218215942383
6	15	10011.0	10015	[13, 0, 11, 12, 2, 1, 8, 5]	0.002708911895751953
6	20	20009.0	20010	[13, 0, 11, 12, 2, 1, 8, 5]	0.0028531551361083984
6	25	40003.0	40002	[13, 0, 11, 12, 2, 1, 8, 5]	0.0034971237182617188
6	1	1.0	3	[5, 9]	0.0005550384521484375
6	5	1.0	3	[5, 9]	0.0004916191101074219
6	10	1.0	3	[5, 9]	0.0006384849548339844
6	15	1.0	3	[5, 9]	0.00046706199645996094
6	20	1.0	3	[5, 9]	0.00046253204345703125
6	25	1.0	3	[5, 9]	0.0006067752838134766
6	1	15.0	13	[6, 10, 4, 7, 9, 5, 8]	0.0024869441986083984
6	5	15.0	13	[6, 10, 4, 7, 9, 5, 8]	0.002020120620727539
6	10	15.0	13	[6, 10, 4, 7, 9, 5, 8]	0.002377748489379883
6	15	15.0	13	[6, 10, 4, 7, 9, 5, 8]	0.002321958541870117
6	20	20030.0	20026	[6, 10, 4, 7, 9, 2, 12, 0, 11, 13, 0, 12, 2, 1, 8]	0.003999948501586914
6	25	15.0	13	[6, 10, 4, 7, 9, 5, 8]	0.0023229122161865234
6	1	37.0	32	[1, 2, 12, 0, 11, 13, 11, 0, 9, 5, 8, 5, 8, 5, 9]	0.0045931339263916016
6	5	33.0	27	[1, 2, 12, 0, 11, 13, 0, 9, 5, 8, 5, 9, 7]	0.005220890045166016
6	10	32.0	35	[1, 2, 12, 0, 9, 5, 8, 1, 8, 1, 2, 3, 6, 10, 4]	0.00458979606628418
6	15	10026.0	10033	[1, 2, 12, 0, 11, 13, 0, 9, 5, 8, 1, 8, 5, 9, 7]	0.003185749053955078
6	20	40019.0	40019	[1, 2, 12, 0, 11, 13, 0, 9, 5, 8, 1, 8, 1, 2, 3]	0.0041048526763916016
6	25	40019.0	40019	[1, 2, 12, 0, 11, 13, 0, 9, 5, 8, 1, 8, 1, 2, 3]	0.0055124759674072266
6	1	38.0	26	[9, 5, 8, 1, 2, 12, 0, 11, 13, 11, 12, 2, 3]	0.005782604217529297
6	5	41.0	30	[9, 5, 8, 1, 2, 12, 0, 11, 13, 11, 12, 0, 11, 0, 11]	0.00441431999206543
6	10	35.0	28	[9, 5, 8, 1, 2, 12, 0, 11, 13, 11, 12, 2, 3]	0.005369901657104492
6	15	20028.0	20028	[9, 5, 8, 1, 2, 12, 0, 11, 13, 11, 0, 13, 11, 12, 0]	0.00593876838684082
6	20	20027.0	20026	[9, 5, 8, 1, 2, 12, 0, 11, 13, 11, 0, 12, 0, 12, 11]	0.0057256221771240234
6	25	40022.0	40019	[9, 5, 8, 1, 2, 12, 0, 11, 13, 11, 0, 13, 0, 13, 0]	0.004350185394287109
6	1	8.0	6	[3, 2, 12, 11]	0.0011265277862548828
6	5	12.0	8	[3, 2, 12, 0, 11]	0.0018262863159179688
6	10	12.0	8	[3, 2, 12, 0, 11]	0.0023441314697265625
6	15	10.0	9	[3, 2, 12, 0, 11]	0.0016033649444580078
6	20	10.0	9	[3, 2, 12, 0, 11]	0.0022373199462890625
6	25	10.0	9	[3, 2, 12, 0, 11]	0.0026273727416992188
7	1	23.0	25	[3, 2, 12, 0, 11, 13, 11, 13, 0, 9, 5, 8]	0.003670215606689453
7	5	24.0	24	[3, 2, 12, 0, 11, 13, 11, 12, 2, 1, 8]	0.002845287322998047
7	10	20.0	21	[3, 2, 12, 0, 11, 13, 0, 9, 5, 8]	0.0027399063110351562
7	15	25.0	23	[3, 2, 12, 0, 11, 13, 11, 0, 9, 5, 8]	0.0032455921173095703
7	20	20.0	21	[3, 2, 12, 0, 11, 13, 0, 9, 5, 8]	0.004198789596557617
7	25	18.0	22	[3, 2, 12, 0, 11, 13, 0, 9, 5, 8]	0.00423121452331543
7	1	13.0	15	[7, 9, 5, 8, 1, 2, 12]	0.003434419631958008
7	5	13.0	15	[7, 9, 5, 8, 1, 2, 12]	0.002574443817138672
7	10	13.0	15	[7, 9, 5, 8, 1, 2, 12]	0.002664327621459961
7	15	13.0	15	[7, 9, 5, 8, 1, 2, 12]	0.0027475357055664062
7	20	13.0	15	[7, 9, 5, 8, 1, 2, 12]	0.0025513172149658203
7	25	13.0	15	[7, 9, 5, 8, 1, 2, 12]	0.002518177032470703
7	1	17.0	19	[8, 1, 2, 12, 0, 11, 13, 0, 9]	0.0023336410522460938
7	5	17.0	19	[8, 1, 2, 12, 0, 11, 13, 0, 9]	0.0027344226837158203
7	10	17.0	19	[8, 1, 2, 12, 0, 11, 13, 0, 9]	0.002967357635498047
7	15	22.0	21	[8, 1, 2, 12, 0, 11, 13, 11, 0, 9]	0.002981901168823242
7	20	26.0	25	[8, 1, 2, 12, 0, 13, 11, 13, 11, 12, 0, 9]	0.002636432647705078
7	25	11.0	13	[8, 1, 2, 12, 0, 9]	0.0018286705017089844
7	1	34.0	35	[7, 9, 5, 8, 1, 2, 12, 0, 11, 13, 0, 12, 0, 12, 2]	0.0048329830169677734
7	5	31.0	34	[7, 9, 5, 8, 1, 2, 12, 0, 11, 13, 11, 13, 11, 12, 2]	0.0039861202239990234
7	10	32.0	33	[7, 9, 5, 8, 1, 2, 12, 0, 11, 13, 11, 13, 11, 0, 9]	0.004703521728515625
7	15	34.0	36	[7, 9, 5, 8, 1, 2, 12, 0, 11, 13, 0, 11, 12, 2, 3]	0.005877494812011719
7	20	36.0	34	[7, 9, 5, 8, 1, 2, 12, 0, 11, 13, 0, 12, 0, 9, 0]	0.0041065216064453125
7	25	26.0	36	[7, 9, 5, 8, 1, 2, 12, 0, 11, 13, 11, 0, 13, 0, 11]	0.0038857460021972656
7	1	23.0	20	[3, 2, 12, 0, 11, 13, 11, 0, 9, 5]	0.003016233444213867
7	5	18.0	18	[3, 2, 12, 0, 11, 13, 0, 9, 5]	0.003234386444091797
7	10	25.0	26	[3, 2, 12, 0, 11, 13, 11, 12, 2, 1, 8, 5]	0.005215883255004883
7	15	18.0	18	[3, 2, 12, 0, 11, 13, 0, 9, 5]	0.002679586410522461
7	20	23.0	20	[3, 2, 12, 0, 11, 13, 11, 0, 9, 5]	0.00434565544128418
7	25	16.0	19	[3, 2, 12, 0, 11, 13, 0, 9, 5]	0.0032083988189697266
7	1	10.0	10	[7, 9, 5, 8, 1]	0.0017385482788085938
7	5	10.0	10	[7, 9, 5, 8, 1]	0.003080129623413086
7	10	10.0	10	[7, 9, 5, 8, 1]	0.0021300315856933594
7	15	10.0	10	[7, 9, 5, 8, 1]	0.0017387866973876953
7	20	10.0	10	[7, 9, 5, 8, 1]	0.0019466876983642578
7	25	19.0	20	[7, 9, 0, 11, 13, 11, 12, 2, 1]	0.0035867691040039062
7	1	16.0	15	[12, 2, 1, 8, 5, 9, 7]	0.003439188003540039
7	5	16.0	15	[12, 2, 1, 8, 5, 9, 7]	0.003689289093017578
7	10	14.0	15	[12, 2, 1, 8, 5, 9, 7]	0.0037658214569091797
7	15	14.0	15	[12, 2, 1, 8, 5, 9, 7]	0.002554655075073242
7	20	14.0	15	[12, 2, 1, 8, 5, 9, 7]	0.003753662109375
7	25	12.0	16	[12, 2, 1, 8, 5, 9, 7]	0.002588987350463867
7	1	17.0	14	[0, 11, 13, 11, 12, 2, 1]	0.0017881393432617188
7	5	16.0	14	[0, 11, 13, 0, 12, 2, 1]	0.002257108688354492
7	10	14.0	14	[0, 11, 13, 0, 12, 2, 1]	0.0024776458740234375
7	15	15.0	14	[0, 11, 13, 11, 12, 2, 1]	0.0022475719451904297
7	20	15.0	14	[0, 11, 13, 11, 12, 2, 1]	0.001928567886352539
7	25	12.0	15	[0, 11, 13, 0, 12, 2, 1]	0.002391338348388672
7	1	29.0	27	[11, 0, 12, 2, 1, 8, 5, 9, 7, 4, 10, 6]	0.00569462776184082
7	5	29.0	27	[11, 0, 12, 2, 1, 8, 5, 9, 7, 4, 10, 6]	0.005955934524536133
7	10	27.0	27	[11, 0, 12, 2, 1, 8, 5, 9, 7, 4, 10, 6]	0.0041310787200927734
7	15	27.0	27	[11, 0, 12, 2, 1, 8, 5, 9, 7, 4, 10, 6]	0.005525112152099609
7	20	27.0	27	[11, 0, 12, 2, 1, 8, 5, 9, 7, 4, 10, 6]	0.005072593688964844
7	25	25.0	28	[11, 0, 12, 2, 1, 8, 5, 9, 7, 4, 10, 6]	0.004922151565551758
7	1	23.0	17	[11, 0, 12, 2, 1, 8, 5, 9]	0.0033664703369140625
7	5	9.0	4	[11, 0, 9]	0.0005934238433837891
7	10	23.0	21	[11, 0, 13, 0, 12, 2, 1, 8, 5, 9]	0.002871990203857422
7	15	21.0	17	[11, 0, 12, 2, 1, 8, 5, 9]	0.0028464794158935547
7	20	21.0	17	[11, 0, 12, 2, 1, 8, 5, 9]	0.0030128955841064453
7	25	19.0	18	[11, 0, 12, 2, 1, 8, 5, 9]	0.002892732620239258
7	1	33.0	34	[1, 2, 12, 0, 11, 13, 0, 9, 5, 8, 1, 8, 1, 2, 3]	0.00579380989074707
7	5	29.0	35	[1, 2, 12, 0, 11, 13, 0, 9, 5, 8, 5, 9, 7, 4, 10]	0.00603485107421875
7	10	31.0	34	[1, 2, 12, 0, 11, 13, 0, 9, 5, 8, 1, 8, 1, 8, 5]	0.00478363037109375
7	15	29.0	35	[1, 2, 12, 0, 11, 13, 0, 9, 5, 8, 5, 9, 7, 4, 10]	0.005204677581787109
7	20	29.0	35	[1, 2, 12, 0, 11, 13, 0, 9, 5, 8, 5, 9, 7, 4, 10]	0.007258892059326172
7	25	32.0	35	[1, 2, 12, 0, 11, 13, 11, 0, 9, 5, 8, 1, 8, 5, 8]	0.005953550338745117
7	1	8.0	10	[10, 4, 7, 9, 5]	0.005238056182861328
7	5	8.0	10	[10, 4, 7, 9, 5]	0.002142667770385742
7	10	8.0	10	[10, 4, 7, 9, 5]	0.0019614696502685547
7	15	8.0	10	[10, 4, 7, 9, 5]	0.0022182464599609375
7	20	24.0	22	[10, 6, 3, 2, 12, 0, 11, 13, 0, 9, 5]	0.003987550735473633
7	25	8.0	10	[10, 4, 7, 9, 5]	0.0017693042755126953
7	1	17.0	16	[2, 12, 0, 11, 13, 0, 9, 5]	0.003504514694213867
7	5	22.0	18	[2, 12, 0, 11, 13, 11, 0, 9, 5]	0.0053997039794921875
7	10	23.0	18	[2, 12, 0, 13, 11, 12, 0, 9, 5]	0.003299713134765625
7	15	25.0	21	[2, 12, 0, 11, 13, 11, 12, 0, 9, 5]	0.0028638839721679688
7	20	17.0	16	[2, 12, 0, 11, 13, 0, 9, 5]	0.0027513504028320312
7	25	15.0	17	[2, 12, 0, 11, 13, 0, 9, 5]	0.0027391910552978516
7	1	10.0	10	[9, 5, 8, 1, 2]	0.0018987655639648438
7	5	10.0	10	[9, 5, 8, 1, 2]	0.001897573471069336
7	10	10.0	10	[9, 5, 8, 1, 2]	0.0017735958099365234
7	15	10.0	10	[9, 5, 8, 1, 2]	0.0020368099212646484
7	20	10.0	10	[9, 5, 8, 1, 2]	0.0021479129791259766
7	25	10.0	10	[9, 5, 8, 1, 2]	0.0020809173583984375
7	1	21.0	14	[11, 0, 12, 2, 1, 8, 5]	0.003091096878051758
7	5	21.0	14	[11, 0, 12, 2, 1, 8, 5]	0.0025641918182373047
7	10	19.0	14	[11, 0, 12, 2, 1, 8, 5]	0.00287628173828125
7	15	19.0	14	[11, 0, 12, 2, 1, 8, 5]	0.0025479793548583984
7	20	19.0	14	[11, 0, 12, 2, 1, 8, 5]	0.0023996829986572266
7	25	17.0	15	[11, 0, 12, 2, 1, 8, 5]	0.002574920654296875
7	1	31.0	31	[3, 2, 12, 0, 11, 13, 11, 13, 11, 13, 11, 0, 9, 5, 8]	0.0035719871520996094
7	5	31.0	33	[3, 2, 12, 0, 11, 13, 0, 9, 5, 8, 1, 8, 5, 9, 7]	0.00427556037902832
7	10	32.0	32	[3, 2, 12, 0, 11, 13, 11, 13, 11, 0, 9, 5, 8, 1, 2]	0.005064964294433594
7	15	31.0	33	[3, 2, 12, 0, 11, 13, 0, 9, 5, 8, 1, 8, 1, 2, 1]	0.004330158233642578
7	20	21.0	28	[3, 2, 12, 0, 11, 13, 11, 13, 0, 9, 7, 4, 10]	0.006037235260009766
7	25	29.0	34	[3, 2, 12, 0, 11, 13, 0, 9, 5, 8, 1, 8, 5, 9, 7]	0.005137920379638672
7	1	19.0	25	[5, 9, 7, 4, 10, 6, 3, 2, 12, 0, 11]	0.005371809005737305
7	5	19.0	25	[5, 9, 7, 4, 10, 6, 3, 2, 12, 0, 11]	0.0043239593505859375
7	10	13.0	13	[5, 9, 2, 12, 0, 11]	0.003047943115234375
7	15	19.0	25	[5, 9, 7, 4, 10, 6, 3, 2, 12, 0, 11]	0.005903720855712891
7	20	17.0	21	[5, 9, 7, 4, 10, 6, 3, 2, 12, 11]	0.003520488739013672
7	25	26.0	28	[5, 8, 1, 2, 3, 6, 10, 4, 7, 9, 0, 11]	0.005554914474487305
7	1	16.0	20	[10, 4, 7, 9, 5, 8, 1, 2, 12]	0.0032465457916259766
7	5	16.0	20	[10, 4, 7, 9, 5, 8, 1, 2, 12]	0.005234956741333008
7	10	16.0	20	[10, 4, 7, 9, 5, 8, 1, 2, 12]	0.004458904266357422
7	15	16.0	20	[10, 4, 7, 9, 5, 8, 1, 2, 12]	0.0039823055267333984
7	20	16.0	20	[10, 4, 7, 9, 5, 8, 1, 2, 12]	0.004729747772216797
7	25	16.0	20	[10, 4, 7, 9, 5, 8, 1, 2, 12]	0.003079652786254883
7	1	13.0	17	[5, 9, 7, 4, 10, 6, 3, 2]	0.0033371448516845703
7	5	13.0	17	[5, 9, 7, 4, 10, 6, 3, 2]	0.0038771629333496094
7	10	13.0	17	[5, 9, 7, 4, 10, 6, 3, 2]	0.004697561264038086
7	15	13.0	17	[5, 9, 7, 4, 10, 6, 3, 2]	0.004068613052368164
7	20	13.0	17	[5, 9, 7, 4, 10, 6, 3, 2]	0.0042116641998291016
7	25	13.0	17	[5, 9, 7, 4, 10, 6, 3, 2]	0.004553079605102539
7	1	23.0	23	[3, 2, 12, 0, 11, 13, 0, 9, 5, 8, 1]	0.004178047180175781
7	5	23.0	23	[3, 2, 12, 0, 11, 13, 0, 9, 5, 8, 1]	0.005831241607666016
7	10	23.0	23	[3, 2, 12, 0, 11, 13, 0, 9, 5, 8, 1]	0.005109071731567383
7	15	26.0	27	[3, 2, 12, 0, 11, 13, 11, 13, 0, 9, 5, 8, 1]	0.00645756721496582
7	20	23.0	23	[3, 2, 12, 0, 11, 13, 0, 9, 5, 8, 1]	0.006403207778930664
7	25	21.0	24	[3, 2, 12, 0, 11, 13, 0, 9, 5, 8, 1]	0.0057773590087890625
8	1	32.0	28	[12, 2, 1, 8, 5, 9, 7, 4, 10, 6, 3, 2, 9, 0]	0.010546684265136719
8	5	30.0	31	[12, 2, 1, 8, 5, 9, 7, 4, 10, 6, 3, 6, 3, 2, 3]	0.009126424789428711
8	10	25.0	32	[12, 2, 1, 8, 5, 9, 7, 4, 10, 6, 3, 6, 3, 6, 10]	0.011451959609985352
8	15	27.0	30	[12, 2, 1, 8, 5, 9, 7, 4, 10, 6, 3, 2, 9, 0]	0.008862018585205078
8	20	29.0	30	[12, 2, 1, 8, 5, 9, 7, 4, 10, 6, 3, 2, 9, 0]	0.00940084457397461
8	25	25.0	30	[12, 2, 1, 8, 5, 9, 7, 4, 10, 6, 3, 2, 12, 0]	0.008788585662841797
8	1	12.0	17	[13, 0, 11, 12, 2, 1, 8, 5]	0.004704952239990234
8	5	12.0	17	[13, 0, 11, 12, 2, 1, 8, 5]	0.004359722137451172
8	10	9.0	18	[13, 0, 11, 12, 2, 1, 8, 5]	0.004317760467529297
8	15	9.0	18	[13, 0, 11, 12, 2, 1, 8, 5]	0.005483388900756836
8	20	10.0	18	[13, 0, 11, 12, 2, 1, 8, 5]	0.00564265251159668
8	25	10.0	18	[13, 0, 11, 12, 2, 1, 8, 5]	0.005636930465698242
8	1	15.0	16	[2, 12, 0, 11, 13, 0, 9, 5, 8]	0.0067059993743896484
8	5	21.0	25	[2, 12, 0, 11, 13, 11, 13, 11, 12, 0, 9, 5, 8]	0.00631403923034668
8	10	6.0	7	[2, 9, 5, 8]	0.0013365745544433594
8	15	15.0	22	[2, 12, 0, 11, 13, 11, 12, 0, 9, 5, 8]	0.00579071044921875
8	20	14.0	17	[2, 12, 0, 11, 13, 0, 9, 5, 8]	0.007368803024291992
8	25	14.0	17	[2, 12, 0, 11, 13, 0, 9, 5, 8]	0.007477760314941406
8	1	28.0	23	[10, 4, 7, 9, 5, 8, 1, 2, 12, 0, 11, 13]	0.009274721145629883
8	5	28.0	23	[10, 4, 7, 9, 5, 8, 1, 2, 12, 0, 11, 13]	0.00983285903930664
8	10	25.0	23	[10, 4, 7, 9, 5, 8, 1, 2, 12, 0, 13]	0.017429828643798828
8	15	23.0	25	[10, 4, 7, 9, 5, 8, 1, 2, 12, 0, 11, 13]	0.009907007217407227
8	20	20.0	16	[10, 4, 7, 9, 2, 12, 0, 11, 13]	0.006021738052368164
8	25	25.0	25	[10, 4, 7, 9, 5, 8, 1, 2, 12, 0, 11, 13]	0.017421483993530273
8	1	32.0	28	[5, 9, 7, 4, 10, 6, 3, 2, 12, 0, 11, 13, 0, 13, 0]	0.03114628791809082
8	5	29.0	28	[5, 9, 7, 4, 10, 6, 3, 2, 12, 0, 11, 13, 11, 13, 11]	0.009954452514648438
8	10	27.0	29	[5, 9, 7, 4, 10, 6, 3, 2, 12, 0, 11, 13, 11, 13, 0]	0.010471105575561523
8	15	30.0	29	[5, 9, 7, 4, 10, 6, 3, 2, 12, 0, 11, 13, 0, 13, 0]	0.011977195739746094
8	20	30.0	29	[5, 9, 7, 4, 10, 6, 3, 2, 12, 0, 11, 13, 0, 9, 2]	0.011927366256713867
8	25	26.0	30	[5, 9, 7, 4, 10, 6, 3, 2, 12, 0, 11, 13, 0, 11, 12]	0.014212846755981445
8	1	21.0	23	[13, 0, 11, 12, 2, 1, 8, 5, 9, 7, 4]	0.012341022491455078
8	5	21.0	23	[13, 0, 11, 12, 2, 1, 8, 5, 9, 7, 4]	0.009935617446899414
8	10	21.0	24	[13, 11, 0, 12, 2, 1, 8, 5, 9, 7, 4]	0.007394075393676758
8	15	16.0	25	[13, 0, 11, 12, 2, 1, 8, 5, 9, 7, 4]	0.011237621307373047
8	20	18.0	25	[13, 0, 11, 12, 2, 1, 8, 5, 9, 7, 4]	0.009385108947753906
8	25	18.0	25	[13, 0, 11, 12, 2, 1, 8, 5, 9, 7, 4]	0.009442806243896484
8	1	7.0	6	[6, 10, 4, 7]	0.0016655921936035156
8	5	7.0	6	[6, 10, 4, 7]	0.0022554397583007812
8	10	7.0	6	[6, 10, 4, 7]	0.004441976547241211
8	15	7.0	6	[6, 10, 4, 7]	0.002157926559448242
8	20	7.0	6	[6, 10, 4, 7]	0.0019202232360839844
8	25	7.0	6	[6, 10, 4, 7]	0.0018162727355957031
8	1	21.0	20	[0, 11, 13, 0, 12, 2, 1, 8, 5, 9]	0.012652397155761719
8	5	21.0	20	[0, 11, 13, 0, 12, 2, 1, 8, 5, 9]	0.014816522598266602
8	10	12.0	23	[0, 11, 13, 11, 12, 2, 1, 8, 5, 9]	0.018045902252197266
8	15	12.0	23	[0, 11, 13, 11, 12, 2, 1, 8, 5, 9]	0.05697226524353027
8	20	14.0	23	[0, 11, 13, 11, 12, 2, 1, 8, 5, 9]	0.02461385726928711
8	25	13.0	16	[0, 12, 2, 1, 8, 5, 9]	0.014103412628173828
8	1	14.0	11	[9, 5, 8, 1, 2, 12]	0.011045455932617188
8	5	14.0	11	[9, 5, 8, 1, 2, 12]	0.012693405151367188
8	10	9.0	13	[9, 5, 8, 1, 2, 12]	0.010312318801879883
8	15	9.0	13	[9, 5, 8, 1, 2, 12]	0.004698038101196289
8	20	11.0	13	[9, 5, 8, 1, 2, 12]	0.017691850662231445
8	25	11.0	13	[9, 5, 8, 1, 2, 12]	0.012346029281616211
8	1	4.0	6	[12, 0, 11, 13]	0.00494694709777832
8	5	33.0	30	[12, 2, 1, 8, 5, 9, 7, 4, 10, 6, 3, 6, 10, 4, 7]	0.013291597366333008
8	10	25.0	32	[12, 2, 1, 8, 5, 9, 7, 4, 10, 6, 3, 6, 3, 6, 10]	0.010827064514160156
8	15	28.0	32	[12, 2, 1, 8, 5, 9, 7, 4, 10, 6, 3, 2, 9, 0, 11]	0.014811038970947266
8	20	27.0	32	[12, 2, 1, 8, 5, 9, 7, 4, 10, 6, 3, 6, 3, 2, 1]	0.02943587303161621
8	25	28.0	33	[12, 2, 1, 8, 5, 9, 7, 4, 10, 6, 3, 2, 3, 6, 3]	0.04271578788757324
8	1	30.0	30	[12, 2, 1, 8, 5, 9, 7, 4, 10, 6, 3, 6, 3, 2, 9]	0.05217242240905762
8	5	30.0	31	[12, 2, 1, 8, 5, 9, 7, 4, 10, 6, 3, 2, 3, 2, 12]	0.01382136344909668
8	10	24.0	32	[12, 2, 1, 8, 5, 9, 7, 4, 10, 6, 3, 6, 10, 6, 10]	0.010733842849731445
8	15	28.0	32	[12, 2, 1, 8, 5, 9, 7, 4, 10, 6, 3, 2, 9, 0, 11]	0.013245344161987305
8	20	28.0	34	[12, 2, 1, 8, 5, 9, 7, 4, 10, 6, 3, 2, 1, 8, 1]	0.017238140106201172
8	25	27.0	33	[12, 2, 1, 8, 5, 9, 7, 4, 10, 6, 3, 2, 9, 0, 11]	0.01438760757446289
8	1	14.0	11	[9, 5, 8, 1, 2, 12]	0.00432896614074707
8	5	14.0	11	[9, 5, 8, 1, 2, 12]	0.003378629684448242
8	10	9.0	13	[9, 5, 8, 1, 2, 12]	0.003935575485229492
8	15	9.0	13	[9, 5, 8, 1, 2, 12]	0.0036139488220214844
8	20	11.0	13	[9, 5, 8, 1, 2, 12]	0.003810405731201172
8	25	3.0	5	[9, 2, 12]	0.0011606216430664062
8	1	8.0	10	[12, 2, 1, 8, 5]	0.003817319869995117
8	5	8.0	10	[12, 2, 1, 8, 5]	0.0029838085174560547
8	10	5.0	11	[12, 2, 1, 8, 5]	0.003057241439819336
8	15	5.0	11	[12, 2, 1, 8, 5]	0.0031893253326416016
8	20	6.0	11	[12, 2, 1, 8, 5]	0.0037038326263427734
8	25	6.0	11	[12, 2, 1, 8, 5]	0.0029480457305908203
8	1	26.0	21	[10, 4, 7, 9, 5, 8, 1, 2, 12, 0, 11]	0.013328790664672852
8	5	26.0	21	[10, 4, 7, 9, 5, 8, 1, 2, 12, 0, 11]	0.010332345962524414
8	10	21.0	23	[10, 4, 7, 9, 5, 8, 1, 2, 12, 0, 11]	0.010805845260620117
8	15	7.0	12	[10, 6, 3, 2, 12, 0, 11]	0.006514549255371094
8	20	23.0	23	[10, 4, 7, 9, 5, 8, 1, 2, 12, 0, 11]	0.008462190628051758
8	25	23.0	23	[10, 4, 7, 9, 5, 8, 1, 2, 12, 0, 11]	0.009384393692016602
8	1	19.0	21	[1, 2, 12, 0, 9, 5, 8, 1, 2, 3]	0.014870643615722656
8	5	34.0	30	[1, 2, 12, 0, 11, 13, 0, 9, 5, 8, 1, 8, 5, 8, 1]	0.013009309768676758
8	10	23.0	29	[1, 2, 12, 11, 0, 13, 0, 9, 5, 8, 1, 2, 3]	0.029198408126831055
8	15	22.0	32	[1, 2, 12, 0, 11, 13, 11, 12, 11, 13, 0, 9, 5, 8, 5]	0.011957168579101562
8	20	26.0	33	[1, 2, 12, 0, 11, 13, 11, 13, 0, 9, 5, 8, 5, 8, 1]	0.009078025817871094
8	25	26.0	34	[1, 2, 12, 0, 11, 13, 0, 9, 5, 8, 1, 8, 5, 9, 7]	0.015284061431884766
8	1	15.0	10	[5, 9, 7, 4, 10, 6]	0.004887104034423828
8	5	15.0	10	[5, 9, 7, 4, 10, 6]	0.003201007843017578
8	10	13.0	11	[5, 9, 7, 4, 10, 6]	0.00492548942565918
8	15	13.0	11	[5, 9, 7, 4, 10, 6]	0.004621744155883789
8	20	14.0	11	[5, 9, 7, 4, 10, 6]	0.0033423900604248047
8	25	14.0	11	[5, 9, 7, 4, 10, 6]	0.006512880325317383
8	1	18.0	13	[7, 9, 5, 8, 1, 2, 12]	0.009567499160766602
8	5	18.0	13	[7, 9, 5, 8, 1, 2, 12]	0.00656437873840332
8	10	27.0	32	[7, 9, 5, 8, 1, 2, 3, 6, 10, 4, 10, 6, 3, 6, 3]	0.007836103439331055
8	15	13.0	15	[7, 9, 5, 8, 1, 2, 12]	0.003947257995605469
8	20	15.0	15	[7, 9, 5, 8, 1, 2, 12]	0.004941463470458984
8	25	15.0	15	[7, 9, 5, 8, 1, 2, 12]	0.0050618648529052734
8	1	21.0	23	[13, 0, 11, 12, 2, 1, 8, 5, 9, 7, 4]	0.012331485748291016
8	5	21.0	23	[13, 0, 11, 12, 2, 1, 8, 5, 9, 7, 4]	0.019235610961914062
8	10	16.0	25	[13, 0, 11, 12, 2, 1, 8, 5, 9, 7, 4]	0.007719278335571289
8	15	16.0	25	[13, 0, 11, 12, 2, 1, 8, 5, 9, 7, 4]	0.008347511291503906
8	20	18.0	25	[13, 0, 11, 12, 2, 1, 8, 5, 9, 7, 4]	0.0069463253021240234
8	25	18.0	25	[13, 0, 11, 12, 2, 1, 8, 5, 9, 7, 4]	0.008862018585205078
8	1	32.0	29	[1, 2, 12, 0, 11, 13, 11, 0, 9, 5, 8, 5, 9, 7, 4]	0.015644550323486328
8	5	26.0	33	[1, 2, 12, 0, 11, 13, 11, 12, 2, 9, 5, 8, 1, 2, 3]	0.010531187057495117
8	10	21.0	34	[1, 2, 12, 0, 11, 13, 11, 0, 9, 5, 8, 5, 8, 5, 8]	0.006639719009399414
8	15	15.0	15	[1, 8, 5, 9, 7, 4, 10]	0.0037720203399658203
8	20	24.0	32	[1, 2, 12, 0, 11, 13, 11, 12, 11, 13, 0, 9, 5, 8, 1]	0.010133743286132812
8	25	26.0	32	[1, 2, 12, 0, 11, 13, 11, 13, 11, 0, 9, 5, 8, 1, 2]	0.010478973388671875
8	1	2.0	2	[13, 0]	0.0030243396759033203
8	5	2.0	2	[13, 0]	0.0016150474548339844
8	10	2.0	2	[13, 0]	0.001936197280883789
8	15	2.0	2	[13, 0]	0.0028579235076904297
8	20	2.0	2	[13, 0]	0.0015554428100585938
8	25	2.0	2	[13, 0]	0.05518627166748047
9	1	39.0	29	[12, 2, 1, 8, 5, 9, 7, 4, 10, 6, 3, 6, 3, 6, 3]	0.012621402740478516
9	5	39.0	29	[12, 2, 1, 8, 5, 9, 7, 4, 10, 6, 3, 6, 3, 6, 3]	0.012633323669433594
9	10	40.0	30	[12, 2, 1, 8, 5, 9, 7, 4, 10, 6, 3, 2, 9, 0, 11]	0.021453142166137695
9	15	10.0	7	[12, 0, 11, 13]	0.004769563674926758
9	20	38.0	33	[12, 2, 1, 8, 5, 9, 7, 4, 10, 6, 3, 2, 12, 0, 11]	0.02038264274597168
9	25	26.0	21	[12, 2, 1, 8, 5, 9, 0, 11, 13]	0.012741327285766602
9	1	35.0	30	[13, 0, 11, 12, 2, 1, 8, 5, 9, 7, 4, 10, 6, 3]	0.0216677188873291
9	5	35.0	30	[13, 0, 11, 12, 2, 1, 8, 5, 9, 7, 4, 10, 6, 3]	0.019979238510131836
9	10	35.0	30	[13, 0, 11, 12, 2, 1, 8, 5, 9, 7, 4, 10, 6, 3]	0.019977569580078125
9	15	33.0	32	[13, 0, 11, 12, 2, 1, 8, 5, 9, 7, 4, 10, 6, 3]	0.0658118724822998
9	20	34.0	32	[13, 0, 11, 12, 2, 1, 8, 5, 9, 7, 4, 10, 6, 3]	0.02440023422241211
9	25	43.0	38	[13, 0, 9, 5, 8, 1, 2, 12, 11, 13, 11, 0, 9, 7, 4]	0.05147552490234375
9	1	18.0	15	[0, 11, 13, 11, 12, 2, 1]	0.012012243270874023
9	5	15.0	14	[0, 11, 13, 0, 12, 2, 1]	0.01383519172668457
9	10	18.0	15	[0, 11, 13, 11, 12, 2, 1]	0.010893821716308594
9	15	15.0	14	[0, 11, 13, 0, 12, 2, 1]	0.007585763931274414
9	20	23.0	16	[0, 11, 13, 11, 12, 2, 1]	0.008533000946044922
9	25	23.0	16	[0, 11, 13, 11, 12, 2, 1]	0.008600234985351562
9	1	20.0	20	[6, 10, 4, 7, 9, 5, 8, 1, 2, 12]	0.013036251068115234
9	5	20.0	20	[6, 10, 4, 7, 9, 5, 8, 1, 2, 12]	0.013598442077636719
9	10	20.0	20	[6, 10, 4, 7, 9, 5, 8, 1, 2, 12]	0.01437830924987793
9	15	18.0	22	[6, 10, 4, 7, 9, 5, 8, 1, 2, 12]	0.015978097915649414
9	20	18.0	22	[6, 10, 4, 7, 9, 5, 8, 1, 2, 12]	0.012614011764526367
9	25	20.0	24	[6, 10, 4, 7, 9, 5, 8, 1, 2, 12]	0.016073226928710938
9	1	34.0	32	[9, 5, 8, 1, 2, 12, 0, 11, 13, 11, 13, 0, 12, 11, 0]	0.023224830627441406
9	5	35.0	32	[9, 5, 8, 1, 2, 12, 0, 11, 13, 0, 13, 11, 0, 12, 11]	0.030117034912109375
9	10	39.0	33	[9, 5, 8, 1, 2, 12, 0, 11, 13, 0, 13, 11, 12, 2, 3]	0.031659841537475586
9	15	35.0	35	[9, 5, 8, 1, 2, 12, 0, 11, 13, 11, 13, 11, 12, 0, 12]	0.022875070571899414
9	20	45.0	38	[9, 5, 8, 1, 2, 12, 0, 11, 13, 11, 13, 0, 12, 11, 13]	0.033803701400756836
9	25	44.0	38	[9, 5, 8, 1, 2, 12, 0, 11, 13, 11, 0, 13, 11, 12, 11]	0.029284954071044922
9	1	31.0	26	[13, 0, 11, 12, 2, 1, 8, 5, 9, 7, 4, 10]	0.03596806526184082
9	5	31.0	26	[13, 0, 11, 12, 2, 1, 8, 5, 9, 7, 4, 10]	0.025074243545532227
9	10	31.0	26	[13, 0, 11, 12, 2, 1, 8, 5, 9, 7, 4, 10]	0.02357935905456543
9	15	29.0	28	[13, 0, 11, 12, 2, 1, 8, 5, 9, 7, 4, 10]	0.02566361427307129
9	20	30.0	28	[13, 0, 11, 12, 2, 1, 8, 5, 9, 7, 4, 10]	0.020382165908813477
9	25	31.0	29	[13, 0, 11, 12, 2, 1, 8, 5, 9, 7, 4, 10]	0.019803285598754883
9	1	32.0	32	[4, 7, 9, 5, 8, 1, 2, 12, 11, 0, 13, 11, 0, 11, 0]	0.021734237670898438
9	5	33.0	33	[4, 7, 9, 5, 8, 1, 2, 12, 0, 11, 13, 0, 13, 0, 12]	0.022384166717529297
9	10	32.0	33	[4, 7, 9, 5, 8, 1, 2, 12, 0, 11, 13, 11, 13, 11, 0]	0.029457569122314453
9	15	34.0	36	[4, 7, 9, 5, 8, 1, 2, 12, 0, 11, 13, 0, 13, 0, 11]	0.03340792655944824
9	20	39.0	36	[4, 7, 9, 5, 8, 1, 2, 12, 0, 11, 13, 0, 12, 0, 13]	0.03088545799255371
9	25	40.0	38	[4, 7, 9, 5, 8, 1, 2, 12, 0, 11, 13, 11, 13, 0, 13]	0.027655839920043945
9	1	25.0	22	[0, 11, 13, 0, 12, 2, 1, 8, 5, 9, 7]	0.03144478797912598
9	5	28.0	23	[0, 11, 13, 11, 12, 2, 1, 8, 5, 9, 7]	0.04663348197937012
9	10	25.0	22	[0, 11, 13, 0, 12, 2, 1, 8, 5, 9, 7]	0.0317232608795166
9	15	26.0	25	[0, 11, 13, 11, 12, 2, 1, 8, 5, 9, 7]	0.026861906051635742
9	20	31.0	26	[0, 11, 13, 11, 12, 2, 1, 8, 5, 9, 7]	0.01978302001953125
9	25	32.0	27	[0, 11, 13, 11, 12, 2, 1, 8, 5, 9, 7]	0.022879362106323242
9	1	24.0	23	[11, 0, 12, 2, 1, 8, 5, 9, 7, 4, 10, 6]	0.02074909210205078
9	5	15.0	9	[11, 12, 2, 3, 6]	0.005962848663330078
9	10	24.0	23	[11, 0, 12, 2, 1, 8, 5, 9, 7, 4, 10, 6]	0.014490127563476562
9	15	22.0	25	[11, 0, 12, 2, 1, 8, 5, 9, 7, 4, 10, 6]	0.015491008758544922
9	20	27.0	27	[11, 0, 12, 2, 1, 8, 5, 9, 7, 4, 10, 6]	0.01849818229675293
9	25	29.0	29	[11, 0, 12, 2, 1, 8, 5, 9, 7, 4, 10, 6]	0.01447606086730957
9	1	35.0	33	[5, 9, 7, 4, 10, 6, 3, 2, 12, 0, 11, 13, 0, 13, 0]	0.02013874053955078
9	5	34.0	33	[5, 9, 7, 4, 10, 6, 3, 2, 12, 0, 11, 13, 11, 13, 0]	0.01892852783203125
9	10	33.0	32	[5, 9, 7, 4, 10, 6, 3, 2, 12, 0, 11, 13, 11, 0, 9]	0.027209043502807617
9	15	35.0	33	[5, 9, 7, 4, 10, 6, 3, 2, 12, 0, 11, 13, 0, 13, 11]	0.03624320030212402
9	20	39.0	36	[5, 9, 2, 12, 0, 11, 13, 0, 13, 11, 0, 13, 0, 13, 11]	0.03999471664428711
9	25	44.0	37	[5, 9, 7, 4, 10, 6, 3, 2, 12, 0, 11, 13, 11, 13, 11]	0.05682635307312012
9	1	6.0	7	[6, 10, 4, 7]	0.011156797409057617
9	5	6.0	7	[6, 10, 4, 7]	0.007499217987060547
9	10	6.0	7	[6, 10, 4, 7]	0.008495092391967773
9	15	6.0	7	[6, 10, 4, 7]	0.004762887954711914
9	20	6.0	7	[6, 10, 4, 7]	0.013125181198120117
9	25	7.0	8	[6, 10, 4, 7]	0.009288549423217773
9	1	22.0	22	[2, 12, 0, 11, 13, 11, 13, 0, 9, 5]	0.013429880142211914
9	5	26.0	29	[2, 12, 0, 11, 13, 11, 13, 11, 13, 11, 0, 9, 5]	0.017789363861083984
9	10	19.0	17	[2, 12, 0, 11, 13, 0, 9, 5]	0.014389753341674805
9	15	19.0	17	[2, 12, 0, 11, 13, 0, 9, 5]	0.010892868041992188
9	20	26.0	19	[2, 12, 0, 11, 13, 0, 9, 5]	0.008770942687988281
9	25	26.0	19	[2, 12, 0, 11, 13, 0, 9, 5]	0.007750749588012695
9	1	5.0	7	[8, 1, 2, 12]	0.004050731658935547
9	5	5.0	7	[8, 1, 2, 12]	0.0029709339141845703
9	10	5.0	7	[8, 1, 2, 12]	0.0044629573822021484
9	15	3.0	9	[8, 1, 2, 12]	0.004467964172363281
9	20	3.0	9	[8, 1, 2, 12]	0.0037314891815185547
9	25	3.0	9	[8, 1, 2, 12]	0.004151105880737305
9	1	32.0	31	[1, 2, 12, 0, 11, 13, 0, 9, 5, 8, 1, 8, 5, 8, 5]	0.021155595779418945
9	5	33.0	31	[1, 2, 12, 0, 11, 13, 0, 9, 5, 8, 5, 8, 1, 2, 3]	0.03119349479675293
9	10	41.0	32	[1, 2, 12, 0, 11, 13, 11, 12, 2, 9, 5, 8, 1, 2, 3]	0.01831817626953125
9	15	35.0	35	[1, 2, 12, 0, 11, 13, 11, 13, 11, 12, 0, 9, 5, 8, 5]	0.027512311935424805
9	20	42.0	36	[1, 2, 12, 0, 11, 13, 11, 0, 9, 5, 8, 5, 9, 7, 4]	0.04670357704162598
9	25	40.0	39	[1, 2, 12, 0, 11, 13, 0, 9, 5, 8, 1, 8, 5, 9, 7]	0.03607749938964844
9	1	14.0	13	[5, 9, 7, 4, 10, 6, 3]	0.013044595718383789
9	5	14.0	13	[5, 9, 7, 4, 10, 6, 3]	0.017254352569580078
9	10	14.0	13	[5, 9, 7, 4, 10, 6, 3]	0.007764339447021484
9	15	14.0	13	[5, 9, 7, 4, 10, 6, 3]	0.007491111755371094
9	20	14.0	13	[5, 9, 7, 4, 10, 6, 3]	0.011350870132446289
9	25	16.0	15	[5, 9, 7, 4, 10, 6, 3]	0.0070302486419677734
9	1	8.0	7	[4, 7, 9, 2]	0.0030868053436279297
9	5	10.0	9	[4, 10, 6, 3, 2]	0.007344245910644531
9	10	15.0	13	[4, 7, 9, 5, 8, 1, 2]	0.013305425643920898
9	15	13.0	15	[4, 7, 9, 5, 8, 1, 2]	0.007796049118041992
9	20	13.0	15	[4, 7, 9, 5, 8, 1, 2]	0.008030414581298828
9	25	14.0	16	[4, 7, 9, 5, 8, 1, 2]	0.006228446960449219
9	1	45.0	34	[8, 1, 2, 12, 0, 11, 13, 11, 12, 11, 12, 11, 12, 0, 9]	0.02420353889465332
9	5	15.0	15	[8, 5, 9, 7, 4, 10, 6, 3]	0.09699583053588867
9	10	33.0	31	[8, 1, 2, 12, 0, 11, 13, 0, 9, 5, 8, 1, 8, 1, 8]	0.02462148666381836
9	15	32.0	34	[8, 1, 2, 12, 0, 11, 13, 11, 0, 9, 5, 9, 7, 4, 10]	0.05520462989807129
9	20	3.0	9	[8, 1, 2, 3]	0.008842229843139648
9	25	41.0	37	[8, 1, 2, 12, 0, 11, 13, 0, 9, 5, 8, 5, 9, 7, 4]	0.027530908584594727
9	1	1.0	2	[11, 0]	0.005497455596923828
9	5	1.0	2	[11, 0]	0.0036535263061523438
9	10	1.0	2	[11, 0]	0.0029075145721435547
9	15	1.0	2	[11, 0]	0.004477739334106445
9	20	4.0	3	[11, 0]	0.004190921783447266
9	25	4.0	3	[11, 0]	0.011438608169555664
9	1	25.0	22	[6, 10, 4, 7, 9, 5, 8, 1, 2, 12, 0]	0.024925708770751953
9	5	25.0	22	[6, 10, 4, 7, 9, 5, 8, 1, 2, 12, 0]	0.013090848922729492
9	10	25.0	22	[6, 10, 4, 7, 9, 5, 8, 1, 2, 12, 0]	0.012907266616821289
9	15	23.0	24	[6, 10, 4, 7, 9, 5, 8, 1, 2, 12, 0]	0.011581182479858398
9	20	23.0	24	[6, 10, 4, 7, 9, 5, 8, 1, 2, 12, 0]	0.021286725997924805
9	25	25.0	26	[6, 10, 4, 7, 9, 5, 8, 1, 2, 12, 0]	0.013161659240722656
9	1	23.0	19	[8, 1, 2, 3, 6, 10, 4, 7, 9, 5]	0.010329008102416992
9	5	23.0	21	[8, 1, 2, 12, 0, 11, 13, 0, 9, 5]	0.012618541717529297
9	10	24.0	23	[8, 1, 2, 12, 0, 11, 13, 11, 0, 9, 5]	0.012253999710083008
9	15	21.0	23	[8, 1, 2, 12, 0, 11, 13, 0, 9, 5]	0.009663820266723633
9	20	35.0	31	[8, 1, 2, 12, 0, 11, 13, 11, 13, 0, 9, 5]	0.013695240020751953
9	25	47.0	40	[8, 1, 2, 12, 0, 11, 13, 11, 13, 11, 12, 11, 13, 11, 13]	0.01552438735961914
10	1	22.0	21	[10, 4, 7, 9, 5, 8, 1, 2, 12, 0]	0.05099296569824219
10	5	22.0	21	[10, 4, 7, 9, 5, 8, 1, 2, 12, 0]	0.04281973838806152
10	10	29.0	24	[10, 4, 7, 9, 2, 3, 6, 3, 2, 12, 0]	0.06586408615112305
10	15	25.0	21	[10, 4, 7, 9, 5, 8, 1, 2, 12, 0]	0.05679631233215332
10	20	10020.0	10018	[10, 4, 7, 9, 5, 8, 1, 2, 12, 0]	0.05420279502868652
10	25	10020.0	10020	[10, 4, 7, 9, 5, 8, 1, 2, 12, 0]	0.03579092025756836
10	1	24.0	25	[6, 10, 4, 7, 9, 5, 8, 1, 2, 12, 0, 11]	0.05417680740356445
10	5	24.0	25	[6, 10, 4, 7, 9, 5, 8, 1, 2, 12, 0, 11]	0.06295108795166016
10	10	27.0	25	[6, 10, 4, 7, 9, 5, 8, 1, 2, 12, 0, 11]	0.08889031410217285
10	15	27.0	25	[6, 10, 4, 7, 9, 5, 8, 1, 2, 12, 0, 11]	0.2139573097229004
10	20	10014.0	10016	[6, 10, 4, 7, 9, 2, 12, 0, 11]	0.0800318717956543
10	25	10022.0	10024	[6, 10, 4, 7, 9, 5, 8, 1, 2, 12, 0, 11]	0.16997003555297852
10	1	11.0	10	[10, 4, 7, 9, 5]	0.02808833122253418
10	5	27.0	29	[10, 4, 7, 9, 0, 11, 13, 11, 12, 2, 1, 8, 5]	0.07828640937805176
10	10	11.0	10	[10, 4, 7, 9, 5]	0.023996591567993164
10	15	11.0	10	[10, 4, 7, 9, 5]	0.01668381690979004
10	20	10009.0	10006	[10, 4, 7, 9, 5]	0.037476301193237305
10	25	10009.0	10006	[10, 4, 7, 9, 5]	0.022707700729370117
10	1	20.0	18	[6, 10, 4, 7, 9, 5, 8, 1, 2]	0.04045534133911133
10	5	20.0	18	[6, 10, 4, 7, 9, 5, 8, 1, 2]	0.03405022621154785
10	10	20.0	18	[6, 10, 4, 7, 9, 5, 8, 1, 2]	0.03724861145019531
10	15	20.0	18	[6, 10, 4, 7, 9, 5, 8, 1, 2]	0.0355687141418457
10	20	10015.0	10015	[6, 10, 4, 7, 9, 5, 8, 1, 2]	0.06403851509094238
10	25	10015.0	10016	[6, 10, 4, 7, 9, 5, 8, 1, 2]	0.02846813201904297
10	1	27.0	30	[8, 1, 2, 12, 0, 11, 13, 0, 9, 5, 9, 7, 4, 10]	0.08133149147033691
10	5	24.0	34	[8, 1, 2, 12, 0, 11, 13, 11, 13, 11, 12, 0, 9, 5, 8]	0.08108997344970703
10	10	35.0	31	[8, 1, 2, 12, 0, 11, 13, 11, 0, 9, 5, 8, 1, 2, 3]	0.09995007514953613
10	15	30.0	32	[8, 1, 2, 12, 0, 11, 13, 11, 12, 2, 9, 5, 8, 5, 8]	0.08644437789916992
10	20	10030.0	10032	[8, 1, 2, 12, 0, 11, 13, 11, 13, 0, 9, 5, 9, 7, 4]	0.09031438827514648
10	25	31.0	38	[8, 1, 2, 12, 0, 11, 13, 0, 9, 5, 8, 1, 8, 1, 8]	0.07821774482727051
10	1	35.0	31	[3, 2, 12, 0, 11, 13, 11, 0, 9, 5, 8, 1, 2, 3, 6]	0.0789635181427002
10	5	32.0	31	[3, 2, 12, 0, 11, 13, 0, 9, 5, 8, 1, 8, 5, 8, 1]	0.07091999053955078
10	10	35.0	31	[3, 2, 12, 0, 11, 13, 0, 9, 5, 8, 1, 8, 5, 8, 5]	0.05746150016784668
10	15	35.0	32	[3, 2, 12, 0, 11, 13, 0, 9, 5, 8, 1, 8, 5, 9, 7]	0.06997084617614746
10	20	31.0	32	[3, 2, 12, 0, 11, 13, 11, 12, 2, 1, 8, 5, 9, 7]	0.0589909553527832
10	25	34.0	36	[3, 2, 12, 0, 11, 13, 0, 9, 5, 8, 1, 8, 1, 2, 9]	0.05744647979736328
10	1	13.0	11	[11, 0, 12, 2, 1, 8]	0.030388355255126953
10	5	13.0	11	[11, 0, 12, 2, 1, 8]	0.029240846633911133
10	10	12.0	12	[11, 0, 12, 2, 1, 8]	0.030730485916137695
10	15	12.0	12	[11, 0, 12, 2, 1, 8]	0.024219036102294922
10	20	9.0	13	[11, 0, 12, 2, 1, 8]	0.025513648986816406
10	25	13.0	15	[11, 0, 12, 2, 1, 8]	0.020895957946777344
10	1	3.0	2	[8, 1]	0.003101348876953125
10	5	3.0	2	[8, 1]	0.003390073776245117
10	10	3.0	2	[8, 1]	0.00754094123840332
10	15	3.0	2	[8, 1]	0.0036847591400146484
10	20	3.0	2	[8, 1]	0.007794857025146484
10	25	3.0	2	[8, 1]	0.003856658935546875
10	1	27.0	33	[7, 9, 5, 8, 1, 2, 12, 0, 11, 13, 0, 11, 12, 2, 3]	0.07480216026306152
10	5	24.0	36	[7, 9, 5, 8, 1, 2, 12, 0, 11, 13, 11, 13, 11, 13, 11]	0.06697583198547363
10	10	30.0	31	[7, 9, 5, 8, 1, 2, 12, 0, 11, 13, 0, 9, 2, 3]	0.06592440605163574
10	15	30.0	34	[7, 9, 5, 8, 1, 2, 12, 0, 11, 13, 0, 13, 11, 12, 0]	0.06297826766967773
10	20	10028.0	10029	[7, 9, 5, 8, 1, 2, 12, 0, 11, 13, 0, 12, 2, 3]	0.05467629432678223
10	25	10031.0	10034	[7, 9, 5, 8, 1, 2, 12, 0, 11, 13, 11, 13, 0, 11, 13]	0.0798487663269043
10	1	19.0	21	[0, 11, 13, 0, 12, 2, 1, 8, 5, 9]	0.1035466194152832
10	5	17.0	21	[0, 11, 13, 11, 12, 2, 1, 8, 5, 9]	0.04650521278381348
10	10	18.0	22	[0, 11, 13, 0, 12, 2, 1, 8, 5, 9]	0.037949562072753906
10	15	18.0	22	[0, 11, 13, 0, 12, 2, 1, 8, 5, 9]	0.04422307014465332
10	20	18.0	23	[0, 11, 13, 0, 12, 2, 1, 8, 5, 9]	0.0352473258972168
10	25	22.0	24	[0, 11, 13, 0, 12, 2, 1, 8, 5, 9]	0.04676938056945801
10	1	12.0	12	[5, 9, 7, 4, 10, 6]	0.02827286720275879
10	5	12.0	12	[5, 9, 7, 4, 10, 6]	0.029239177703857422
10	10	10.0	13	[5, 9, 7, 4, 10, 6]	0.023775577545166016
10	15	10.0	13	[5, 9, 7, 4, 10, 6]	0.02498149871826172
10	20	10008.0	10009	[5, 9, 7, 4, 10, 6]	0.023314476013183594
10	25	10008.0	10009	[5, 9, 7, 4, 10, 6]	0.02696990966796875
10	1	17.0	16	[7, 9, 5, 8, 1, 2, 12, 0]	0.03116583824157715
10	5	15.0	17	[7, 4, 10, 6, 3, 2, 12, 0]	0.03015875816345215
10	10	20.0	16	[7, 9, 5, 8, 1, 2, 12, 0]	0.040473222732543945
10	15	20.0	16	[7, 9, 5, 8, 1, 2, 12, 0]	0.026476144790649414
10	20	10015.0	10013	[7, 9, 5, 8, 1, 2, 12, 0]	0.03428816795349121
10	25	10015.0	10015	[7, 9, 5, 8, 1, 2, 12, 0]	0.029876708984375
10	1	33.0	31	[1, 2, 12, 0, 13, 11, 12, 2, 9, 5, 8, 1, 8, 5, 8]	0.04796743392944336
10	5	32.0	31	[1, 2, 12, 0, 11, 13, 11, 0, 9, 5, 8, 1, 8, 1, 2]	0.07114696502685547
10	10	37.0	31	[1, 2, 12, 0, 11, 13, 0, 9, 5, 8, 1, 2, 3, 6, 10]	0.059592485427856445
10	15	33.0	32	[1, 2, 12, 0, 11, 13, 11, 12, 2, 9, 5, 8, 1, 8, 5]	0.05771064758300781
10	20	31.0	32	[1, 2, 12, 0, 11, 13, 0, 9, 5, 8, 5, 8, 5, 8, 1]	0.06288886070251465
10	25	29.0	37	[1, 2, 12, 11, 0, 13, 0, 9, 5, 8, 1, 8, 5, 9, 7]	0.061187744140625
10	1	13.0	20	[6, 10, 4, 7, 9, 2, 12, 0, 11]	0.03493189811706543
10	5	24.0	25	[6, 10, 4, 7, 9, 5, 8, 1, 2, 12, 0, 11]	0.05362582206726074
10	10	27.0	25	[6, 10, 4, 7, 9, 5, 8, 1, 2, 12, 0, 11]	0.04301881790161133
10	15	27.0	25	[6, 10, 4, 7, 9, 5, 8, 1, 2, 12, 0, 11]	0.04459118843078613
10	20	10022.0	10022	[6, 10, 4, 7, 9, 5, 8, 1, 2, 12, 0, 11]	0.03693437576293945
10	25	10022.0	10024	[6, 10, 4, 7, 9, 5, 8, 1, 2, 12, 0, 11]	0.03663468360900879
10	1	11.0	11	[8, 1, 2, 12, 0, 11]	0.017653942108154297
10	5	15.0	14	[8, 1, 2, 12, 0, 13, 11]	0.024872541427612305
10	10	14.0	11	[8, 1, 2, 12, 0, 11]	0.019230365753173828
10	15	14.0	11	[8, 1, 2, 12, 0, 11]	0.017162084579467773
10	20	11.0	12	[8, 1, 2, 12, 0, 11]	0.02029132843017578
10	25	11.0	14	[8, 1, 2, 12, 0, 11]	0.015556097030639648
10	1	12.0	12	[5, 9, 7, 4, 10, 6]	0.016767501831054688
10	5	12.0	12	[5, 9, 7, 4, 10, 6]	0.019170045852661133
10	10	10.0	13	[5, 9, 7, 4, 10, 6]	0.024504661560058594
10	15	10.0	13	[5, 9, 7, 4, 10, 6]	0.018524169921875
10	20	10008.0	10009	[5, 9, 7, 4, 10, 6]	0.01876997947692871
10	25	10008.0	10009	[5, 9, 7, 4, 10, 6]	0.015592098236083984
10	1	31.0	32	[9, 5, 8, 1, 2, 12, 0, 11, 13, 11, 0, 13, 0, 9, 7]	0.05443263053894043
10	5	32.0	30	[9, 5, 8, 1, 2, 12, 0, 11, 13, 0, 12, 2, 3, 6]	0.06076526641845703
10	10	32.0	34	[9, 5, 8, 1, 2, 12, 0, 11, 13, 0, 9, 7, 4, 10, 6]	0.05947470664978027
10	15	32.0	35	[9, 5, 8, 1, 2, 12, 0, 11, 13, 0, 13, 0, 12, 0, 12]	0.049126386642456055
10	20	33.0	36	[9, 5, 8, 1, 2, 12, 0, 11, 13, 11, 13, 11, 13, 11, 0]	0.1191396713256836
10	25	32.0	37	[9, 5, 8, 1, 2, 12, 0, 11, 13, 0, 11, 13, 0, 9, 7]	0.0653831958770752
10	1	7.0	4	[8, 1, 2]	0.008881092071533203
10	5	7.0	4	[8, 1, 2]	0.014106512069702148
10	10	7.0	4	[8, 1, 2]	0.0113983154296875
10	15	7.0	4	[8, 1, 2]	0.00865030288696289
10	20	4.0	5	[8, 1, 2]	0.00855255126953125
10	25	4.0	6	[8, 1, 2]	0.008760690689086914
10	1	15.0	16	[13, 0, 11, 12, 2, 1, 8, 5]	0.03264975547790527
10	5	15.0	16	[13, 0, 11, 12, 2, 1, 8, 5]	0.03683590888977051
10	10	15.0	16	[13, 0, 11, 12, 2, 1, 8, 5]	0.036379337310791016
10	15	15.0	16	[13, 0, 11, 12, 2, 1, 8, 5]	0.03360891342163086
10	20	12.0	17	[13, 0, 11, 12, 2, 1, 8, 5]	0.03552818298339844
10	25	16.0	19	[13, 0, 11, 12, 2, 1, 8, 5]	0.033770084381103516
10	1	19.0	20	[4, 7, 9, 5, 8, 1, 2, 12, 0, 11]	0.04230999946594238
10	5	19.0	20	[4, 7, 9, 5, 8, 1, 2, 12, 0, 11]	0.031000137329101562
10	10	22.0	20	[4, 7, 9, 5, 8, 1, 2, 12, 0, 11]	0.031432151794433594
10	15	22.0	20	[4, 7, 9, 5, 8, 1, 2, 12, 0, 11]	0.029787063598632812
10	20	10006.0	10005	[4, 7, 9, 0, 11]	0.013586759567260742
10	25	10017.0	10019	[4, 7, 9, 5, 8, 1, 2, 12, 0, 11]	0.040860652923583984
