Num of Nodes	BW	Delay	Num of Hops	Path	Execution Time (seconds)
5	1	43.0	39	[7, 18, 3, 21, 12, 19, 14, 16, 10, 15, 2, 17, 9, 18, 11, 23, 11, 20, 0]	0.008307933807373047
5	5	51.0	47	[7, 18, 3, 21, 12, 19, 14, 16, 10, 15, 2, 17, 9, 17, 2, 15, 2, 15, 12, 23, 11, 20, 0]	0.006012916564941406
5	10	41.0	40	[7, 18, 3, 21, 12, 19, 14, 16, 10, 15, 2, 17, 9, 18, 11, 23, 11, 20, 0]	0.006591796875
5	15	51.0	51	[7, 18, 3, 21, 12, 19, 14, 16, 10, 15, 2, 17, 9, 17, 2, 17, 2, 15, 12, 23, 11, 20, 0]	0.006876945495605469
5	20	42.0	41	[7, 18, 3, 21, 12, 19, 14, 16, 10, 15, 2, 17, 9, 18, 11, 23, 11, 20, 0]	0.004904747009277344
5	25	9.0	9	[7, 6, 13, 20, 0]	0.0009434223175048828
5	1	3.0	4	[2, 15, 12]	0.0008528232574462891
5	5	3.0	4	[2, 15, 12]	0.0007772445678710938
5	10	3.0	4	[2, 15, 12]	0.0007746219635009766
5	15	3.0	4	[2, 15, 12]	0.0007669925689697266
5	20	3.0	4	[2, 15, 12]	0.0007503032684326172
5	25	3.0	4	[2, 15, 12]	0.0007903575897216797
5	1	45.0	35	[10, 3, 21, 12, 19, 14, 16, 8, 22, 5, 0, 20, 13, 6, 7, 18, 11]	0.005873918533325195
5	5	53.0	54	[10, 3, 21, 12, 15, 2, 17, 9, 18, 7, 6, 13, 20, 0, 5, 22, 14, 16, 8, 16, 1, 4, 3, 21, 12]	0.007447481155395508
5	10	43.0	36	[10, 3, 21, 12, 19, 14, 16, 8, 22, 5, 0, 20, 13, 6, 7, 18, 11]	0.0071332454681396484
5	15	10041.0	10032	[10, 3, 21, 12, 19, 14, 16, 8, 22, 5, 0, 20, 13, 6, 7, 18, 11]	0.005655050277709961
5	20	10041.0	10032	[10, 3, 21, 12, 19, 14, 16, 8, 22, 5, 0, 20, 13, 6, 7, 18, 11]	0.008648872375488281
5	25	20036.0	20028	[10, 3, 21, 12, 19, 14, 16, 8, 22, 5, 0, 20, 13, 6, 7, 18, 11]	0.00824284553527832
5	1	23.0	23	[2, 15, 12, 21, 3, 18, 7, 6, 13, 20, 0]	0.0037169456481933594
5	5	23.0	23	[2, 15, 12, 21, 3, 18, 7, 6, 13, 20, 0]	0.003798246383666992
5	10	20.0	23	[2, 15, 12, 21, 3, 18, 7, 6, 13, 20, 0]	0.004142284393310547
5	15	20.0	23	[2, 15, 12, 21, 3, 18, 7, 6, 13, 20, 0]	0.003802776336669922
5	20	16.0	23	[2, 15, 12, 21, 3, 18, 7, 6, 13, 20, 0]	0.003657102584838867
5	25	10014.0	10019	[2, 15, 12, 21, 3, 18, 7, 6, 13, 20, 0]	0.005181074142456055
5	1	43.0	43	[5, 3, 21, 12, 19, 14, 16, 10, 15, 2, 17, 9, 18, 7, 6, 13, 20, 0, 20, 11, 23]	0.011046648025512695
5	5	43.0	43	[5, 3, 21, 12, 19, 14, 16, 10, 15, 2, 17, 9, 18, 7, 6, 13, 20, 0, 20, 11, 23]	0.0068759918212890625
5	10	41.0	44	[5, 3, 21, 12, 19, 14, 16, 10, 15, 2, 17, 9, 18, 7, 6, 13, 20, 0, 20, 11, 23]	0.008367300033569336
5	15	10051.0	10051	[5, 3, 21, 12, 19, 14, 16, 10, 15, 2, 17, 9, 18, 7, 6, 13, 20, 0, 5, 22, 8, 16, 1, 4, 1]	0.007909059524536133
5	20	10.0	9	[5, 3, 21, 12, 23]	0.0010187625885009766
5	25	30042.0	30043	[5, 3, 21, 12, 19, 14, 16, 10, 15, 2, 17, 9, 18, 7, 6, 13, 20, 0, 5, 22, 8, 22, 8, 22, 14]	0.006666421890258789
5	1	59.0	50	[16, 10, 3, 21, 12, 19, 14, 22, 5, 0, 20, 13, 6, 7, 18, 11, 23, 12, 15, 2, 17, 9, 18, 9, 18]	0.008749246597290039
5	5	25.0	24	[16, 10, 3, 21, 12, 23, 11, 20, 0, 5, 22, 8]	0.003424406051635742
5	10	59.0	52	[16, 10, 3, 21, 12, 19, 14, 22, 5, 0, 20, 11, 23, 12, 15, 2, 17, 9, 18, 7, 6, 13, 20, 13, 6]	0.008227109909057617
5	15	58.0	52	[16, 10, 3, 21, 12, 19, 14, 22, 5, 0, 20, 13, 6, 7, 18, 11, 23, 12, 15, 2, 17, 9, 18, 9, 18]	0.010115385055541992
5	20	59.0	53	[16, 10, 3, 21, 12, 19, 14, 22, 5, 0, 20, 13, 6, 7, 18, 11, 23, 12, 15, 2, 17, 9, 17, 2, 15]	0.00975489616394043
5	25	10052.0	10048	[16, 10, 3, 21, 12, 19, 14, 22, 5, 0, 20, 13, 6, 7, 18, 11, 23, 11, 18, 9, 17, 2, 15, 12, 15]	0.0069484710693359375
5	1	7.0	9	[8, 22, 5, 3, 21]	0.0019452571868896484
5	5	35.0	31	[8, 22, 5, 3, 18, 7, 6, 13, 20, 0, 20, 11, 23, 12, 21]	0.004282712936401367
5	10	10.0	9	[8, 22, 5, 3, 21]	0.001772165298461914
5	15	10008.0	10005	[8, 22, 5, 3, 21]	0.00156402587890625
5	20	10008.0	10005	[8, 22, 5, 3, 21]	0.0014286041259765625
5	25	10005.0	10005	[8, 22, 5, 3, 21]	0.0017559528350830078
5	1	14.0	15	[15, 12, 21, 3, 18, 7, 6]	0.0022780895233154297
5	5	14.0	15	[15, 12, 21, 3, 18, 7, 6]	0.002463102340698242
5	10	11.0	15	[15, 12, 21, 3, 18, 7, 6]	0.0027875900268554688
5	15	11.0	15	[15, 12, 21, 3, 18, 7, 6]	0.002203702926635742
5	20	7.0	15	[15, 12, 21, 3, 18, 7, 6]	0.002305746078491211
5	25	10005.0	10011	[15, 12, 21, 3, 18, 7, 6]	0.002308368682861328
5	1	57.0	52	[18, 3, 21, 12, 19, 14, 16, 10, 15, 2, 17, 9, 18, 7, 6, 13, 20, 0, 5, 22, 8, 22, 14, 16, 1]	0.008378982543945312
5	5	34.0	33	[18, 3, 21, 12, 19, 14, 16, 10, 15, 2, 17, 9, 17, 2, 15, 12, 23]	0.006082773208618164
5	10	42.0	44	[18, 7, 6, 13, 20, 0, 5, 3, 21, 12, 19, 14, 16, 10, 15, 2, 17, 9, 18, 11, 23]	0.009311914443969727
5	15	37.0	36	[18, 3, 21, 12, 19, 14, 16, 10, 15, 2, 17, 9, 17, 2, 15, 12, 23]	0.005584001541137695
5	20	10051.0	10051	[18, 3, 21, 12, 19, 14, 16, 10, 15, 2, 17, 9, 18, 7, 6, 13, 20, 0, 5, 22, 8, 16, 1, 4, 1]	0.006620883941650391
5	25	10052.0	10048	[18, 3, 21, 12, 19, 14, 16, 10, 15, 2, 17, 9, 17, 2, 15, 10, 15, 2, 15, 10, 15, 2, 15, 12, 23]	0.006987333297729492
5	1	17.0	17	[5, 3, 21, 12, 19, 14, 16, 10, 15]	0.003696441650390625
5	5	17.0	17	[5, 3, 21, 12, 19, 14, 16, 10, 15]	0.004035472869873047
5	10	18.0	18	[5, 3, 21, 12, 19, 14, 16, 10, 15]	0.003721952438354492
5	15	18.0	18	[5, 3, 21, 12, 19, 14, 16, 10, 15]	0.003274202346801758
5	20	18.0	18	[5, 3, 21, 12, 19, 14, 16, 10, 15]	0.0037665367126464844
5	25	10013.0	10014	[5, 3, 21, 12, 19, 14, 16, 10, 15]	0.0034682750701904297
5	1	25.0	26	[3, 21, 12, 19, 14, 16, 10, 15, 2, 17, 9, 18, 7]	0.005587577819824219
5	5	25.0	26	[3, 21, 12, 19, 14, 16, 10, 15, 2, 17, 9, 18, 7]	0.004702091217041016
5	10	28.0	29	[3, 21, 12, 19, 14, 16, 1, 4, 1, 4, 3, 18, 7]	0.002783536911010742
5	15	27.0	28	[3, 21, 12, 19, 14, 16, 10, 15, 2, 17, 9, 18, 7]	0.0050237178802490234
5	20	27.0	28	[3, 21, 12, 19, 14, 16, 10, 15, 2, 17, 9, 18, 7]	0.005316495895385742
5	25	10022.0	10024	[3, 21, 12, 19, 14, 16, 10, 15, 2, 17, 9, 18, 7]	0.005769252777099609
5	1	6.0	7	[21, 12, 19, 14]	0.0012900829315185547
5	5	6.0	7	[21, 12, 19, 14]	0.0011723041534423828
5	10	4.0	8	[21, 12, 19, 14]	0.0011184215545654297
5	15	4.0	8	[21, 12, 19, 14]	0.0011301040649414062
5	20	4.0	8	[21, 12, 19, 14]	0.001889944076538086
5	25	20025.0	20026	[21, 12, 15, 10, 3, 18, 7, 6, 13, 20, 0, 5, 22, 8, 16, 14]	0.017467260360717773
5	1	6.0	8	[17, 9, 18, 3, 21]	0.0013458728790283203
5	5	10.0	8	[17, 2, 15, 12, 21]	0.002008676528930664
5	10	10.0	8	[17, 2, 15, 12, 21]	0.0015857219696044922
5	15	11.0	9	[17, 2, 15, 12, 21]	0.0016207695007324219
5	20	7.0	9	[17, 2, 15, 12, 21]	0.0016417503356933594
5	25	7.0	9	[17, 2, 15, 12, 21]	0.0015425682067871094
5	1	28.0	30	[12, 21, 3, 18, 7, 6, 13, 20, 0, 5, 22, 8, 16, 10]	0.005009174346923828
5	5	28.0	30	[12, 21, 3, 18, 7, 6, 13, 20, 0, 5, 22, 8, 16, 10]	0.00521540641784668
5	10	25.0	30	[12, 21, 3, 18, 7, 6, 13, 20, 0, 5, 22, 8, 16, 10]	0.004915952682495117
5	15	10034.0	10036	[12, 21, 3, 18, 7, 6, 13, 20, 0, 5, 22, 8, 16, 14, 19, 12, 15, 10]	0.005574464797973633
5	20	10019.0	10026	[12, 21, 3, 18, 7, 6, 13, 20, 0, 5, 22, 8, 16, 10]	0.0044019222259521484
5	25	10011.0	10014	[12, 21, 3, 18, 9, 17, 2, 15, 10]	0.002911090850830078
5	1	2.0	5	[21, 12, 19]	0.0008525848388671875
5	5	2.0	5	[21, 12, 19]	0.0008635520935058594
5	10	2.0	5	[21, 12, 19]	0.0011129379272460938
5	15	2.0	5	[21, 12, 19]	0.0009145736694335938
5	20	2.0	5	[21, 12, 19]	0.0009095668792724609
5	25	10000.0	10001	[21, 12, 19]	0.001321554183959961
5	1	12.0	11	[21, 12, 19, 14, 16, 10]	0.0030670166015625
5	5	12.0	11	[21, 12, 19, 14, 16, 10]	0.0020515918731689453
5	10	10.0	12	[21, 12, 19, 14, 16, 10]	0.002343416213989258
5	15	10.0	12	[21, 12, 19, 14, 16, 10]	0.0020012855529785156
5	20	10.0	12	[21, 12, 19, 14, 16, 10]	0.0023059844970703125
5	25	10008.0	10008	[21, 12, 19, 14, 16, 10]	0.0020182132720947266
5	1	16.0	14	[23, 12, 21, 3, 4, 1, 16]	0.002440929412841797
5	5	32.0	30	[23, 12, 21, 3, 18, 7, 6, 13, 20, 0, 5, 22, 8, 16]	0.004822969436645508
5	10	29.0	30	[23, 12, 21, 3, 18, 7, 6, 13, 20, 0, 5, 22, 8, 16]	0.0044171810150146484
5	15	10027.0	10026	[23, 12, 21, 3, 18, 7, 6, 13, 20, 0, 5, 22, 8, 16]	0.003917694091796875
5	20	10023.0	10026	[23, 12, 21, 3, 18, 7, 6, 13, 20, 0, 5, 22, 8, 16]	0.004907846450805664
5	25	20021.0	20022	[23, 12, 21, 3, 18, 7, 6, 13, 20, 0, 5, 22, 8, 16]	0.0053517818450927734
5	1	15.0	13	[10, 3, 21, 12, 19, 14, 16]	0.0024099349975585938
5	5	15.0	13	[10, 3, 21, 12, 19, 14, 16]	0.0016827583312988281
5	10	16.0	14	[10, 3, 21, 12, 19, 14, 16]	0.0037300586700439453
5	15	16.0	14	[10, 3, 21, 12, 19, 14, 16]	0.0023682117462158203
5	20	16.0	14	[10, 3, 21, 12, 19, 14, 16]	0.0020699501037597656
5	25	10011.0	10010	[10, 3, 21, 12, 19, 14, 16]	0.0023796558380126953
5	1	20.0	21	[20, 0, 5, 3, 21, 12, 19, 14, 16, 10, 15]	0.0035250186920166016
5	5	20.0	21	[20, 0, 5, 3, 21, 12, 19, 14, 16, 10, 15]	0.003740072250366211
5	10	21.0	22	[20, 0, 5, 3, 21, 12, 19, 14, 16, 10, 15]	0.003502368927001953
5	15	21.0	22	[20, 0, 5, 3, 21, 12, 19, 14, 16, 10, 15]	0.003942251205444336
5	20	30.0	27	[20, 13, 6, 7, 18, 3, 21, 12, 19, 14, 16, 10, 15]	0.004327058792114258
5	25	10016.0	10018	[20, 0, 5, 3, 21, 12, 19, 14, 16, 10, 15]	0.004029035568237305
5	1	9.0	9	[15, 12, 21, 3, 18]	0.0016672611236572266
5	5	9.0	9	[15, 12, 21, 3, 18]	0.0016131401062011719
5	10	9.0	9	[15, 12, 21, 3, 18]	0.0016744136810302734
5	15	9.0	9	[15, 12, 21, 3, 18]	0.0016794204711914062
5	20	5.0	9	[15, 12, 21, 3, 18]	0.0015940666198730469
5	25	10003.0	10005	[15, 12, 21, 3, 18]	0.0013155937194824219
6	1	69.0	50	[19, 12, 21, 3, 18, 7, 6, 13, 20, 0, 5, 22, 8, 16, 10, 15, 2, 17, 9, 18, 11, 23, 12, 15, 12]	0.008017539978027344
6	5	78.0	51	[19, 12, 21, 3, 18, 7, 6, 13, 20, 0, 5, 22, 8, 16, 10, 15, 2, 17, 9, 17, 2, 15, 10, 16, 14]	0.009943723678588867
6	10	60.0	56	[19, 14, 16, 10, 3, 21, 12, 15, 2, 17, 9, 18, 7, 6, 13, 20, 11, 23, 12, 15, 2, 15, 10, 15, 2]	0.009560823440551758
6	15	66.0	54	[19, 12, 21, 3, 18, 7, 6, 13, 20, 0, 5, 22, 8, 16, 10, 15, 2, 17, 9, 18, 11, 23, 12, 23, 12]	0.006920576095581055
6	20	72.0	55	[19, 12, 21, 3, 18, 7, 6, 13, 20, 0, 5, 22, 8, 16, 10, 15, 2, 17, 9, 18, 11, 23, 11, 20, 0]	0.009364128112792969
6	25	76.0	58	[19, 12, 21, 3, 18, 7, 6, 13, 20, 0, 5, 22, 8, 16, 10, 15, 2, 17, 9, 17, 2, 17, 2, 17, 2]	0.007611274719238281
6	1	42.0	27	[4, 3, 21, 12, 19, 14, 16, 10, 15, 2, 17, 9, 18]	0.005776882171630859
6	5	48.0	36	[4, 1, 16, 10, 3, 21, 12, 19, 14, 22, 5, 0, 20, 13, 6, 7, 18]	0.0072154998779296875
6	10	40.0	28	[4, 3, 21, 12, 19, 14, 16, 10, 15, 2, 17, 9, 18]	0.003916263580322266
6	15	40.0	28	[4, 3, 21, 12, 19, 14, 16, 10, 15, 2, 17, 9, 18]	0.004548311233520508
6	20	38.0	29	[4, 3, 21, 12, 19, 14, 16, 10, 15, 2, 17, 9, 18]	0.006279706954956055
6	25	38.0	30	[4, 3, 21, 12, 19, 14, 16, 10, 15, 2, 17, 9, 18]	0.0046384334564208984
6	1	70.0	52	[13, 20, 0, 5, 3, 21, 12, 19, 14, 16, 10, 15, 2, 17, 9, 18, 7, 6, 13, 6, 7, 18, 11, 23, 12]	0.008971214294433594
6	5	69.0	52	[13, 20, 0, 5, 3, 21, 12, 19, 14, 16, 10, 15, 2, 17, 9, 18, 7, 6, 13, 6, 7, 6, 7, 18, 11]	0.006251335144042969
6	10	68.0	55	[13, 20, 0, 5, 3, 21, 12, 19, 14, 16, 10, 15, 2, 17, 9, 18, 7, 6, 7, 6, 13, 20, 11, 23, 11]	0.00897836685180664
6	15	69.0	55	[13, 20, 0, 5, 3, 21, 12, 19, 14, 16, 10, 15, 2, 17, 9, 18, 7, 6, 13, 20, 11, 23, 12, 21, 12]	0.009500980377197266
6	20	62.0	58	[13, 20, 0, 5, 3, 21, 12, 19, 14, 16, 10, 15, 2, 17, 9, 18, 7, 6, 7, 6, 7, 18, 11, 23, 12]	0.008308172225952148
6	25	67.0	61	[13, 20, 0, 5, 3, 21, 12, 19, 14, 16, 10, 15, 2, 17, 9, 18, 7, 6, 7, 18, 11, 23, 11, 20, 11]	0.008347034454345703
6	1	85.0	50	[9, 18, 3, 21, 12, 19, 14, 16, 10, 15, 2, 17, 9, 17, 2, 15, 12, 23, 11, 20, 0, 5, 22, 8, 16]	0.009343147277832031
6	5	52.0	32	[9, 18, 3, 21, 12, 19, 14, 16, 10, 15, 2, 17, 9, 18, 7, 6]	0.007168292999267578
6	10	56.0	40	[9, 18, 3, 21, 12, 19, 14, 16, 10, 15, 2, 17, 9, 17, 9, 18, 7, 6]	0.0068700313568115234
6	15	61.0	40	[9, 18, 3, 21, 12, 15, 10, 16, 8, 22, 14, 19, 14, 22, 5, 0, 20, 13, 6]	0.00783848762512207
6	20	75.0	57	[9, 18, 3, 21, 12, 19, 14, 16, 10, 15, 2, 17, 2, 17, 2, 15, 12, 23, 11, 20, 0, 5, 22, 8, 22]	0.009740114212036133
6	25	54.0	43	[9, 18, 3, 21, 12, 19, 14, 16, 10, 15, 2, 17, 9, 17, 9, 18, 7, 6]	0.007545948028564453
6	1	11.0	8	[17, 2, 15, 12, 21]	0.0017805099487304688
6	5	11.0	8	[17, 2, 15, 12, 21]	0.0027549266815185547
6	10	9.0	9	[17, 2, 15, 12, 21]	0.003612518310546875
6	15	9.0	9	[17, 2, 15, 12, 21]	0.002683877944946289
6	20	9.0	9	[17, 2, 15, 12, 21]	0.002492666244506836
6	25	9.0	9	[17, 2, 15, 12, 21]	0.002438068389892578
6	1	9.0	4	[8, 22, 5]	0.002315044403076172
6	5	9.0	4	[8, 22, 5]	0.0012221336364746094
6	10	9.0	4	[8, 22, 5]	0.0011937618255615234
6	15	9.0	4	[8, 22, 5]	0.0020411014556884766
6	20	9.0	4	[8, 22, 5]	0.0013976097106933594
6	25	9.0	4	[8, 22, 5]	0.0012624263763427734
6	1	22.0	13	[8, 22, 5, 3, 21, 12, 19]	0.0027382373809814453
6	5	22.0	13	[8, 22, 5, 3, 21, 12, 19]	0.004603862762451172
6	10	22.0	13	[8, 22, 5, 3, 21, 12, 19]	0.002943754196166992
6	15	22.0	13	[8, 22, 5, 3, 21, 12, 19]	0.003070354461669922
6	20	31.0	19	[8, 22, 14, 16, 10, 3, 21, 12, 19]	0.004363298416137695
6	25	21.0	15	[8, 22, 5, 3, 21, 12, 19]	0.0033164024353027344
6	1	50.0	34	[12, 21, 3, 18, 7, 6, 13, 20, 0, 5, 22, 8, 16, 10, 15, 2, 17]	0.010493755340576172
6	5	50.0	34	[12, 21, 3, 18, 7, 6, 13, 20, 0, 5, 22, 8, 16, 10, 15, 2, 17]	0.00822591781616211
6	10	45.0	38	[12, 21, 3, 18, 7, 6, 13, 20, 0, 5, 22, 8, 16, 10, 15, 2, 17]	0.010062217712402344
6	15	45.0	38	[12, 21, 3, 18, 7, 6, 13, 20, 0, 5, 22, 8, 16, 10, 15, 2, 17]	0.009716033935546875
6	20	45.0	38	[12, 21, 3, 18, 7, 6, 13, 20, 0, 5, 22, 8, 16, 10, 15, 2, 17]	0.009948968887329102
6	25	80.0	55	[12, 21, 3, 10, 16, 8, 22, 5, 0, 20, 13, 6, 7, 18, 11, 23, 12, 19, 14, 22, 8, 22, 8, 22, 5]	0.007947921752929688
6	1	71.0	50	[15, 12, 21, 3, 18, 7, 6, 13, 20, 0, 5, 22, 8, 16, 10, 16, 14, 19, 12, 23, 11, 20, 0, 20, 0]	0.007850408554077148
6	5	77.0	50	[15, 12, 21, 3, 18, 7, 6, 13, 20, 0, 5, 22, 8, 16, 10, 16, 14, 19, 12, 23, 11, 18, 9, 17, 2]	0.008980512619018555
6	10	69.0	53	[15, 12, 21, 3, 18, 7, 6, 13, 20, 0, 5, 22, 8, 16, 10, 16, 14, 19, 12, 23, 11, 20, 0, 20, 13]	0.0077288150787353516
6	15	44.0	37	[15, 12, 21, 3, 18, 7, 6, 13, 20, 0, 5, 22, 8, 16, 10, 15, 2]	0.008302450180053711
6	20	83.0	55	[15, 12, 19, 14, 16, 10, 3, 21, 3, 5, 22, 8, 22, 8, 22, 8, 22, 8, 22, 5, 0, 20, 13, 6, 7]	0.006779193878173828
6	25	44.0	39	[15, 12, 21, 3, 18, 7, 6, 13, 20, 0, 5, 22, 8, 16, 10, 15, 2]	0.008208036422729492
6	1	19.0	12	[16, 10, 3, 21, 12, 19]	0.001676321029663086
6	5	19.0	12	[16, 10, 3, 21, 12, 19]	0.002355813980102539
6	10	19.0	12	[16, 10, 3, 21, 12, 19]	0.0027437210083007812
6	15	19.0	12	[16, 10, 3, 21, 12, 19]	0.003097057342529297
6	20	19.0	12	[16, 10, 3, 21, 12, 19]	0.0023059844970703125
6	25	19.0	13	[16, 10, 3, 21, 12, 19]	0.0023865699768066406
6	1	27.0	18	[5, 3, 21, 12, 19, 14, 16, 10, 15]	0.0041811466217041016
6	5	27.0	18	[5, 3, 21, 12, 19, 14, 16, 10, 15]	0.004350185394287109
6	10	27.0	18	[5, 3, 21, 12, 19, 14, 16, 10, 15]	0.0035469532012939453
6	15	27.0	18	[5, 3, 21, 12, 19, 14, 16, 10, 15]	0.0037424564361572266
6	20	24.0	21	[5, 3, 21, 12, 19, 14, 16, 10, 15]	0.0025644302368164062
6	25	70.0	61	[5, 22, 8, 16, 10, 3, 21, 12, 19, 14, 16, 1, 4, 1, 4, 3, 18, 7, 6, 13, 20, 0, 20, 11, 23]	0.008097171783447266
6	1	39.0	27	[19, 12, 21, 3, 18, 7, 6, 13, 20, 0, 5, 22, 8, 16]	0.00703740119934082
6	5	39.0	27	[19, 12, 21, 3, 18, 7, 6, 13, 20, 0, 5, 22, 8, 16]	0.005960702896118164
6	10	36.0	30	[19, 12, 21, 3, 18, 7, 6, 13, 20, 0, 5, 22, 8, 16]	0.006491661071777344
6	15	36.0	30	[19, 12, 21, 3, 18, 7, 6, 13, 20, 0, 5, 22, 8, 16]	0.006345033645629883
6	20	36.0	30	[19, 12, 21, 3, 18, 7, 6, 13, 20, 0, 5, 22, 8, 16]	0.0072138309478759766
6	25	36.0	31	[19, 12, 21, 3, 18, 7, 6, 13, 20, 0, 5, 22, 8, 16]	0.005980968475341797
6	1	38.0	27	[15, 12, 21, 3, 18, 7, 6, 13, 20, 0, 5, 22, 8, 16]	0.0055713653564453125
6	5	38.0	27	[15, 12, 21, 3, 18, 7, 6, 13, 20, 0, 5, 22, 8, 16]	0.006860494613647461
6	10	35.0	30	[15, 12, 21, 3, 18, 7, 6, 13, 20, 0, 5, 22, 8, 16]	0.007177829742431641
6	15	35.0	30	[15, 12, 21, 3, 18, 7, 6, 13, 20, 0, 5, 22, 8, 16]	0.007404804229736328
6	20	35.0	30	[15, 12, 21, 3, 18, 7, 6, 13, 20, 0, 5, 22, 8, 16]	0.009723186492919922
6	25	35.0	31	[15, 12, 21, 3, 18, 7, 6, 13, 20, 0, 5, 22, 8, 16]	0.006896018981933594
6	1	41.0	28	[6, 7, 18, 3, 21, 12, 19, 14, 16, 10, 15, 2, 17, 9]	0.007508516311645508
6	5	41.0	28	[6, 7, 18, 3, 21, 12, 19, 14, 16, 10, 15, 2, 17, 9]	0.007760524749755859
6	10	47.0	34	[6, 13, 20, 0, 5, 3, 21, 12, 19, 14, 16, 10, 15, 2, 17, 9]	0.007960796356201172
6	15	41.0	36	[6, 7, 18, 11, 23, 12, 21, 3, 5, 22, 8, 16, 10, 15, 2, 17, 9]	0.010831117630004883
6	20	35.0	31	[6, 7, 18, 3, 21, 12, 19, 14, 16, 10, 15, 2, 17, 9]	0.008124828338623047
6	25	35.0	33	[6, 7, 18, 3, 21, 12, 19, 14, 16, 10, 15, 2, 17, 9]	0.007939815521240234
6	1	25.0	15	[9, 18, 3, 21, 12, 19, 14, 16]	0.0071811676025390625
6	5	25.0	15	[9, 18, 3, 21, 12, 19, 14, 16]	0.008380651473999023
6	10	23.0	16	[9, 18, 3, 21, 12, 19, 14, 16]	0.008284568786621094
6	15	23.0	16	[9, 18, 3, 21, 12, 19, 14, 16]	0.004691123962402344
6	20	21.0	17	[9, 18, 3, 21, 12, 19, 14, 16]	0.00508570671081543
6	25	21.0	17	[9, 18, 3, 21, 12, 19, 14, 16]	0.003964424133300781
6	1	50.0	34	[12, 21, 3, 18, 7, 6, 13, 20, 0, 5, 22, 8, 16, 10, 15, 2, 17]	0.009041070938110352
6	5	75.0	53	[12, 19, 14, 16, 10, 3, 21, 3, 18, 7, 6, 13, 20, 0, 5, 22, 8, 16, 1, 4, 3, 10, 15, 2, 17]	0.009313106536865234
6	10	45.0	38	[12, 21, 3, 18, 7, 6, 13, 20, 0, 5, 22, 8, 16, 10, 15, 2, 17]	0.007827043533325195
6	15	45.0	38	[12, 21, 3, 18, 7, 6, 13, 20, 0, 5, 22, 8, 16, 10, 15, 2, 17]	0.00812530517578125
6	20	43.0	39	[12, 21, 3, 18, 7, 6, 13, 20, 0, 5, 22, 14, 16, 10, 15, 2, 17]	0.008240461349487305
6	25	67.0	57	[12, 15, 10, 3, 21, 12, 19, 14, 16, 8, 22, 5, 0, 20, 13, 6, 7, 18, 11, 23, 12, 23, 12, 21, 3]	0.009200811386108398
6	1	29.0	20	[21, 12, 19, 14, 16, 10, 3, 18, 7, 6]	0.0049283504486083984
6	5	29.0	20	[21, 12, 19, 14, 16, 10, 3, 18, 7, 6]	0.004686117172241211
6	10	10.0	10	[21, 3, 18, 7, 6]	0.0034160614013671875
6	15	10.0	10	[21, 3, 18, 7, 6]	0.0024547576904296875
6	20	10.0	10	[21, 3, 18, 7, 6]	0.0013442039489746094
6	25	25.0	25	[21, 12, 19, 14, 16, 10, 3, 18, 7, 6]	0.006139278411865234
6	1	44.0	29	[16, 10, 3, 21, 12, 19, 14, 22, 5, 0, 20, 13, 6, 7]	0.008140802383422852
6	5	80.0	52	[16, 10, 3, 21, 12, 19, 14, 22, 8, 16, 1, 4, 1, 16, 1, 16, 14, 16, 10, 15, 2, 17, 9, 18, 7]	0.009031534194946289
6	10	44.0	29	[16, 10, 3, 21, 12, 19, 14, 22, 5, 0, 20, 13, 6, 7]	0.0061092376708984375
6	15	44.0	29	[16, 10, 3, 21, 12, 19, 14, 22, 5, 0, 20, 13, 6, 7]	0.006471157073974609
6	20	42.0	31	[16, 10, 3, 21, 12, 19, 14, 22, 5, 0, 20, 13, 6, 7]	0.006771087646484375
6	25	42.0	32	[16, 10, 3, 21, 12, 19, 14, 22, 5, 0, 20, 13, 6, 7]	0.009004831314086914
6	1	48.0	30	[11, 20, 0, 5, 3, 21, 12, 19, 14, 16, 10, 15, 2, 17, 9]	0.009439706802368164
6	5	59.0	40	[11, 23, 12, 21, 3, 18, 7, 6, 13, 20, 0, 5, 22, 8, 16, 10, 15, 2, 17, 9]	0.02022838592529297
6	10	54.0	44	[11, 23, 12, 21, 3, 18, 7, 6, 13, 20, 0, 5, 22, 8, 16, 10, 15, 2, 17, 9]	0.013937950134277344
6	15	54.0	44	[11, 23, 12, 21, 3, 18, 7, 6, 13, 20, 0, 5, 22, 8, 16, 10, 15, 2, 17, 9]	0.026227235794067383
6	20	56.0	45	[11, 23, 12, 21, 3, 18, 7, 6, 13, 20, 0, 5, 22, 8, 16, 10, 15, 2, 17, 9]	0.018362998962402344
6	25	56.0	47	[11, 23, 12, 21, 3, 18, 7, 6, 13, 20, 0, 5, 22, 8, 16, 10, 15, 2, 17, 9]	0.012729406356811523
6	1	11.0	7	[0, 20, 13, 6]	0.005851268768310547
6	5	11.0	7	[0, 20, 13, 6]	0.002015352249145508
6	10	11.0	7	[0, 20, 13, 6]	0.002436399459838867
6	15	11.0	7	[0, 20, 13, 6]	0.0024671554565429688
6	20	11.0	7	[0, 20, 13, 6]	0.0037217140197753906
6	25	11.0	7	[0, 20, 13, 6]	0.0030546188354492188
7	1	17.0	13	[1, 16, 10, 3, 21, 12, 19]	0.004925727844238281
7	5	56.0	49	[1, 16, 10, 3, 21, 12, 15, 2, 17, 9, 18, 7, 6, 13, 20, 0, 5, 22, 8, 16, 14, 19]	0.0688927173614502
7	10	17.0	13	[1, 16, 10, 3, 21, 12, 19]	0.006495952606201172
7	15	17.0	13	[1, 16, 10, 3, 21, 12, 19]	0.005968332290649414
7	20	14.0	13	[1, 16, 10, 3, 21, 12, 19]	0.004121065139770508
7	25	14.0	13	[1, 16, 10, 3, 21, 12, 19]	0.008545398712158203
7	1	21.0	19	[2, 15, 12, 19, 14, 16, 10, 3, 21]	0.00871586799621582
7	5	8.0	7	[2, 15, 12, 21]	0.0031833648681640625
7	10	14.0	8	[2, 15, 10, 3, 21]	0.0036163330078125
7	15	8.0	7	[2, 15, 12, 21]	0.0026314258575439453
7	20	6.0	7	[2, 15, 12, 21]	0.0023183822631835938
7	25	6.0	7	[2, 15, 12, 21]	0.003117799758911133
7	1	46.0	36	[6, 7, 18, 3, 21, 12, 19, 14, 16, 10, 15, 2, 17, 9, 18, 11]	0.007460832595825195
7	5	58.0	46	[6, 7, 18, 3, 21, 12, 19, 14, 16, 10, 15, 2, 17, 9, 17, 9, 17, 9, 18, 11]	0.010898351669311523
7	10	46.0	36	[6, 7, 18, 3, 21, 12, 19, 14, 16, 10, 15, 2, 17, 9, 18, 11]	0.011725425720214844
7	15	49.0	41	[6, 7, 18, 3, 21, 12, 19, 14, 16, 10, 15, 2, 17, 9, 17, 9, 18, 11]	0.018095731735229492
7	20	39.0	37	[6, 7, 18, 3, 21, 12, 19, 14, 16, 10, 15, 2, 17, 9, 18, 11]	0.013589859008789062
7	25	61.0	58	[6, 7, 18, 3, 21, 12, 19, 14, 16, 10, 15, 2, 17, 9, 17, 2, 15, 10, 16, 8, 22, 5, 0, 20, 13]	0.013314962387084961
7	1	28.0	26	[0, 20, 13, 6, 7, 18, 3, 21, 12, 19, 14, 16]	0.005015134811401367
7	5	28.0	26	[0, 20, 13, 6, 7, 18, 3, 21, 12, 19, 14, 16]	0.007877111434936523
7	10	28.0	26	[0, 20, 13, 6, 7, 18, 3, 21, 12, 19, 14, 16]	0.010602712631225586
7	15	28.0	26	[0, 20, 13, 6, 7, 18, 3, 21, 12, 19, 14, 16]	0.01145315170288086
7	20	39.0	37	[0, 20, 13, 6, 7, 18, 3, 21, 12, 19, 14, 22, 5, 3, 4, 1, 16]	0.012899398803710938
7	25	26.0	28	[0, 20, 13, 6, 7, 18, 3, 21, 12, 19, 14, 16]	0.011309146881103516
7	1	6.0	9	[20, 0, 5, 3, 4]	0.0017609596252441406
7	5	64.0	58	[20, 0, 5, 3, 21, 12, 19, 14, 16, 10, 15, 2, 17, 9, 18, 7, 6, 13, 20, 11, 23, 11, 23, 12, 21]	0.012469291687011719
7	10	55.0	62	[20, 0, 5, 3, 21, 12, 19, 14, 16, 10, 15, 2, 17, 9, 18, 7, 6, 13, 6, 7, 6, 7, 6, 7, 6]	0.008202791213989258
7	15	64.0	59	[20, 0, 5, 3, 21, 12, 19, 14, 16, 10, 15, 2, 17, 9, 18, 7, 6, 13, 6, 13, 6, 13, 20, 11, 23]	0.012420415878295898
7	20	56.0	60	[20, 0, 5, 3, 21, 12, 19, 14, 16, 10, 15, 2, 17, 9, 18, 7, 6, 13, 20, 11, 23, 12, 19, 12, 21]	0.01501607894897461
7	25	57.0	62	[20, 0, 5, 3, 21, 12, 19, 14, 16, 10, 15, 2, 17, 9, 18, 7, 6, 13, 20, 11, 23, 11, 20, 11, 18]	0.012873172760009766
7	1	49.0	42	[22, 5, 3, 21, 12, 19, 14, 16, 10, 15, 2, 17, 9, 18, 7, 6, 13, 20]	0.011571168899536133
7	5	49.0	42	[22, 5, 3, 21, 12, 19, 14, 16, 10, 15, 2, 17, 9, 18, 7, 6, 13, 20]	0.011097908020019531
7	10	49.0	42	[22, 5, 3, 21, 12, 19, 14, 16, 10, 15, 2, 17, 9, 18, 7, 6, 13, 20]	0.009733200073242188
7	15	49.0	42	[22, 5, 3, 21, 12, 19, 14, 16, 10, 15, 2, 17, 9, 18, 7, 6, 13, 20]	0.015731334686279297
7	20	7.0	6	[22, 5, 0, 20]	0.004173994064331055
7	25	45.0	44	[22, 5, 3, 21, 12, 19, 14, 16, 10, 15, 2, 17, 9, 18, 7, 6, 13, 20]	0.021101713180541992
7	1	27.0	16	[17, 2, 15, 12, 21, 3, 18, 7]	0.010880708694458008
7	5	27.0	16	[17, 2, 15, 12, 21, 3, 18, 7]	0.005081892013549805
7	10	27.0	16	[17, 2, 15, 12, 21, 3, 18, 7]	0.009216547012329102
7	15	27.0	16	[17, 2, 15, 12, 21, 3, 18, 7]	0.009096622467041016
7	20	25.0	16	[17, 2, 15, 12, 21, 3, 18, 7]	0.012651205062866211
7	25	25.0	16	[17, 2, 15, 12, 21, 3, 18, 7]	0.011226654052734375
7	1	53.0	48	[21, 12, 19, 14, 16, 1, 4, 3, 18, 7, 6, 13, 20, 0, 5, 22, 8, 16, 10, 15, 2]	0.021443605422973633
7	5	64.0	57	[21, 12, 19, 14, 16, 10, 3, 18, 7, 6, 13, 20, 0, 5, 22, 8, 22, 8, 16, 1, 4, 3, 10, 15, 2]	0.0269317626953125
7	10	55.0	58	[21, 12, 19, 14, 16, 10, 3, 18, 7, 6, 13, 20, 0, 5, 22, 8, 16, 1, 4, 1, 4, 1, 16, 8, 22]	0.011642217636108398
7	15	57.0	58	[21, 12, 19, 14, 16, 10, 3, 18, 7, 6, 13, 20, 0, 5, 22, 8, 16, 1, 4, 1, 16, 8, 22, 8, 22]	0.025483131408691406
7	20	57.0	58	[21, 12, 19, 14, 16, 10, 3, 18, 7, 6, 13, 20, 0, 5, 22, 8, 16, 1, 4, 3, 4, 3, 5, 0, 5]	0.03461313247680664
7	25	59.0	63	[21, 12, 19, 14, 16, 10, 3, 18, 7, 6, 13, 20, 0, 5, 22, 8, 22, 14, 22, 14, 19, 14, 19, 12, 15]	0.014565229415893555
7	1	17.0	16	[0, 20, 13, 6, 7, 18, 3, 21]	0.003290891647338867
7	5	17.0	16	[0, 20, 13, 6, 7, 18, 3, 21]	0.005962371826171875
7	10	32.0	31	[0, 20, 13, 6, 7, 18, 3, 4, 1, 16, 10, 15, 12, 21]	0.005931854248046875
7	15	17.0	16	[0, 20, 13, 6, 7, 18, 3, 21]	0.006110191345214844
7	20	17.0	16	[0, 20, 13, 6, 7, 18, 3, 21]	0.003998756408691406
7	25	15.0	18	[0, 20, 13, 6, 7, 18, 3, 21]	0.007849693298339844
7	1	29.0	25	[19, 12, 21, 3, 18, 7, 6, 13, 20, 0, 5]	0.00452733039855957
7	5	19.0	19	[19, 12, 21, 3, 10, 16, 8, 22, 5]	0.005850553512573242
7	10	29.0	25	[19, 12, 21, 3, 18, 7, 6, 13, 20, 0, 5]	0.004389762878417969
7	15	29.0	25	[19, 12, 21, 3, 18, 7, 6, 13, 20, 0, 5]	0.0056760311126708984
7	20	27.0	25	[19, 12, 21, 3, 18, 7, 6, 13, 20, 0, 5]	0.0068607330322265625
7	25	33.0	29	[19, 12, 21, 3, 18, 11, 23, 12, 15, 10, 16, 8, 22, 5]	0.006874799728393555
7	1	2.0	2	[3, 21]	0.0001285076141357422
7	5	2.0	2	[3, 21]	0.0006213188171386719
7	10	2.0	2	[3, 21]	0.00051116943359375
7	15	2.0	2	[3, 21]	0.0005123615264892578
7	20	2.0	2	[3, 21]	0.0005433559417724609
7	25	2.0	2	[3, 21]	0.0005254745483398438
7	1	66.0	57	[18, 3, 21, 12, 19, 14, 16, 10, 15, 2, 17, 9, 18, 7, 6, 13, 20, 0, 5, 22, 8, 22, 5, 3, 4]	0.010269641876220703
7	5	77.0	57	[18, 3, 21, 12, 19, 14, 16, 10, 15, 2, 17, 9, 17, 9, 17, 9, 17, 9, 17, 9, 17, 9, 17, 2, 17]	0.007651329040527344
7	10	67.0	56	[18, 3, 21, 12, 19, 14, 16, 10, 15, 2, 17, 9, 18, 7, 6, 13, 20, 0, 5, 22, 8, 22, 5, 0, 5]	0.012785911560058594
7	15	83.0	52	[18, 3, 21, 12, 19, 14, 16, 10, 15, 2, 17, 9, 17, 2, 15, 2, 15, 2, 17, 2, 15, 2, 15, 2, 17]	0.005373954772949219
7	20	48.0	39	[18, 3, 21, 12, 19, 14, 16, 10, 15, 2, 17, 9, 17, 2, 15, 12, 23, 11]	0.010167121887207031
7	25	54.0	44	[18, 3, 21, 12, 19, 14, 16, 10, 15, 2, 17, 9, 17, 9, 17, 2, 15, 12, 23, 11]	0.011900186538696289
7	1	67.0	57	[5, 3, 21, 12, 19, 14, 16, 10, 15, 2, 17, 9, 18, 7, 6, 13, 20, 0, 5, 22, 8, 22, 14, 22, 8]	0.015220165252685547
7	5	64.0	59	[5, 3, 21, 12, 19, 14, 16, 10, 15, 2, 17, 9, 18, 7, 6, 13, 20, 0, 20, 11, 23, 11, 18, 7, 18]	0.012783050537109375
7	10	65.0	59	[5, 3, 21, 12, 19, 14, 16, 10, 15, 2, 17, 9, 18, 7, 6, 13, 20, 11, 23, 12, 19, 14, 22, 8, 16]	0.013162374496459961
7	15	61.0	58	[5, 3, 21, 12, 19, 14, 16, 10, 15, 2, 17, 9, 18, 7, 6, 13, 20, 0, 20, 11, 23, 11, 20, 0, 5]	0.015116453170776367
7	20	54.0	56	[5, 3, 21, 12, 19, 14, 16, 10, 15, 2, 17, 9, 18, 7, 6, 13, 20, 0, 5, 22, 8, 16, 1, 4]	0.01574110984802246
7	25	57.0	62	[5, 3, 21, 12, 19, 14, 16, 10, 15, 2, 17, 9, 18, 7, 6, 13, 20, 0, 20, 11, 23, 11, 20, 13, 20]	0.014026641845703125
7	1	10.0	7	[15, 12, 21, 3]	0.002045869827270508
7	5	10.0	7	[15, 12, 21, 3]	0.0029807090759277344
7	10	10.0	7	[15, 12, 21, 3]	0.0029060840606689453
7	15	10.0	7	[15, 12, 21, 3]	0.005747556686401367
7	20	8.0	7	[15, 12, 21, 3]	0.002112150192260742
7	25	8.0	7	[15, 12, 21, 3]	0.0037250518798828125
7	1	30.0	27	[0, 20, 13, 6, 7, 18, 3, 5, 22, 8, 16, 10]	0.008023977279663086
7	5	31.0	29	[0, 20, 13, 6, 7, 18, 3, 21, 12, 19, 14, 16, 10]	0.008875608444213867
7	10	31.0	29	[0, 20, 13, 6, 7, 18, 3, 21, 12, 19, 14, 16, 10]	0.007441997528076172
7	15	31.0	29	[0, 20, 13, 6, 7, 18, 3, 21, 12, 19, 14, 16, 10]	0.007700204849243164
7	20	31.0	29	[0, 20, 13, 6, 7, 18, 3, 21, 12, 19, 14, 16, 10]	0.019795894622802734
7	25	28.0	29	[0, 20, 13, 6, 7, 18, 3, 5, 22, 8, 16, 10]	0.009820938110351562
7	1	48.0	41	[13, 20, 0, 5, 3, 21, 12, 19, 14, 16, 10, 15, 2, 17, 9, 18, 7, 6]	0.018131494522094727
7	5	48.0	41	[13, 20, 0, 5, 3, 21, 12, 19, 14, 16, 10, 15, 2, 17, 9, 18, 7, 6]	0.01177358627319336
7	10	48.0	41	[13, 20, 0, 5, 3, 21, 12, 19, 14, 16, 10, 15, 2, 17, 9, 18, 7, 6]	0.024457931518554688
7	15	48.0	41	[13, 20, 0, 5, 3, 21, 12, 19, 14, 16, 10, 15, 2, 17, 9, 18, 7, 6]	0.0168912410736084
7	20	55.0	57	[13, 20, 0, 5, 22, 8, 16, 10, 3, 21, 12, 19, 14, 19, 14, 22, 14, 16, 1, 4, 1, 16, 14, 16, 1]	0.012315988540649414
7	25	43.0	43	[13, 20, 0, 5, 3, 21, 12, 19, 14, 16, 10, 15, 2, 17, 9, 18, 7, 6]	0.014507055282592773
7	1	73.0	58	[12, 21, 3, 18, 7, 6, 13, 20, 0, 5, 22, 8, 16, 10, 15, 2, 17, 9, 17, 9, 17, 9, 17, 9, 18]	0.02422928810119629
7	5	63.0	47	[12, 21, 3, 18, 7, 6, 13, 20, 0, 5, 22, 8, 16, 10, 15, 2, 17, 9, 18, 11, 23]	0.0214846134185791
7	10	77.0	56	[12, 21, 3, 18, 7, 6, 13, 20, 0, 5, 22, 8, 16, 10, 15, 2, 17, 9, 17, 2, 17, 9, 18, 11, 23]	0.017010927200317383
7	15	60.0	47	[12, 21, 3, 18, 7, 6, 13, 20, 0, 5, 22, 8, 16, 10, 15, 2, 17, 9, 18, 11, 23]	0.013952493667602539
7	20	68.0	57	[12, 21, 3, 18, 7, 6, 13, 20, 0, 5, 22, 8, 16, 10, 15, 2, 17, 9, 17, 2, 17, 9, 18, 11, 23]	0.013069629669189453
7	25	64.0	60	[12, 21, 3, 18, 7, 6, 13, 20, 0, 5, 22, 8, 16, 10, 15, 2, 17, 9, 17, 2, 15, 12, 19, 14, 19]	0.027883529663085938
7	1	57.0	57	[20, 0, 5, 3, 21, 12, 19, 14, 16, 1, 4, 1, 4, 3, 18, 7, 6, 13, 20, 11, 23, 12, 15, 10, 3]	0.05855679512023926
7	5	64.0	58	[20, 0, 5, 3, 21, 12, 19, 14, 16, 10, 15, 2, 17, 9, 18, 7, 6, 13, 6, 13, 20, 11, 23, 11, 23]	0.12553739547729492
7	10	61.0	60	[20, 0, 5, 3, 21, 12, 19, 14, 16, 10, 15, 2, 17, 9, 18, 7, 6, 13, 6, 7, 6, 7, 18, 11, 23]	0.03351140022277832
7	15	58.0	61	[20, 0, 5, 3, 21, 12, 19, 14, 16, 10, 15, 2, 17, 9, 18, 7, 6, 13, 6, 7, 6, 7, 6, 13, 20]	0.01464700698852539
7	20	58.0	58	[20, 0, 5, 3, 21, 12, 19, 14, 16, 10, 15, 2, 17, 9, 18, 7, 6, 13, 20, 11, 23, 11, 23, 12, 23]	0.014216184616088867
7	25	5.0	7	[20, 0, 5, 22]	0.03933000564575195
7	1	9.0	9	[5, 3, 21, 12, 19]	0.00529170036315918
7	5	9.0	9	[5, 3, 21, 12, 19]	0.013031482696533203
7	10	23.0	18	[5, 22, 8, 16, 10, 3, 21, 12, 19]	0.006150245666503906
7	15	9.0	9	[5, 3, 21, 12, 19]	0.002752542495727539
7	20	9.0	9	[5, 3, 21, 12, 19]	0.003911018371582031
7	25	9.0	9	[5, 3, 21, 12, 19]	0.0028772354125976562
7	1	43.0	34	[22, 5, 3, 21, 12, 19, 14, 16, 10, 15, 2, 17, 9, 18, 7]	0.01091456413269043
7	5	43.0	34	[22, 5, 3, 21, 12, 19, 14, 16, 10, 15, 2, 17, 9, 18, 7]	0.01660919189453125
7	10	53.0	48	[22, 5, 3, 21, 12, 15, 10, 16, 8, 16, 14, 19, 14, 22, 8, 22, 5, 0, 20, 13, 6, 7]	0.010683298110961914
7	15	43.0	34	[22, 5, 3, 21, 12, 19, 14, 16, 10, 15, 2, 17, 9, 18, 7]	0.008002519607543945
7	20	39.0	35	[22, 5, 3, 21, 12, 19, 14, 16, 10, 15, 2, 17, 9, 18, 7]	0.009413480758666992
7	25	25.0	30	[22, 5, 3, 21, 12, 23, 11, 20, 0, 20, 13, 6, 7]	0.005591869354248047
8	1	58.0	46	[5, 3, 21, 12, 19, 14, 16, 10, 15, 2, 17, 9, 18, 7, 6, 13, 20, 0, 20, 11, 23]	0.017447948455810547
8	5	58.0	46	[5, 3, 21, 12, 19, 14, 16, 10, 15, 2, 17, 9, 18, 7, 6, 13, 20, 0, 20, 11, 23]	0.060239315032958984
8	10	74.0	58	[5, 3, 21, 12, 19, 14, 16, 10, 15, 2, 17, 9, 18, 7, 6, 13, 20, 0, 5, 22, 8, 16, 1, 4, 3]	0.03816032409667969
8	15	59.0	48	[5, 3, 21, 12, 19, 14, 16, 10, 15, 2, 17, 9, 18, 7, 6, 13, 20, 0, 20, 11, 23]	0.06515026092529297
8	20	52.0	48	[5, 3, 21, 12, 19, 14, 16, 10, 15, 2, 17, 9, 18, 7, 6, 13, 20, 0, 20, 11, 23]	0.025767087936401367
8	25	58.0	61	[5, 3, 21, 12, 19, 14, 16, 10, 15, 2, 17, 9, 18, 7, 6, 13, 20, 0, 5, 22, 8, 22, 8, 16, 1]	0.023902416229248047
8	1	28.0	22	[13, 20, 0, 5, 3, 21, 12, 19, 14, 16]	0.009398221969604492
8	5	34.0	27	[13, 20, 0, 5, 3, 21, 12, 19, 14, 22, 8, 16]	0.009563684463500977
8	10	28.0	22	[13, 20, 0, 5, 3, 21, 12, 19, 14, 16]	0.039832115173339844
8	15	28.0	22	[13, 20, 0, 5, 3, 21, 12, 19, 14, 16]	0.01034855842590332
8	20	23.0	22	[13, 20, 0, 5, 3, 21, 12, 19, 14, 16]	0.009202718734741211
8	25	23.0	22	[13, 20, 0, 5, 3, 21, 12, 19, 14, 16]	0.010088443756103516
8	1	5.0	5	[3, 21, 12]	0.0025391578674316406
8	5	5.0	5	[3, 21, 12]	0.0019843578338623047
8	10	5.0	5	[3, 21, 12]	0.0021185874938964844
8	15	43.0	32	[3, 18, 7, 6, 13, 20, 0, 5, 22, 8, 16, 10, 15, 12]	0.010660886764526367
8	20	2.0	5	[3, 21, 12]	0.0022819042205810547
8	25	2.0	5	[3, 21, 12]	0.002077341079711914
8	1	4.0	2	[3, 21]	0.0008678436279296875
8	5	4.0	2	[3, 21]	0.0008175373077392578
8	10	4.0	2	[3, 21]	0.0011036396026611328
8	15	4.0	2	[3, 21]	0.0012392997741699219
8	20	1.0	2	[3, 21]	0.0009753704071044922
8	25	1.0	2	[3, 21]	0.0009944438934326172
8	1	14.0	6	[16, 10, 3, 21]	0.002883434295654297
8	5	14.0	6	[16, 10, 3, 21]	0.003409862518310547
8	10	14.0	6	[16, 10, 3, 21]	0.0026395320892333984
8	15	14.0	6	[16, 10, 3, 21]	0.004760265350341797
8	20	16.0	8	[16, 10, 15, 12, 21]	0.005686759948730469
8	25	8.0	7	[16, 10, 3, 21]	0.004033327102661133
8	1	68.0	56	[3, 5, 22, 8, 16, 10, 15, 12, 21, 3, 18, 7, 6, 13, 20, 0, 5, 0, 5, 3, 4, 1, 16, 14, 19]	0.025597333908081055
8	5	32.0	18	[3, 21, 12, 19, 14, 16, 10, 15, 2]	0.04025673866271973
8	10	73.0	61	[3, 21, 12, 19, 14, 22, 5, 0, 20, 11, 23, 11, 18, 7, 6, 13, 6, 7, 6, 13, 6, 7, 18, 9, 17]	0.023539304733276367
8	15	32.0	18	[3, 21, 12, 19, 14, 16, 10, 15, 2]	0.009380578994750977
8	20	68.0	56	[3, 21, 12, 15, 10, 16, 8, 22, 5, 0, 20, 13, 6, 7, 18, 11, 23, 12, 19, 14, 22, 5, 0, 20, 0]	0.022923946380615234
8	25	24.0	19	[3, 21, 12, 19, 14, 16, 10, 15, 2]	0.013371944427490234
8	1	43.0	31	[10, 3, 21, 12, 19, 14, 16, 8, 22, 5, 0, 20, 13, 6]	0.01830315589904785
8	5	43.0	31	[10, 3, 21, 12, 19, 14, 16, 8, 22, 5, 0, 20, 13, 6]	0.041536569595336914
8	10	43.0	31	[10, 3, 21, 12, 19, 14, 16, 8, 22, 5, 0, 20, 13, 6]	0.02301311492919922
8	15	41.0	31	[10, 3, 21, 12, 19, 14, 16, 8, 22, 5, 0, 20, 13, 6]	0.013238906860351562
8	20	36.0	31	[10, 3, 21, 12, 19, 14, 16, 8, 22, 5, 0, 20, 13, 6]	0.011282205581665039
8	25	36.0	31	[10, 3, 21, 12, 19, 14, 16, 8, 22, 5, 0, 20, 13, 6]	0.012609720230102539
8	1	41.0	22	[1, 16, 10, 3, 21, 12, 19, 14, 22, 5, 0]	0.009963274002075195
8	5	47.0	27	[1, 16, 10, 3, 21, 12, 19, 14, 22, 8, 22, 5, 0]	0.010544300079345703
8	10	41.0	22	[1, 16, 10, 3, 21, 12, 19, 14, 22, 5, 0]	0.010110855102539062
8	15	39.0	22	[1, 16, 10, 3, 21, 12, 19, 14, 22, 5, 0]	0.010730981826782227
8	20	34.0	22	[1, 16, 10, 3, 21, 12, 19, 14, 22, 5, 0]	0.007196903228759766
8	25	31.0	23	[1, 16, 10, 3, 21, 12, 19, 14, 22, 5, 0]	0.007415294647216797
8	1	35.0	31	[23, 12, 21, 3, 18, 9, 17, 2, 15, 10, 16, 8, 22, 5, 0]	0.010832071304321289
8	5	15.0	22	[23, 12, 21, 3, 18, 7, 6, 13, 20, 0]	0.007796525955200195
8	10	20.0	23	[23, 12, 21, 3, 18, 7, 6, 13, 20, 0]	0.006294965744018555
8	15	45.0	48	[23, 12, 21, 3, 18, 7, 6, 13, 20, 11, 18, 9, 17, 2, 15, 10, 16, 8, 22, 5, 0]	0.016034603118896484
8	20	18.0	23	[23, 12, 21, 3, 18, 7, 6, 13, 20, 0]	0.006917238235473633
8	25	35.0	30	[23, 12, 15, 10, 3, 21, 12, 19, 14, 16, 8, 22, 5, 0]	0.01036381721496582
8	1	4.0	5	[13, 20, 0]	0.0015478134155273438
8	5	4.0	5	[13, 20, 0]	0.002387523651123047
8	10	4.0	5	[13, 20, 0]	0.0024323463439941406
8	15	4.0	5	[13, 20, 0]	0.0016512870788574219
8	20	4.0	5	[13, 20, 0]	0.0018465518951416016
8	25	4.0	5	[13, 20, 0]	0.0024566650390625
8	1	38.0	22	[9, 18, 3, 21, 12, 19, 14, 16, 10, 15, 2]	0.012561559677124023
8	5	38.0	22	[9, 18, 3, 21, 12, 19, 14, 16, 10, 15, 2]	0.008744001388549805
8	10	34.0	23	[9, 18, 3, 21, 12, 19, 14, 16, 10, 15, 2]	0.010349512100219727
8	15	34.0	23	[9, 18, 3, 21, 12, 19, 14, 16, 10, 15, 2]	0.00987696647644043
8	20	29.0	23	[9, 18, 3, 21, 12, 19, 14, 16, 10, 15, 2]	0.009625911712646484
8	25	29.0	24	[9, 18, 3, 21, 12, 19, 14, 16, 10, 15, 2]	0.010388374328613281
8	1	17.0	17	[6, 7, 18, 3, 21, 12, 19, 14]	0.008204460144042969
8	5	17.0	17	[6, 7, 18, 3, 21, 12, 19, 14]	0.00985407829284668
8	10	22.0	18	[6, 7, 18, 3, 21, 12, 19, 14]	0.009531259536743164
8	15	65.0	61	[6, 7, 18, 3, 21, 12, 15, 10, 16, 8, 22, 5, 0, 20, 13, 6, 13, 6, 7, 6, 13, 20, 11, 23, 11]	0.015868663787841797
8	20	15.0	18	[6, 7, 18, 3, 21, 12, 19, 14]	0.006564140319824219
8	25	16.0	18	[6, 7, 18, 3, 21, 12, 19, 14]	0.013230085372924805
8	1	3.0	4	[11, 23, 12]	0.005323171615600586
8	5	3.0	4	[11, 23, 12]	0.002386808395385742
8	10	3.0	4	[11, 23, 12]	0.002340555191040039
8	15	3.0	4	[11, 23, 12]	0.004729032516479492
8	20	3.0	4	[11, 23, 12]	0.004450321197509766
8	25	3.0	4	[11, 23, 12]	0.00494837760925293
8	1	15.0	9	[16, 10, 3, 21, 12]	0.004419565200805664
8	5	15.0	9	[16, 10, 3, 21, 12]	0.004090785980224609
8	10	15.0	9	[16, 10, 3, 21, 12]	0.003557443618774414
8	15	15.0	9	[16, 10, 3, 21, 12]	0.003654003143310547
8	20	12.0	9	[16, 10, 3, 21, 12]	0.0036344528198242188
8	25	9.0	10	[16, 10, 3, 21, 12]	0.0042874813079833984
8	1	28.0	26	[19, 12, 21, 3, 18, 7, 6, 13, 20, 0, 5, 22]	0.011539936065673828
8	5	28.0	26	[19, 12, 21, 3, 18, 7, 6, 13, 20, 0, 5, 22]	0.012960195541381836
8	10	33.0	27	[19, 12, 21, 3, 18, 7, 6, 13, 20, 0, 5, 22]	0.010564565658569336
8	15	33.0	27	[19, 12, 21, 3, 18, 7, 6, 13, 20, 0, 5, 22]	0.01004338264465332
8	20	51.0	42	[19, 14, 16, 10, 3, 21, 12, 15, 2, 17, 9, 18, 7, 6, 13, 20, 0, 5, 22]	0.013153553009033203
8	25	34.0	27	[19, 12, 15, 10, 3, 21, 12, 23, 11, 20, 0, 5, 22]	0.010179758071899414
8	1	68.0	54	[3, 5, 22, 8, 16, 10, 15, 12, 21, 12, 19, 14, 16, 1, 4, 1, 4, 3, 18, 7, 6, 13, 20, 0]	0.0194551944732666
8	5	48.0	37	[3, 21, 12, 19, 14, 16, 10, 15, 2, 17, 9, 18, 7, 6, 13, 20, 0]	0.01607537269592285
8	10	28.0	21	[3, 21, 12, 15, 10, 16, 8, 22, 5, 0]	0.0063784122467041016
8	15	49.0	39	[3, 21, 12, 19, 14, 16, 10, 15, 2, 17, 9, 18, 7, 6, 13, 20, 0]	0.013895988464355469
8	20	42.0	39	[3, 21, 12, 19, 14, 16, 10, 15, 2, 17, 9, 18, 7, 6, 13, 20, 0]	0.010198354721069336
8	25	40.0	37	[3, 21, 12, 19, 14, 16, 10, 15, 2, 17, 9, 18, 11, 23, 11, 20, 0]	0.011033296585083008
8	1	24.0	25	[0, 20, 13, 6, 7, 18, 3, 21, 12, 19, 14]	0.0065155029296875
8	5	24.0	25	[0, 20, 13, 6, 7, 18, 3, 21, 12, 19, 14]	0.006818532943725586
8	10	29.0	26	[0, 20, 13, 6, 7, 18, 3, 21, 12, 19, 14]	0.0065708160400390625
8	15	29.0	26	[0, 20, 13, 6, 7, 18, 3, 21, 12, 19, 14]	0.010930538177490234
8	20	22.0	26	[0, 20, 13, 6, 7, 18, 3, 21, 12, 19, 14]	0.008533477783203125
8	25	23.0	26	[0, 20, 13, 6, 7, 18, 3, 21, 12, 19, 14]	0.008211135864257812
8	1	5.0	5	[0, 20, 13]	0.0013766288757324219
8	5	5.0	5	[0, 20, 13]	0.0016422271728515625
8	10	5.0	5	[0, 20, 13]	0.0009636878967285156
8	15	5.0	5	[0, 20, 13]	0.0014371871948242188
8	20	5.0	5	[0, 20, 13]	0.0016677379608154297
8	25	5.0	5	[0, 20, 13]	0.00250244140625
8	1	45.0	31	[7, 18, 3, 21, 12, 19, 14, 16, 10, 15, 2, 17, 9, 18, 11]	0.012081384658813477
8	5	65.0	47	[7, 18, 3, 21, 12, 19, 14, 16, 10, 15, 2, 17, 9, 17, 9, 17, 9, 17, 2, 17, 9, 18, 11]	0.013579607009887695
8	10	59.0	52	[7, 18, 3, 21, 12, 19, 14, 16, 10, 15, 2, 17, 9, 17, 2, 15, 2, 17, 2, 15, 2, 15, 12, 23, 11]	0.01773357391357422
8	15	47.0	42	[7, 18, 3, 21, 12, 19, 14, 16, 10, 15, 2, 17, 9, 17, 9, 17, 9, 18, 11]	0.013669729232788086
8	20	53.0	55	[7, 18, 3, 21, 12, 19, 14, 16, 10, 15, 2, 17, 9, 17, 9, 17, 2, 17, 2, 15, 2, 15, 10, 3, 5]	0.018451213836669922
8	25	36.0	33	[7, 18, 3, 21, 12, 19, 14, 16, 10, 15, 2, 17, 9, 18, 11]	0.014948606491088867
8	1	15.0	12	[9, 18, 3, 21, 12, 19]	0.005301952362060547
8	5	15.0	12	[9, 18, 3, 21, 12, 19]	0.00490880012512207
8	10	11.0	13	[9, 18, 3, 21, 12, 19]	0.005734682083129883
8	15	11.0	13	[9, 18, 3, 21, 12, 19]	0.0036449432373046875
8	20	6.0	13	[9, 18, 3, 21, 12, 19]	0.0040204524993896484
8	25	9.0	13	[9, 18, 3, 21, 12, 19]	0.005196571350097656
9	1	24.0	17	[13, 20, 0, 5, 3, 21, 12, 19, 14]	0.011820793151855469
9	5	24.0	17	[13, 20, 0, 5, 3, 21, 12, 19, 14]	0.018636703491210938
9	10	26.0	18	[13, 20, 0, 5, 3, 21, 12, 19, 14]	0.0368189811706543
9	15	26.0	18	[13, 20, 0, 5, 3, 21, 12, 19, 14]	0.02083110809326172
9	20	25.0	19	[13, 20, 0, 5, 3, 21, 12, 19, 14]	0.012896299362182617
9	25	24.0	20	[13, 20, 0, 5, 3, 21, 12, 19, 14]	0.015269041061401367
9	1	79.0	58	[13, 20, 0, 5, 3, 21, 12, 19, 14, 16, 10, 15, 2, 17, 9, 18, 7, 6, 13, 6, 7, 18, 11, 23, 12]	0.04160332679748535
9	5	84.0	60	[13, 20, 0, 5, 3, 21, 12, 19, 14, 16, 10, 15, 2, 17, 9, 18, 7, 6, 13, 6, 7, 6, 13, 6, 13]	0.03870058059692383
9	10	97.0	55	[13, 6, 7, 18, 3, 21, 12, 19, 14, 16, 10, 15, 2, 17, 9, 17, 9, 17, 9, 17, 2, 17, 9, 18, 11]	0.03446793556213379
9	15	77.0	61	[13, 20, 0, 5, 3, 21, 12, 19, 14, 16, 10, 15, 2, 17, 9, 18, 7, 6, 7, 6, 7, 6, 7, 18, 11]	0.045563459396362305
9	20	69.0	63	[13, 20, 0, 5, 3, 21, 12, 19, 14, 16, 10, 15, 2, 17, 9, 18, 7, 6, 7, 6, 13, 6, 13, 6, 7]	0.07665729522705078
9	25	70.0	55	[13, 6, 7, 18, 3, 21, 12, 19, 14, 16, 10, 15, 2, 17, 9, 18, 11, 23, 11, 20, 0, 5, 22]	0.04900479316711426
9	1	10.0	8	[20, 0, 5, 3, 21]	0.008288860321044922
9	5	10.0	8	[20, 0, 5, 3, 21]	0.010185480117797852
9	10	10.0	8	[20, 0, 5, 3, 21]	0.010306835174560547
9	15	10.0	8	[20, 0, 5, 3, 21]	0.013917207717895508
9	20	9.0	9	[20, 0, 5, 3, 21]	0.009447336196899414
9	25	11.0	10	[20, 0, 5, 3, 21]	0.006547689437866211
9	1	20.0	12	[9, 18, 3, 21, 12, 19, 14]	0.011383295059204102
9	5	20.0	12	[9, 18, 3, 21, 12, 19, 14]	0.010302543640136719
9	10	22.0	13	[9, 18, 3, 21, 12, 19, 14]	0.011565685272216797
9	15	37.0	29	[9, 18, 7, 6, 13, 20, 0, 5, 3, 21, 12, 19, 14]	0.01968836784362793
9	20	22.0	13	[9, 18, 3, 21, 12, 19, 14]	0.010729074478149414
9	25	20066.0	20048	[9, 18, 3, 5, 22, 8, 16, 1, 4, 1, 16, 10, 15, 12, 21, 3, 5, 0, 20, 13, 6, 7, 18, 11, 23]	0.031588077545166016
9	1	57.0	40	[22, 5, 3, 21, 12, 19, 14, 16, 10, 15, 2, 17, 9, 18, 7, 6, 13, 20]	0.028035640716552734
9	5	18.0	18	[22, 5, 3, 18, 7, 6, 13, 20]	0.013730287551879883
9	10	58.0	41	[22, 5, 3, 21, 12, 19, 14, 16, 10, 15, 2, 17, 9, 18, 7, 6, 13, 20]	0.02719712257385254
9	15	54.0	42	[22, 5, 3, 21, 12, 19, 14, 16, 10, 15, 2, 17, 9, 18, 7, 6, 13, 20]	0.02505803108215332
9	20	53.0	43	[22, 5, 3, 21, 12, 19, 14, 16, 10, 15, 2, 17, 9, 18, 7, 6, 13, 20]	0.032533884048461914
9	25	51.0	43	[22, 5, 3, 21, 12, 19, 14, 16, 10, 15, 2, 17, 9, 18, 7, 6, 13, 20]	0.02292323112487793
9	1	10.0	8	[20, 0, 5, 3, 21]	0.0059621334075927734
9	5	10.0	8	[20, 0, 5, 3, 21]	0.007157325744628906
9	10	10.0	8	[20, 0, 5, 3, 21]	0.00809335708618164
9	15	10.0	8	[20, 0, 5, 3, 21]	0.0073773860931396484
9	20	9.0	9	[20, 0, 5, 3, 21]	0.005324363708496094
9	25	11.0	10	[20, 0, 5, 3, 21]	0.005021572113037109
9	1	54.0	34	[6, 7, 18, 3, 21, 12, 19, 14, 16, 10, 15, 2, 17, 9, 18, 11]	0.024053096771240234
9	5	64.0	38	[6, 7, 18, 3, 21, 12, 19, 14, 16, 10, 15, 2, 17, 9, 17, 9, 18, 11]	0.023428916931152344
9	10	86.0	55	[6, 7, 18, 3, 21, 12, 19, 14, 16, 1, 4, 1, 16, 10, 15, 2, 17, 9, 17, 2, 15, 10, 16, 8, 22]	0.02491307258605957
9	15	80.0	59	[6, 7, 18, 3, 21, 12, 19, 14, 16, 10, 15, 2, 17, 9, 17, 2, 17, 2, 17, 2, 15, 12, 23, 11]	0.026776552200317383
9	20	53.0	36	[6, 7, 18, 3, 21, 12, 19, 14, 16, 10, 15, 2, 17, 9, 18, 11]	0.020071983337402344
9	25	51.0	37	[6, 7, 18, 3, 21, 12, 19, 14, 16, 10, 15, 2, 17, 9, 18, 11]	0.018820762634277344
9	1	7.0	4	[21, 12, 19]	0.002093791961669922
9	5	7.0	4	[21, 12, 19]	0.0020554065704345703
9	10	9.0	5	[21, 12, 19]	0.0020914077758789062
9	15	9.0	5	[21, 12, 19]	0.002398967742919922
9	20	9.0	5	[21, 12, 19]	0.002925395965576172
9	25	6.0	5	[21, 12, 19]	0.003500699996948242
9	1	27.0	19	[22, 5, 3, 21, 12, 19, 14, 16, 10, 15]	0.014639139175415039
9	5	27.0	19	[22, 5, 3, 21, 12, 19, 14, 16, 10, 15]	0.012916803359985352
9	10	29.0	20	[22, 5, 3, 21, 12, 19, 14, 16, 10, 15]	0.01273488998413086
9	15	29.0	20	[22, 5, 3, 21, 12, 19, 14, 16, 10, 15]	0.013210773468017578
9	20	28.0	21	[22, 5, 3, 21, 12, 19, 14, 16, 10, 15]	0.011862993240356445
9	25	25.0	21	[22, 5, 3, 21, 12, 19, 14, 16, 10, 15]	0.014020442962646484
9	1	39.0	28	[16, 10, 3, 21, 12, 19, 14, 22, 5, 0, 20, 13, 6, 7]	0.020747661590576172
9	5	39.0	28	[16, 10, 3, 21, 12, 19, 14, 22, 5, 0, 20, 13, 6, 7]	0.014490127563476562
9	10	41.0	29	[16, 10, 3, 21, 12, 19, 14, 22, 5, 0, 20, 13, 6, 7]	0.01927042007446289
9	15	36.0	23	[16, 10, 3, 21, 12, 15, 2, 17, 9, 18, 7]	0.013159990310668945
9	20	36.0	29	[16, 10, 3, 21, 12, 19, 14, 22, 5, 0, 20, 13, 6, 7]	0.017177820205688477
9	25	35.0	31	[16, 10, 3, 21, 12, 19, 14, 22, 5, 0, 20, 13, 6, 7]	0.016646623611450195
9	1	33.0	24	[9, 18, 7, 6, 13, 20, 0, 5, 3, 21, 12]	0.013746500015258789
9	5	13.0	8	[9, 18, 3, 21, 12]	0.005655527114868164
9	10	24.0	22	[9, 18, 7, 6, 13, 20, 11, 23, 12]	0.009153604507446289
9	15	21.0	19	[9, 18, 3, 5, 22, 8, 16, 10, 15, 12]	0.009540081024169922
9	20	13.0	8	[9, 18, 3, 21, 12]	0.006287574768066406
9	25	13.0	8	[9, 18, 3, 21, 12]	0.005031585693359375
9	1	9.0	7	[23, 12, 21, 3]	0.003919363021850586
9	5	9.0	7	[23, 12, 21, 3]	0.003509044647216797
9	10	9.0	7	[23, 12, 21, 3]	0.0039234161376953125
9	15	9.0	7	[23, 12, 21, 3]	0.0048067569732666016
9	20	9.0	7	[23, 12, 21, 3]	0.003981590270996094
9	25	10.0	7	[23, 12, 21, 3]	0.0039975643157958984
9	1	26.0	18	[16, 10, 3, 21, 12, 19, 14, 22, 5, 0]	0.015290260314941406
9	5	26.0	18	[16, 10, 3, 21, 12, 19, 14, 22, 5, 0]	0.011583566665649414
9	10	28.0	19	[16, 10, 3, 21, 12, 19, 14, 22, 5, 0]	0.01097726821899414
9	15	28.0	19	[16, 10, 3, 21, 12, 19, 14, 22, 5, 0]	0.00931549072265625
9	20	27.0	19	[16, 10, 3, 21, 12, 19, 14, 22, 5, 0]	0.012214183807373047
9	25	24.0	20	[16, 10, 3, 21, 12, 19, 14, 22, 5, 0]	0.00944066047668457
9	1	8.0	6	[18, 3, 21, 12]	0.0032434463500976562
9	5	8.0	6	[18, 3, 21, 12]	0.0033888816833496094
9	10	8.0	6	[18, 3, 21, 12]	0.0046427249908447266
9	15	8.0	6	[18, 3, 21, 12]	0.003438711166381836
9	20	8.0	6	[18, 3, 21, 12]	0.0034880638122558594
9	25	8.0	6	[18, 3, 21, 12]	0.0046443939208984375
9	1	2.0	2	[3, 21]	0.0013628005981445312
9	5	2.0	2	[3, 21]	0.0013740062713623047
9	10	2.0	2	[3, 21]	0.001222372055053711
9	15	2.0	2	[3, 21]	0.0012307167053222656
9	20	2.0	2	[3, 21]	0.00130462646484375
9	25	2.0	2	[3, 21]	0.0013344287872314453
9	1	3.0	3	[2, 15]	0.0010464191436767578
9	5	3.0	3	[2, 15]	0.0010039806365966797
9	10	3.0	3	[2, 15]	0.0010941028594970703
9	15	3.0	4	[2, 15]	0.0010366439819335938
9	20	3.0	4	[2, 15]	0.0011467933654785156
9	25	3.0	4	[2, 15]	0.0009868144989013672
9	1	54.0	41	[21, 12, 19, 14, 16, 10, 15, 2, 17, 9, 18, 3, 5, 22, 8, 22, 5, 0, 20, 13]	0.025200366973876953
9	5	35.0	24	[21, 12, 19, 14, 16, 10, 3, 18, 7, 6, 13]	0.01406097412109375
9	10	37.0	25	[21, 12, 19, 14, 16, 10, 3, 18, 7, 6, 13]	0.014850139617919922
9	15	33.0	25	[21, 12, 19, 14, 16, 10, 3, 18, 7, 6, 13]	0.014088869094848633
9	20	33.0	25	[21, 12, 19, 14, 16, 10, 3, 18, 7, 6, 13]	0.012288331985473633
9	25	31.0	25	[21, 12, 19, 14, 16, 10, 3, 18, 7, 6, 13]	0.010188579559326172
9	1	52.0	39	[4, 3, 21, 12, 19, 14, 16, 8, 22, 5, 0, 20, 11, 23, 12, 15, 10, 15, 2]	0.023092269897460938
9	5	33.0	19	[4, 3, 21, 12, 19, 14, 16, 10, 15, 2]	0.01185464859008789
9	10	35.0	20	[4, 3, 21, 12, 19, 14, 16, 10, 15, 2]	0.01304769515991211
9	15	64.0	49	[4, 3, 21, 12, 15, 10, 16, 8, 22, 5, 0, 20, 13, 6, 7, 18, 11, 23, 11, 18, 9, 17, 2]	0.029642105102539062
9	20	35.0	20	[4, 3, 21, 12, 19, 14, 16, 10, 15, 2]	0.0123138427734375
9	25	32.0	20	[4, 3, 21, 12, 19, 14, 16, 10, 15, 2]	0.01072549819946289
9	1	8.0	4	[1, 16, 10]	0.0019588470458984375
9	5	8.0	4	[1, 16, 10]	0.002399444580078125
9	10	8.0	4	[1, 16, 10]	0.002155303955078125
9	15	8.0	4	[1, 16, 10]	0.0019407272338867188
9	20	8.0	4	[1, 16, 10]	0.0024034976959228516
9	25	8.0	4	[1, 16, 10]	0.0020799636840820312
9	1	63.0	39	[18, 3, 21, 12, 19, 14, 16, 10, 15, 2, 17, 9, 17, 9, 18, 7, 6, 13]	0.022999048233032227
9	5	53.0	35	[18, 3, 21, 12, 19, 14, 16, 10, 15, 2, 17, 9, 18, 7, 6, 13]	0.024135828018188477
9	10	75.0	53	[18, 3, 21, 12, 19, 14, 16, 10, 15, 2, 17, 9, 17, 2, 15, 12, 23, 11, 20, 0, 5, 22, 8, 22, 8]	0.029899120330810547
9	15	70.0	45	[18, 3, 21, 12, 19, 14, 16, 10, 15, 2, 17, 9, 17, 9, 17, 9, 18, 7, 6, 13]	0.026606082916259766
9	20	98.0	58	[18, 3, 21, 12, 19, 14, 16, 10, 15, 2, 17, 9, 17, 2, 17, 9, 17, 2, 17, 2, 17, 9, 17, 9, 17]	0.025295019149780273
9	25	10079.0	10053	[18, 3, 21, 12, 19, 14, 16, 10, 15, 2, 17, 9, 17, 9, 17, 2, 15, 2, 15, 10, 3, 5, 22, 8, 22]	0.03721952438354492
10	1	63.0	55	[16, 10, 3, 21, 12, 19, 14, 22, 5, 0, 20, 13, 6, 7, 18, 11, 23, 12, 15, 2, 17, 9, 18, 7, 18]	0.2005317211151123
10	5	66.0	54	[16, 10, 3, 21, 12, 19, 14, 22, 5, 0, 20, 13, 6, 7, 18, 11, 23, 12, 15, 2, 17, 9, 18, 3, 4]	0.22851324081420898
10	10	74.0	55	[16, 10, 3, 21, 12, 15, 2, 17, 9, 18, 7, 6, 13, 20, 0, 5, 22, 8, 22, 14, 19, 12, 23, 11, 20]	0.20294666290283203
10	15	53.0	40	[16, 14, 22, 5, 3, 21, 12, 19, 12, 15, 10, 16, 8, 22, 8, 16, 1, 4]	0.1459653377532959
10	20	67.0	57	[16, 10, 3, 21, 12, 19, 14, 22, 5, 0, 20, 13, 6, 7, 18, 11, 23, 12, 15, 2, 17, 9, 18, 7, 18]	0.17492389678955078
10	25	70.0	57	[16, 10, 3, 21, 12, 19, 14, 22, 5, 0, 20, 13, 6, 7, 18, 11, 23, 11, 18, 9, 17, 2, 15, 10, 16]	0.18639707565307617
10	1	34.0	23	[16, 10, 3, 21, 12, 19, 14, 22, 5, 0, 20]	0.10532402992248535
10	5	34.0	23	[16, 10, 3, 21, 12, 19, 14, 22, 5, 0, 20]	0.09177875518798828
10	10	46.0	41	[16, 10, 3, 21, 12, 19, 14, 22, 8, 16, 1, 4, 3, 18, 7, 6, 13, 20]	0.14487385749816895
10	15	36.0	23	[16, 10, 3, 21, 12, 19, 14, 22, 5, 0, 20]	0.08797407150268555
10	20	47.0	43	[16, 10, 3, 21, 12, 19, 14, 22, 8, 16, 1, 4, 3, 18, 7, 6, 13, 20]	0.15473365783691406
10	25	36.0	23	[16, 10, 3, 21, 12, 19, 14, 22, 5, 0, 20]	0.09944558143615723
10	1	71.0	56	[4, 3, 21, 12, 19, 14, 16, 10, 15, 2, 17, 9, 18, 7, 6, 13, 20, 0, 5, 22, 8, 22, 5, 3, 4]	0.20628809928894043
10	5	40.0	32	[4, 3, 21, 12, 19, 14, 16, 10, 15, 2, 17, 9, 18, 11, 23]	0.12866520881652832
10	10	66.0	55	[4, 3, 21, 12, 19, 14, 16, 10, 15, 2, 17, 9, 18, 7, 6, 13, 20, 0, 5, 22, 8, 16, 1, 16, 8]	0.21371769905090332
10	15	65.0	56	[4, 3, 21, 12, 19, 14, 16, 1, 4, 1, 16, 10, 15, 2, 17, 9, 18, 7, 6, 13, 20, 0, 5, 22, 8]	0.1798717975616455
10	20	69.0	57	[4, 3, 21, 12, 19, 14, 16, 10, 15, 2, 17, 9, 18, 7, 6, 13, 20, 0, 5, 22, 8, 16, 1, 4, 1]	0.1898784637451172
10	25	68.0	58	[4, 3, 21, 12, 19, 14, 16, 10, 15, 2, 17, 9, 18, 7, 6, 13, 20, 0, 5, 22, 8, 16, 1, 4, 3]	0.1814877986907959
10	1	38.0	29	[12, 21, 3, 18, 7, 6, 13, 20, 0, 5, 22, 8, 16, 10]	0.11522889137268066
10	5	38.0	29	[12, 21, 3, 18, 7, 6, 13, 20, 0, 5, 22, 8, 16, 10]	0.10612702369689941
10	10	38.0	29	[12, 21, 3, 18, 7, 6, 13, 20, 0, 5, 22, 8, 16, 10]	0.11058616638183594
10	15	39.0	30	[12, 21, 3, 18, 7, 6, 13, 20, 0, 5, 22, 8, 16, 10]	0.09645462036132812
10	20	37.0	31	[12, 21, 3, 18, 7, 6, 13, 20, 0, 5, 22, 8, 16, 10]	0.11108565330505371
10	25	38.0	31	[12, 21, 3, 18, 7, 6, 13, 20, 0, 5, 22, 8, 16, 10]	0.10786986351013184
10	1	3.0	4	[6, 7, 18]	0.014285802841186523
10	5	3.0	4	[6, 7, 18]	0.012310504913330078
10	10	3.0	4	[6, 7, 18]	0.013409614562988281
10	15	4.0	5	[6, 7, 18]	0.011337518692016602
10	20	4.0	5	[6, 7, 18]	0.011316061019897461
10	25	4.0	5	[6, 7, 18]	0.01596379280090332
10	1	12.0	9	[20, 0, 5, 3, 21]	0.039336442947387695
10	5	12.0	9	[20, 0, 5, 3, 21]	0.04506254196166992
10	10	12.0	9	[20, 0, 5, 3, 21]	0.03427839279174805
10	15	14.0	9	[20, 0, 5, 3, 21]	0.028783798217773438
10	20	14.0	9	[20, 0, 5, 3, 21]	0.032550811767578125
10	25	14.0	9	[20, 0, 5, 3, 21]	0.030206918716430664
10	1	34.0	23	[2, 15, 10, 3, 21, 12, 19, 14, 16, 8, 22]	0.09253787994384766
10	5	36.0	26	[2, 15, 12, 21, 3, 18, 7, 6, 13, 20, 0, 5, 22]	0.10504627227783203
10	10	36.0	26	[2, 15, 12, 21, 3, 18, 7, 6, 13, 20, 0, 5, 22]	0.10813546180725098
10	15	37.0	27	[2, 15, 12, 21, 3, 18, 7, 6, 13, 20, 0, 5, 22]	0.08862137794494629
10	20	35.0	28	[2, 15, 12, 21, 3, 18, 7, 6, 13, 20, 0, 5, 22]	0.09125614166259766
10	25	35.0	29	[2, 15, 12, 21, 3, 18, 7, 6, 13, 20, 0, 5, 22]	0.08898615837097168
10	1	6.0	5	[21, 12, 19]	0.015068531036376953
10	5	6.0	5	[21, 12, 19]	0.016853809356689453
10	10	6.0	5	[21, 12, 19]	0.018860816955566406
10	15	6.0	5	[21, 12, 19]	0.017986536026000977
10	20	6.0	5	[21, 12, 19]	0.019281625747680664
10	25	6.0	5	[21, 12, 19]	0.01664590835571289
10	1	57.0	44	[5, 3, 21, 12, 19, 14, 16, 10, 15, 2, 17, 9, 18, 7, 6, 13, 20, 0, 5, 22]	0.15347743034362793
10	5	69.0	57	[5, 3, 21, 12, 19, 14, 16, 10, 15, 2, 17, 9, 18, 7, 6, 13, 20, 0, 20, 11, 23, 12, 19, 14, 22]	0.17664575576782227
10	10	63.0	56	[5, 3, 21, 12, 19, 14, 16, 10, 15, 2, 17, 9, 18, 7, 6, 13, 20, 11, 23, 11, 18, 11, 20, 0, 5]	0.18471670150756836
10	15	2.0	2	[5, 22]	0.0065114498138427734
10	20	60.0	45	[5, 3, 21, 12, 19, 14, 16, 10, 15, 2, 17, 9, 18, 7, 6, 13, 20, 0, 5, 22]	0.1704561710357666
10	25	71.0	57	[5, 3, 21, 12, 19, 14, 16, 10, 15, 2, 17, 9, 18, 7, 6, 13, 20, 0, 20, 11, 23, 12, 15, 12, 15]	0.16855859756469727
10	1	47.0	36	[1, 16, 10, 3, 21, 12, 19, 14, 22, 5, 0, 20, 13, 6, 7, 18, 9]	0.1447300910949707
10	5	68.0	49	[1, 16, 10, 3, 18, 7, 6, 13, 20, 0, 5, 22, 8, 16, 14, 19, 12, 21, 12, 15, 2, 17, 9]	0.19409990310668945
10	10	58.0	50	[1, 16, 10, 3, 21, 12, 19, 14, 22, 5, 0, 20, 13, 6, 7, 18, 11, 23, 12, 15, 2, 17, 9]	0.1700594425201416
10	15	61.0	51	[1, 16, 10, 3, 21, 12, 19, 14, 22, 5, 0, 20, 13, 6, 7, 18, 11, 23, 12, 15, 2, 17, 9]	0.18365120887756348
10	20	63.0	56	[1, 16, 10, 3, 21, 12, 19, 14, 22, 5, 0, 20, 13, 6, 7, 18, 11, 23, 11, 20, 0, 20, 11, 23, 11]	0.1947801113128662
10	25	60.0	52	[1, 16, 10, 3, 21, 12, 19, 14, 22, 5, 0, 20, 13, 6, 7, 18, 11, 23, 12, 15, 2, 17, 9]	0.17881321907043457
10	1	70.0	55	[8, 22, 14, 16, 10, 3, 21, 12, 19, 14, 16, 1, 4, 3, 18, 7, 6, 13, 20, 0, 5, 3, 21, 12, 15]	0.18924641609191895
10	5	66.0	51	[8, 22, 5, 3, 21, 12, 19, 14, 16, 10, 15, 2, 17, 9, 18, 7, 6, 13, 20, 0, 20, 11, 23]	0.16739749908447266
10	10	73.0	56	[8, 22, 5, 3, 21, 12, 19, 14, 16, 10, 15, 2, 17, 9, 18, 7, 6, 13, 20, 0, 5, 22, 5, 3, 4]	0.17064547538757324
10	15	76.0	56	[8, 22, 5, 3, 21, 12, 19, 14, 16, 10, 15, 2, 17, 9, 18, 7, 6, 13, 20, 0, 5, 0, 20, 11, 23]	0.20020604133605957
10	20	62.0	48	[8, 22, 5, 3, 21, 12, 19, 14, 16, 10, 15, 2, 17, 9, 18, 7, 6, 13, 20, 11, 23]	0.1684865951538086
10	25	68.0	53	[8, 22, 5, 3, 21, 12, 19, 14, 16, 10, 15, 2, 17, 9, 18, 7, 6, 13, 20, 0, 20, 11, 23]	0.18207430839538574
10	1	29.0	22	[2, 15, 12, 21, 3, 18, 7, 6, 13, 20, 0]	0.0767052173614502
10	5	29.0	22	[2, 15, 12, 21, 3, 18, 7, 6, 13, 20, 0]	0.07343602180480957
10	10	29.0	22	[2, 15, 12, 21, 3, 18, 7, 6, 13, 20, 0]	0.08886837959289551
10	15	30.0	23	[2, 15, 12, 21, 3, 18, 7, 6, 13, 20, 0]	0.08637356758117676
10	20	28.0	24	[2, 15, 12, 21, 3, 18, 7, 6, 13, 20, 0]	0.07076478004455566
10	25	28.0	25	[2, 15, 12, 21, 3, 18, 7, 6, 13, 20, 0]	0.06362175941467285
10	1	19.0	15	[0, 20, 13, 6, 7, 18, 3, 21]	0.05569267272949219
10	5	19.0	15	[0, 20, 13, 6, 7, 18, 3, 21]	0.06974244117736816
10	10	19.0	20	[0, 20, 13, 6, 7, 18, 11, 23, 12, 21]	0.07869100570678711
10	15	22.0	16	[0, 20, 13, 6, 7, 18, 3, 21]	0.06351280212402344
10	20	22.0	16	[0, 20, 13, 6, 7, 18, 3, 21]	0.05749630928039551
10	25	22.0	16	[0, 20, 13, 6, 7, 18, 3, 21]	0.06655240058898926
10	1	7.0	6	[6, 7, 18, 3]	0.021059274673461914
10	5	7.0	6	[6, 7, 18, 3]	0.021570682525634766
10	10	7.0	6	[6, 7, 18, 3]	0.01908564567565918
10	15	8.0	7	[6, 7, 18, 3]	0.016434192657470703
10	20	8.0	7	[6, 7, 18, 3]	0.018364667892456055
10	25	8.0	7	[6, 7, 18, 3]	0.019771575927734375
10	1	37.0	35	[12, 21, 3, 4, 1, 16, 8, 22, 5, 0, 20, 13, 6, 7, 18, 11, 23]	0.11207938194274902
10	5	57.0	45	[12, 21, 3, 18, 7, 6, 13, 20, 0, 5, 22, 8, 16, 10, 15, 2, 17, 9, 18, 11, 23]	0.14233160018920898
10	10	63.0	50	[12, 21, 3, 18, 7, 6, 13, 20, 0, 5, 22, 8, 16, 10, 15, 2, 17, 9, 17, 9, 18, 11, 23]	0.16533732414245605
10	15	22.0	21	[12, 21, 3, 18, 7, 6, 13, 20, 11, 23]	0.06775641441345215
10	20	62.0	52	[12, 21, 3, 18, 7, 6, 13, 20, 0, 5, 22, 8, 16, 10, 15, 2, 17, 9, 17, 9, 18, 11, 23]	0.31586480140686035
10	25	64.0	44	[12, 15, 10, 3, 21, 3, 18, 7, 6, 13, 20, 0, 5, 22, 8, 16, 14, 19, 12, 23]	0.15607523918151855
10	1	41.0	27	[20, 0, 5, 3, 21, 12, 19, 14, 16, 10, 15, 2, 17]	0.11499905586242676
10	5	41.0	27	[20, 0, 5, 3, 21, 12, 19, 14, 16, 10, 15, 2, 17]	0.11092948913574219
10	10	58.0	47	[20, 13, 6, 7, 18, 3, 21, 12, 19, 14, 16, 1, 4, 3, 5, 22, 8, 16, 10, 15, 2, 17]	0.16770005226135254
10	15	43.0	27	[20, 0, 5, 3, 21, 12, 19, 14, 16, 10, 15, 2, 17]	0.12072086334228516
10	20	43.0	27	[20, 0, 5, 3, 21, 12, 19, 14, 16, 10, 15, 2, 17]	0.11748790740966797
10	25	56.0	41	[20, 0, 5, 22, 8, 16, 10, 3, 21, 12, 19, 14, 16, 1, 4, 3, 18, 9, 17]	0.13849544525146484
10	1	8.0	5	[16, 10, 3]	0.017557382583618164
10	5	8.0	5	[16, 10, 3]	0.01789999008178711
10	10	8.0	5	[16, 10, 3]	0.016717910766601562
10	15	8.0	5	[16, 10, 3]	0.017748355865478516
10	20	8.0	5	[16, 10, 3]	0.015524625778198242
10	25	8.0	5	[16, 10, 3]	0.01581597328186035
10	1	37.0	27	[1, 16, 10, 3, 21, 12, 19, 14, 22, 5, 0, 20, 11]	0.11850666999816895
10	5	44.0	36	[1, 16, 10, 3, 21, 12, 19, 14, 22, 5, 0, 20, 13, 6, 7, 18, 11]	0.128007173538208
10	10	44.0	36	[1, 16, 10, 3, 21, 12, 19, 14, 22, 5, 0, 20, 13, 6, 7, 18, 11]	0.11642074584960938
10	15	47.0	37	[1, 16, 10, 3, 21, 12, 19, 14, 22, 5, 0, 20, 13, 6, 7, 18, 11]	0.12736153602600098
10	20	47.0	37	[1, 16, 10, 3, 21, 12, 19, 14, 22, 5, 0, 20, 13, 6, 7, 18, 11]	0.13885116577148438
10	25	47.0	37	[1, 16, 10, 3, 21, 12, 19, 14, 22, 5, 0, 20, 13, 6, 7, 18, 11]	0.13251471519470215
10	1	70.0	55	[7, 18, 3, 21, 12, 19, 14, 16, 10, 15, 2, 17, 9, 17, 2, 17, 9, 18, 11, 23, 11, 20, 0, 5, 22]	0.18965387344360352
10	5	68.0	54	[7, 18, 3, 10, 16, 8, 22, 5, 0, 20, 13, 6, 7, 18, 11, 23, 12, 21, 12, 19, 14, 22, 14, 16, 1]	0.20355486869812012
10	10	72.0	56	[7, 18, 3, 21, 12, 19, 14, 16, 10, 15, 2, 17, 9, 17, 2, 17, 9, 17, 9, 18, 11, 23, 12, 19, 12]	0.1773998737335205
10	15	76.0	55	[7, 18, 3, 21, 12, 19, 14, 16, 10, 15, 2, 17, 9, 17, 9, 18, 11, 23, 12, 19, 12, 21, 12, 21, 12]	0.19279217720031738
10	20	70.0	55	[7, 18, 3, 21, 12, 19, 14, 16, 10, 15, 2, 17, 9, 18, 11, 23, 11, 20, 0, 5, 22, 8, 16, 1, 4]	0.1995100975036621
10	25	75.0	57	[7, 18, 3, 21, 12, 19, 14, 16, 10, 15, 2, 17, 9, 18, 11, 23, 11, 20, 0, 5, 22, 8, 22, 8, 22]	0.2859196662902832
10	1	45.0	35	[23, 12, 21, 3, 18, 7, 6, 13, 20, 0, 5, 22, 8, 16, 10, 15]	0.1159811019897461
10	5	45.0	35	[23, 12, 21, 3, 18, 7, 6, 13, 20, 0, 5, 22, 8, 16, 10, 15]	0.12136340141296387
10	10	45.0	35	[23, 12, 21, 3, 18, 7, 6, 13, 20, 0, 5, 22, 8, 16, 10, 15]	0.1295795440673828
10	15	39.0	30	[23, 12, 21, 3, 18, 11, 20, 0, 5, 22, 8, 16, 10, 15]	0.13490557670593262
10	20	44.0	37	[23, 12, 21, 3, 18, 7, 6, 13, 20, 0, 5, 22, 8, 16, 10, 15]	0.14016485214233398
10	25	45.0	37	[23, 12, 21, 3, 18, 7, 6, 13, 20, 0, 5, 22, 8, 16, 10, 15]	0.12811017036437988
