Num of Nodes	BW	Delay	Num of Hops	Path	Execution Time (seconds)
5	1	56.0	50	[7, 6, 13, 20, 11, 23, 12, 21, 3, 5, 22, 8, 16, 10, 15, 2, 17, 9, 18, 11, 18, 11, 20, 0]	0.010492801666259766
5	5	55.0	53	[7, 6, 13, 20, 11, 23, 12, 21, 3, 5, 22, 8, 16, 10, 15, 2, 17, 9, 18, 7, 18, 9, 18, 9, 18]	0.007645845413208008
5	10	52.0	53	[7, 6, 13, 20, 11, 23, 12, 21, 3, 5, 22, 8, 16, 10, 15, 2, 17, 9, 18, 3, 4, 1, 4, 3, 21]	0.008346080780029297
5	15	10050.0	10051	[7, 6, 13, 20, 11, 23, 12, 21, 3, 5, 22, 8, 16, 10, 15, 2, 17, 9, 18, 7, 6, 13, 6, 7, 6]	0.010036945343017578
5	20	10046.0	10049	[7, 6, 13, 20, 11, 23, 12, 21, 3, 5, 22, 8, 16, 10, 15, 2, 17, 9, 18, 9, 18, 9, 17, 2, 15]	0.010712385177612305
5	25	10018.0	10018	[7, 6, 13, 20, 11, 23, 12, 21, 3, 5, 0]	0.006146907806396484
5	1	19.0	23	[2, 17, 9, 18, 3, 5, 22, 8, 16, 10, 15, 12]	0.004716396331787109
5	5	21.0	22	[2, 17, 9, 18, 3, 5, 22, 14, 16, 10, 15, 12]	0.005312681198120117
5	10	19.0	23	[2, 17, 9, 18, 3, 5, 22, 8, 16, 10, 15, 12]	0.0071871280670166016
5	15	10018.0	10020	[2, 17, 9, 18, 3, 5, 22, 8, 16, 10, 15, 12]	0.005272626876831055
5	20	10018.0	10020	[2, 17, 9, 18, 3, 5, 22, 8, 16, 10, 15, 12]	0.004495382308959961
5	25	10018.0	10020	[2, 17, 9, 18, 3, 5, 22, 8, 16, 10, 15, 12]	0.005624294281005859
5	1	45.0	36	[10, 3, 5, 22, 8, 16, 1, 4, 1, 4, 1, 16, 14, 19, 12, 23, 11]	0.004952192306518555
5	5	35.0	26	[10, 16, 1, 4, 3, 5, 0, 20, 13, 6, 7, 18, 11]	0.003648996353149414
5	10	27.0	27	[10, 3, 5, 22, 8, 16, 1, 4, 1, 4, 3, 18, 11]	0.0038690567016601562
5	15	10037.0	10028	[10, 3, 5, 22, 8, 16, 1, 4, 1, 16, 14, 19, 12, 23, 11]	0.0038068294525146484
5	20	10031.0	10023	[10, 3, 5, 22, 8, 16, 1, 4, 3, 21, 12, 23, 11]	0.003922700881958008
5	25	10037.0	10028	[10, 3, 5, 22, 8, 16, 1, 4, 1, 16, 14, 19, 12, 23, 11]	0.004756450653076172
5	1	53.0	51	[2, 15, 12, 23, 11, 18, 3, 5, 22, 8, 16, 10, 16, 1, 4, 3, 21, 3, 18, 7, 6, 13, 20, 0]	0.006554365158081055
5	5	57.0	51	[2, 17, 9, 18, 3, 5, 22, 8, 16, 10, 15, 12, 23, 11, 20, 13, 6, 7, 6, 7, 18, 11, 20, 0]	0.008113622665405273
5	10	52.0	55	[2, 17, 9, 18, 3, 5, 22, 8, 16, 10, 15, 12, 23, 11, 20, 13, 6, 7, 18, 7, 18, 7, 6, 13, 20]	0.008405208587646484
5	15	10055.0	10049	[2, 17, 9, 18, 3, 5, 22, 8, 16, 10, 15, 12, 23, 11, 20, 13, 6, 7, 6, 7, 6, 13, 6, 13, 20]	0.005871295928955078
5	20	10049.0	10050	[2, 17, 9, 18, 3, 5, 22, 8, 16, 10, 15, 12, 23, 11, 20, 13, 6, 7, 18, 7, 18, 9, 18, 9, 18]	0.010019063949584961
5	25	10051.0	10049	[2, 17, 9, 18, 3, 5, 22, 8, 16, 10, 15, 12, 23, 11, 20, 13, 6, 7, 6, 13, 6, 7, 18, 3, 4]	0.006632089614868164
5	1	42.0	29	[5, 3, 10, 16, 1, 4, 1, 16, 8, 22, 14, 19, 12, 23]	0.005361318588256836
5	5	26.0	19	[5, 3, 10, 16, 1, 4, 3, 18, 11, 23]	0.004137516021728516
5	10	26.0	19	[5, 3, 10, 16, 1, 4, 3, 18, 11, 23]	0.004358530044555664
5	15	22.0	20	[5, 3, 10, 16, 1, 4, 3, 18, 11, 23]	0.0033414363861083984
5	20	22.0	20	[5, 3, 10, 16, 1, 4, 3, 18, 11, 23]	0.0033097267150878906
5	25	10014.0	10013	[5, 22, 8, 16, 10, 3, 18, 11, 23]	0.0030336380004882812
5	1	10.0	10	[16, 10, 3, 5, 22, 8]	0.0026171207427978516
5	5	10.0	10	[16, 10, 3, 5, 22, 8]	0.002739429473876953
5	10	10.0	10	[16, 10, 3, 5, 22, 8]	0.0020940303802490234
5	15	10.0	10	[16, 10, 3, 5, 22, 8]	0.0017056465148925781
5	20	10.0	10	[16, 10, 3, 5, 22, 8]	0.002135038375854492
5	25	10.0	10	[16, 10, 3, 5, 22, 8]	0.002192974090576172
5	1	67.0	53	[8, 22, 5, 3, 10, 16, 14, 19, 12, 23, 11, 18, 7, 6, 13, 20, 0, 20, 0, 5, 22, 8, 22, 14, 22]	0.006578683853149414
5	5	31.0	20	[8, 22, 5, 3, 10, 16, 14, 19, 12, 21]	0.003764629364013672
5	10	41.0	28	[8, 22, 5, 3, 10, 16, 1, 4, 3, 18, 11, 23, 12, 21]	0.0047607421875
5	15	10057.0	10051	[8, 22, 5, 3, 10, 16, 1, 4, 1, 16, 14, 19, 12, 23, 11, 18, 7, 6, 13, 20, 0, 20, 11, 18, 9]	0.007993221282958984
5	20	10057.0	10049	[8, 22, 5, 3, 10, 16, 1, 4, 1, 16, 14, 19, 12, 23, 11, 18, 7, 6, 13, 20, 0, 5, 3, 21]	0.008740901947021484
5	25	10036.0	10039	[8, 16, 10, 3, 5, 22, 14, 19, 12, 23, 11, 18, 7, 6, 13, 20, 0, 5, 3, 21]	0.008670568466186523
5	1	55.0	46	[15, 10, 3, 5, 22, 8, 16, 1, 4, 1, 4, 1, 16, 14, 19, 12, 23, 11, 18, 7, 6]	0.008113861083984375
5	5	48.0	48	[15, 12, 23, 11, 18, 3, 5, 22, 8, 16, 10, 16, 1, 4, 1, 4, 3, 21, 3, 18, 7, 6]	0.006673574447631836
5	10	69.0	54	[15, 12, 23, 11, 18, 3, 10, 16, 1, 4, 3, 5, 22, 8, 16, 14, 19, 14, 19, 14, 22, 5, 0, 20, 13]	0.007132291793823242
5	15	10042.0	10033	[15, 2, 17, 9, 18, 3, 5, 22, 8, 16, 10, 15, 12, 23, 11, 20, 13, 6]	0.0063669681549072266
5	20	10034.0	10034	[15, 12, 23, 11, 18, 3, 5, 22, 8, 16, 10, 15, 2, 17, 9, 18, 7, 6]	0.006143093109130859
5	25	10059.0	10053	[15, 12, 23, 11, 18, 3, 5, 22, 8, 16, 10, 16, 1, 4, 1, 4, 1, 16, 14, 19, 14, 19, 14, 19, 12]	0.005690097808837891
5	1	18.0	19	[18, 3, 5, 22, 8, 16, 10, 15, 12, 23]	0.005072593688964844
5	5	18.0	19	[18, 3, 5, 22, 8, 16, 10, 15, 12, 23]	0.004471778869628906
5	10	18.0	19	[18, 3, 5, 22, 8, 16, 10, 15, 12, 23]	0.0038285255432128906
5	15	10044.0	10043	[18, 3, 5, 22, 8, 16, 10, 15, 12, 19, 14, 16, 1, 4, 3, 21, 3, 10, 3, 18, 11, 23]	0.0073049068450927734
5	20	10016.0	10015	[18, 3, 5, 22, 8, 16, 10, 15, 12, 23]	0.0036377906799316406
5	25	10016.0	10015	[18, 3, 5, 22, 8, 16, 10, 15, 12, 23]	0.0038650035858154297
5	1	10.0	13	[5, 3, 4, 1, 16, 10, 15]	0.0027565956115722656
5	5	38.0	28	[5, 3, 10, 16, 1, 4, 3, 18, 11, 23, 12, 21, 12, 15]	0.004191875457763672
5	10	56.0	48	[5, 3, 10, 16, 1, 4, 3, 18, 11, 23, 12, 21, 3, 4, 1, 16, 8, 22, 14, 19, 12, 15]	0.006303071975708008
5	15	20059.0	20045	[5, 3, 10, 16, 1, 4, 1, 16, 14, 22, 8, 22, 8, 16, 14, 19, 12, 23, 11, 18, 9, 17, 2, 15]	0.005956172943115234
5	20	10042.0	10042	[5, 3, 10, 16, 1, 4, 3, 18, 11, 23, 12, 21, 3, 5, 22, 8, 22, 14, 19, 12, 15]	0.008325338363647461
5	25	10028.0	10025	[5, 3, 10, 16, 1, 4, 3, 18, 11, 23, 12, 21, 12, 15]	0.005565643310546875
5	1	25.0	24	[3, 5, 22, 8, 16, 10, 15, 12, 23, 11, 18, 7]	0.005758762359619141
5	5	25.0	24	[3, 5, 22, 8, 16, 10, 15, 12, 23, 11, 18, 7]	0.004843711853027344
5	10	25.0	24	[3, 5, 22, 8, 16, 10, 15, 12, 23, 11, 18, 7]	0.004096031188964844
5	15	10023.0	10020	[3, 5, 22, 8, 16, 10, 15, 12, 23, 11, 18, 7]	0.0043790340423583984
5	20	10023.0	10020	[3, 5, 22, 8, 16, 10, 15, 12, 23, 11, 18, 7]	0.003926753997802734
5	25	10023.0	10020	[3, 5, 22, 8, 16, 10, 15, 12, 23, 11, 18, 7]	0.004148721694946289
5	1	49.0	50	[21, 12, 23, 11, 18, 3, 5, 22, 8, 16, 10, 15, 2, 17, 9, 18, 7, 6, 13, 20, 0, 5, 22, 14]	0.009050369262695312
5	5	59.0	49	[21, 12, 23, 11, 18, 3, 5, 22, 8, 16, 1, 4, 3, 10, 15, 2, 17, 9, 17, 2, 15, 10, 16, 14]	0.006148576736450195
5	10	49.0	50	[21, 12, 23, 11, 18, 3, 5, 22, 8, 16, 10, 15, 2, 17, 9, 17, 9, 17, 2, 17, 2, 15, 10, 3, 4]	0.008836507797241211
5	15	10040.0	10041	[21, 12, 23, 11, 18, 3, 5, 22, 8, 16, 10, 15, 2, 17, 9, 17, 2, 15, 12, 19, 14]	0.0073740482330322266
5	20	10046.0	10049	[21, 12, 23, 11, 18, 3, 5, 22, 8, 16, 10, 15, 2, 17, 9, 18, 7, 6, 13, 20, 0, 5, 0, 20, 0]	0.008698225021362305
5	25	20055.0	20046	[21, 12, 23, 11, 18, 3, 5, 22, 8, 16, 10, 15, 2, 17, 9, 17, 2, 17, 9, 17, 2, 15, 10, 16, 1]	0.0063877105712890625
5	1	51.0	46	[17, 9, 18, 3, 5, 22, 8, 16, 10, 15, 12, 23, 11, 20, 13, 6, 7, 6, 7, 18, 3, 21]	0.006840229034423828
5	5	57.0	49	[17, 9, 18, 3, 5, 22, 8, 16, 10, 15, 12, 23, 11, 20, 13, 6, 7, 18, 9, 17, 2, 15, 12, 21]	0.007100343704223633
5	10	46.0	41	[17, 9, 18, 3, 5, 22, 8, 16, 10, 15, 12, 23, 11, 20, 13, 6, 7, 18, 3, 21]	0.008445501327514648
5	15	10051.0	10050	[17, 9, 18, 3, 5, 22, 8, 16, 10, 15, 12, 23, 11, 20, 13, 6, 7, 6, 7, 6, 13, 6, 7, 6, 7]	0.006524085998535156
5	20	10051.0	10042	[17, 9, 18, 3, 5, 22, 8, 16, 10, 15, 12, 23, 11, 20, 13, 6, 7, 18, 11, 23, 12, 21]	0.007503509521484375
5	25	10053.0	10048	[17, 9, 18, 3, 5, 22, 8, 16, 10, 15, 12, 23, 11, 20, 13, 6, 7, 6, 13, 20, 0, 20, 0, 5, 22]	0.008096694946289062
5	1	11.0	8	[12, 19, 14, 16, 10]	0.0013267993927001953
5	5	31.0	24	[12, 23, 11, 18, 7, 6, 13, 20, 0, 5, 3, 10]	0.0041429996490478516
5	10	20.0	19	[12, 23, 11, 18, 3, 5, 22, 8, 16, 10]	0.0036056041717529297
5	15	10030.0	10025	[12, 23, 11, 20, 13, 6, 7, 18, 3, 5, 22, 8, 16, 10]	0.00482487678527832
5	20	10018.0	10015	[12, 23, 11, 18, 3, 5, 22, 8, 16, 10]	0.004231929779052734
5	25	10018.0	10015	[12, 23, 11, 18, 3, 5, 22, 8, 16, 10]	0.004906415939331055
5	1	49.0	53	[21, 12, 23, 11, 18, 3, 5, 22, 8, 16, 10, 15, 2, 17, 9, 18, 7, 6, 13, 20, 0, 5, 3, 4, 1]	0.010560750961303711
5	5	38.0	40	[21, 12, 23, 11, 18, 3, 5, 22, 8, 16, 10, 15, 2, 17, 9, 17, 2, 15, 12, 19]	0.007957220077514648
5	10	46.0	52	[21, 12, 23, 11, 18, 3, 5, 22, 8, 16, 10, 15, 2, 17, 9, 17, 2, 15, 2, 17, 9, 18, 7, 6, 13]	0.009305953979492188
5	15	10047.0	10051	[21, 12, 23, 11, 18, 3, 5, 22, 8, 16, 10, 15, 2, 17, 9, 17, 2, 15, 2, 17, 9, 18, 7, 6, 13]	0.0101776123046875
5	20	10050.0	10052	[21, 12, 23, 11, 18, 3, 5, 22, 8, 16, 10, 15, 2, 17, 9, 17, 2, 17, 9, 17, 2, 17, 9, 18, 7]	0.008442401885986328
5	25	20046.0	20048	[21, 12, 23, 11, 18, 3, 5, 22, 8, 16, 10, 15, 2, 17, 9, 17, 2, 17, 9, 17, 9, 18, 7, 6, 13]	0.008182764053344727
5	1	36.0	32	[21, 12, 23, 11, 20, 13, 6, 7, 18, 3, 5, 22, 8, 16, 10]	0.0068094730377197266
5	5	22.0	21	[21, 3, 5, 22, 8, 16, 1, 4, 3, 10]	0.0026712417602539062
5	10	21.0	22	[21, 12, 23, 11, 18, 3, 5, 22, 8, 16, 10]	0.006659269332885742
5	15	10019.0	10018	[21, 12, 23, 11, 18, 3, 5, 22, 8, 16, 10]	0.005551576614379883
5	20	10019.0	10018	[21, 12, 23, 11, 18, 3, 5, 22, 8, 16, 10]	0.004731416702270508
5	25	20017.0	20014	[21, 12, 23, 11, 18, 3, 5, 22, 8, 16, 10]	0.005800008773803711
5	1	18.0	16	[23, 12, 21, 3, 5, 22, 8, 16]	0.0033271312713623047
5	5	18.0	16	[23, 12, 21, 3, 5, 22, 8, 16]	0.003722667694091797
5	10	18.0	16	[23, 12, 21, 3, 5, 22, 8, 16]	0.0044901371002197266
5	15	13.0	9	[23, 12, 19, 14, 16]	0.001739501953125
5	20	10012.0	10012	[23, 12, 21, 3, 5, 22, 8, 16]	0.003851652145385742
5	25	20010.0	20008	[23, 12, 21, 3, 5, 22, 8, 16]	0.004050016403198242
5	1	10.0	11	[10, 3, 5, 22, 8, 16]	0.003541707992553711
5	5	10.0	11	[10, 3, 5, 22, 8, 16]	0.002354860305786133
5	10	10.0	11	[10, 3, 5, 22, 8, 16]	0.003277301788330078
5	15	10008.0	10007	[10, 3, 5, 22, 8, 16]	0.0027866363525390625
5	20	10008.0	10007	[10, 3, 5, 22, 8, 16]	0.0032453536987304688
5	25	10008.0	10007	[10, 3, 5, 22, 8, 16]	0.005898237228393555
5	1	27.0	24	[20, 13, 6, 7, 18, 3, 5, 22, 8, 16, 10, 15]	0.02791595458984375
5	5	27.0	24	[20, 13, 6, 7, 18, 3, 5, 22, 8, 16, 10, 15]	0.04323935508728027
5	10	24.0	24	[20, 13, 6, 7, 18, 3, 5, 22, 8, 16, 10, 15]	0.0046765804290771484
5	15	10022.0	10020	[20, 13, 6, 7, 18, 3, 5, 22, 8, 16, 10, 15]	0.009177684783935547
5	20	10022.0	10020	[20, 13, 6, 7, 18, 3, 5, 22, 8, 16, 10, 15]	0.017473697662353516
5	25	10022.0	10020	[20, 13, 6, 7, 18, 3, 5, 22, 8, 16, 10, 15]	0.08043622970581055
5	1	13.0	8	[15, 12, 23, 11, 18]	0.002524852752685547
5	5	27.0	27	[15, 10, 3, 5, 22, 8, 16, 1, 4, 1, 4, 3, 18]	0.013540506362915039
5	10	13.0	8	[15, 12, 23, 11, 18]	0.0025882720947265625
5	15	13.0	8	[15, 12, 23, 11, 18]	0.0024776458740234375
5	20	13.0	8	[15, 12, 23, 11, 18]	0.0031447410583496094
5	25	13.0	8	[15, 12, 23, 11, 18]	0.0015325546264648438
6	1	79.0	51	[19, 12, 23, 11, 18, 3, 5, 22, 8, 16, 10, 15, 2, 17, 9, 18, 7, 6, 13, 20, 0, 5, 22, 14, 22]	0.01382136344909668
6	5	75.0	51	[19, 12, 23, 11, 18, 3, 5, 22, 8, 16, 10, 15, 2, 17, 9, 18, 7, 6, 13, 20, 0, 5, 0, 20, 11]	0.011749982833862305
6	10	70.0	56	[19, 12, 23, 11, 18, 3, 5, 22, 8, 16, 10, 15, 2, 17, 9, 18, 7, 6, 13, 20, 0, 5, 3, 21, 12]	0.012219905853271484
6	15	69.0	58	[19, 12, 23, 11, 18, 3, 5, 22, 8, 16, 10, 15, 2, 17, 9, 18, 7, 6, 13, 20, 0, 5, 22, 14, 19]	0.01105356216430664
6	20	74.0	56	[19, 12, 23, 11, 18, 3, 5, 22, 8, 16, 10, 15, 2, 17, 9, 17, 2, 15, 10, 3, 21, 3, 4, 1]	0.01020503044128418
6	25	10041.0	10029	[19, 12, 23, 11, 18, 3, 5, 22, 8, 16, 14, 22, 8, 16, 1]	0.004700422286987305
6	1	34.0	25	[4, 3, 5, 22, 8, 16, 10, 15, 12, 23, 11, 18]	0.008394479751586914
6	5	34.0	25	[4, 3, 5, 22, 8, 16, 10, 15, 12, 23, 11, 18]	0.007476329803466797
6	10	33.0	26	[4, 3, 5, 22, 8, 16, 10, 15, 12, 23, 11, 18]	0.00693821907043457
6	15	33.0	26	[4, 3, 5, 22, 8, 16, 10, 15, 12, 23, 11, 18]	0.007284402847290039
6	20	35.0	27	[4, 3, 5, 22, 8, 16, 10, 15, 12, 23, 11, 18]	0.0064508914947509766
6	25	48.0	34	[4, 3, 10, 16, 1, 16, 8, 22, 5, 0, 20, 13, 6, 7, 18]	0.006551980972290039
6	1	70.0	50	[13, 6, 7, 18, 3, 5, 22, 8, 16, 10, 15, 12, 23, 11, 20, 0, 5, 22, 14, 19, 14, 16, 1, 4]	0.011635303497314453
6	5	76.0	52	[13, 6, 7, 18, 3, 5, 22, 8, 16, 10, 15, 12, 23, 11, 20, 0, 5, 3, 21, 12, 19, 14, 22, 8, 16]	0.008453369140625
6	10	10048.0	10036	[13, 6, 7, 18, 9, 17, 2, 15, 12, 23, 11, 20, 0, 5, 3, 10, 16, 1, 4]	0.007599830627441406
6	15	56.0	46	[13, 6, 7, 18, 11, 23, 12, 21, 3, 5, 22, 8, 16, 10, 15, 2, 17, 9, 18, 3, 4]	0.009688138961791992
6	20	77.0	55	[13, 6, 7, 18, 3, 5, 22, 8, 16, 10, 15, 12, 23, 11, 20, 0, 20, 11, 20, 11, 20, 0, 20, 13, 20]	0.0056095123291015625
6	25	10062.0	10049	[13, 6, 7, 18, 3, 5, 22, 8, 16, 10, 15, 12, 23, 11, 20, 0, 20, 11, 23, 12, 21, 3, 4]	0.008783340454101562
6	1	48.0	31	[9, 18, 3, 5, 22, 8, 16, 10, 15, 12, 23, 11, 20, 13, 6]	0.007293701171875
6	5	48.0	31	[9, 18, 3, 5, 22, 8, 16, 10, 15, 12, 23, 11, 20, 13, 6]	0.009180068969726562
6	10	45.0	33	[9, 18, 3, 5, 22, 8, 16, 10, 15, 12, 23, 11, 20, 13, 6]	0.00773167610168457
6	15	45.0	33	[9, 18, 3, 5, 22, 8, 16, 10, 15, 12, 23, 11, 20, 13, 6]	0.008913993835449219
6	20	44.0	32	[9, 18, 3, 5, 22, 14, 16, 8, 22, 5, 0, 20, 13, 6]	0.005247592926025391
6	25	10044.0	10031	[9, 18, 3, 5, 22, 8, 16, 10, 15, 12, 23, 11, 20, 13, 6]	0.006361961364746094
6	1	77.0	51	[17, 9, 18, 3, 5, 22, 8, 16, 10, 15, 12, 23, 11, 20, 13, 6, 7, 18, 11, 20, 0, 20, 0, 5, 22]	0.010484933853149414
6	5	70.0	45	[17, 9, 18, 3, 5, 22, 8, 16, 10, 15, 12, 23, 11, 20, 13, 6, 7, 18, 11, 18, 3, 21]	0.009010076522827148
6	10	75.0	55	[17, 9, 18, 3, 5, 22, 8, 16, 10, 15, 12, 23, 11, 20, 13, 6, 7, 6, 13, 20, 0, 20, 13, 6, 13]	0.00727534294128418
6	15	66.0	56	[17, 9, 18, 3, 5, 22, 8, 16, 10, 15, 12, 23, 11, 20, 13, 6, 7, 18, 7, 6, 7, 6, 13, 6, 7]	0.009038686752319336
6	20	20067.0	20050	[17, 9, 18, 3, 5, 22, 8, 16, 10, 15, 12, 23, 11, 20, 13, 6, 7, 6, 7, 18, 9, 18, 9, 18, 7]	0.008395195007324219
6	25	18.0	13	[17, 9, 18, 11, 23, 12, 21]	0.0031251907348632812
6	1	9.0	4	[8, 22, 5]	0.0011494159698486328
6	5	9.0	4	[8, 22, 5]	0.001074075698852539
6	10	9.0	4	[8, 22, 5]	0.0017981529235839844
6	15	9.0	4	[8, 22, 5]	0.002035856246948242
6	20	9.0	4	[8, 22, 5]	0.0011365413665771484
6	25	9.0	4	[8, 22, 5]	0.001157522201538086
6	1	72.0	51	[8, 22, 5, 3, 10, 16, 1, 4, 3, 18, 11, 23, 12, 21, 3, 5, 0, 20, 13, 6, 7, 18, 9, 17, 2]	0.011100530624389648
6	5	29.0	24	[8, 22, 5, 3, 10, 16, 1, 4, 1, 16, 14, 19]	0.004609823226928711
6	10	29.0	26	[8, 22, 5, 3, 10, 16, 1, 4, 1, 16, 14, 19]	0.004815578460693359
6	15	29.0	26	[8, 22, 5, 3, 10, 16, 1, 4, 1, 16, 14, 19]	0.0044672489166259766
6	20	35.0	35	[8, 22, 5, 3, 10, 16, 1, 4, 1, 4, 1, 16, 14, 19]	0.004868984222412109
6	25	32.0	29	[8, 22, 5, 3, 10, 16, 1, 4, 1, 16, 14, 19]	0.0048673152923583984
6	1	39.0	26	[12, 23, 11, 18, 3, 5, 22, 8, 16, 10, 15, 2, 17]	0.006331682205200195
6	5	39.0	26	[12, 23, 11, 18, 3, 5, 22, 8, 16, 10, 15, 2, 17]	0.00611424446105957
6	10	34.0	29	[12, 23, 11, 18, 3, 5, 22, 8, 16, 10, 15, 2, 17]	0.0058383941650390625
6	15	34.0	29	[12, 23, 11, 18, 3, 5, 22, 8, 16, 10, 15, 2, 17]	0.005427122116088867
6	20	47.0	39	[12, 23, 11, 20, 13, 6, 7, 18, 3, 5, 22, 8, 16, 10, 15, 2, 17]	0.007874250411987305
6	25	10033.0	10027	[12, 23, 11, 18, 3, 5, 22, 8, 16, 10, 15, 2, 17]	0.005501747131347656
6	1	59.0	47	[15, 12, 23, 11, 18, 3, 5, 22, 8, 16, 10, 3, 21, 12, 19, 14, 19, 12, 19, 12, 15, 2]	0.00876307487487793
6	5	74.0	52	[15, 12, 23, 11, 18, 3, 5, 22, 8, 16, 10, 16, 1, 4, 1, 4, 3, 21, 12, 19, 14, 22, 5, 0, 20]	0.007310152053833008
6	10	33.0	28	[15, 12, 23, 11, 18, 3, 5, 22, 8, 16, 10, 15, 2]	0.004670381546020508
6	15	33.0	28	[15, 12, 23, 11, 18, 3, 5, 22, 8, 16, 10, 15, 2]	0.0043909549713134766
6	20	60.0	60	[15, 12, 23, 11, 18, 3, 5, 22, 8, 16, 10, 16, 1, 4, 1, 4, 1, 4, 1, 16, 14, 19, 12, 21, 12]	0.007459163665771484
6	25	10069.0	10054	[15, 12, 23, 11, 18, 3, 5, 22, 8, 16, 10, 16, 1, 4, 1, 16, 14, 19, 14, 22, 8, 16, 8, 16, 14]	0.007979869842529297
6	1	29.0	19	[16, 10, 3, 5, 22, 8, 22, 14, 19]	0.0037462711334228516
6	5	29.0	19	[16, 10, 3, 5, 22, 8, 22, 14, 19]	0.0024023056030273438
6	10	71.0	56	[16, 10, 3, 5, 22, 8, 16, 1, 4, 3, 18, 11, 23, 12, 21, 12, 15, 2, 17, 9, 17, 2, 17, 2, 15]	0.007274150848388672
6	15	28.0	20	[16, 10, 3, 5, 22, 8, 22, 14, 19]	0.0036611557006835938
6	20	64.0	59	[16, 10, 3, 5, 22, 8, 16, 1, 4, 1, 4, 3, 18, 11, 23, 12, 21, 12, 15, 2, 17, 9, 18, 7, 6]	0.009868144989013672
6	25	10025.0	10017	[16, 10, 3, 5, 22, 8, 22, 14, 19]	0.003470182418823242
6	1	39.0	28	[5, 3, 10, 16, 1, 4, 1, 16, 14, 22, 8, 16, 10, 15]	0.006050586700439453
6	5	31.0	27	[5, 3, 10, 16, 1, 4, 3, 18, 11, 23, 12, 21, 12, 15]	0.006409406661987305
6	10	34.0	31	[5, 3, 10, 16, 1, 4, 3, 18, 11, 23, 12, 21, 3, 10, 15]	0.006905794143676758
6	15	64.0	55	[5, 22, 8, 16, 10, 3, 18, 11, 23, 12, 21, 3, 4, 1, 4, 3, 5, 0, 20, 13, 6, 7, 6, 7, 6]	0.010772705078125
6	20	73.0	59	[5, 3, 10, 16, 1, 4, 3, 18, 11, 23, 12, 21, 3, 4, 1, 16, 8, 22, 14, 19, 14, 19, 14, 22, 14]	0.008869409561157227
6	25	73.0	62	[5, 3, 10, 16, 1, 4, 1, 16, 8, 22, 14, 19, 12, 23, 11, 18, 7, 6, 13, 20, 0, 5, 3, 21, 3]	0.013652801513671875
6	1	28.0	19	[19, 12, 23, 11, 18, 3, 5, 22, 8, 16]	0.0065877437591552734
6	5	28.0	19	[19, 12, 23, 11, 18, 3, 5, 22, 8, 16]	0.0039215087890625
6	10	10050.0	10042	[19, 12, 23, 11, 18, 3, 5, 0, 20, 13, 6, 7, 6, 7, 18, 9, 17, 2, 15, 10, 16]	0.008620738983154297
6	15	25.0	21	[19, 12, 23, 11, 18, 3, 5, 22, 8, 16]	0.0036525726318359375
6	20	27.0	22	[19, 12, 23, 11, 18, 3, 5, 22, 8, 16]	0.004601955413818359
6	25	10024.0	10018	[19, 12, 23, 11, 18, 3, 5, 22, 8, 16]	0.004871368408203125
6	1	27.0	19	[15, 12, 23, 11, 18, 3, 5, 22, 8, 16]	0.0034151077270507812
6	5	26.0	21	[15, 12, 23, 11, 20, 0, 5, 3, 4, 1, 16]	0.005292177200317383
6	10	24.0	21	[15, 12, 23, 11, 18, 3, 5, 22, 8, 16]	0.0038466453552246094
6	15	24.0	21	[15, 12, 23, 11, 18, 3, 5, 22, 8, 16]	0.004140138626098633
6	20	26.0	22	[15, 12, 23, 11, 18, 3, 5, 22, 8, 16]	0.004920244216918945
6	25	10023.0	10018	[15, 12, 23, 11, 18, 3, 5, 22, 8, 16]	0.004473447799682617
6	1	49.0	35	[6, 13, 20, 11, 23, 12, 21, 3, 5, 22, 8, 16, 10, 15, 2, 17, 9]	0.011022329330444336
6	5	79.0	52	[6, 13, 20, 11, 18, 3, 5, 22, 8, 16, 10, 15, 12, 23, 11, 20, 0, 5, 3, 21, 12, 19, 14, 22, 14]	0.009075403213500977
6	10	46.0	37	[6, 13, 20, 11, 23, 12, 21, 3, 5, 22, 8, 16, 10, 15, 2, 17, 9]	0.010175466537475586
6	15	46.0	37	[6, 13, 20, 11, 23, 12, 21, 3, 5, 22, 8, 16, 10, 15, 2, 17, 9]	0.01020503044128418
6	20	48.0	38	[6, 13, 20, 11, 23, 12, 21, 3, 5, 22, 8, 16, 10, 15, 2, 17, 9]	0.00945425033569336
6	25	10045.0	10035	[6, 13, 20, 11, 23, 12, 21, 3, 5, 22, 8, 16, 10, 15, 2, 17, 9]	0.008873939514160156
6	1	50.0	43	[9, 18, 3, 5, 0, 20, 13, 6, 7, 6, 13, 6, 7, 18, 11, 23, 12, 21, 3, 10, 16]	0.006680727005004883
6	5	22.0	13	[9, 18, 3, 5, 22, 8, 16]	0.004587888717651367
6	10	47.0	40	[9, 18, 3, 5, 0, 20, 13, 6, 7, 6, 13, 20, 11, 23, 12, 21, 3, 10, 16]	0.005960226058959961
6	15	19.0	15	[9, 18, 3, 5, 22, 8, 16]	0.0035200119018554688
6	20	19.0	15	[9, 18, 3, 5, 22, 8, 16]	0.0035505294799804688
6	25	10016.0	10011	[9, 18, 3, 5, 22, 8, 16]	0.003278017044067383
6	1	39.0	26	[12, 23, 11, 18, 3, 5, 22, 8, 16, 10, 15, 2, 17]	0.006004810333251953
6	5	39.0	26	[12, 23, 11, 18, 3, 5, 22, 8, 16, 10, 15, 2, 17]	0.005945920944213867
6	10	34.0	29	[12, 23, 11, 18, 3, 5, 22, 8, 16, 10, 15, 2, 17]	0.006916999816894531
6	15	34.0	29	[12, 23, 11, 18, 3, 5, 22, 8, 16, 10, 15, 2, 17]	0.005743741989135742
6	20	36.0	30	[12, 23, 11, 18, 3, 5, 22, 8, 16, 10, 15, 2, 17]	0.006064414978027344
6	25	10033.0	10027	[12, 23, 11, 18, 3, 5, 22, 8, 16, 10, 15, 2, 17]	0.006779909133911133
6	1	56.0	36	[21, 12, 23, 11, 18, 3, 5, 22, 8, 16, 10, 15, 2, 17, 9, 18, 7, 6]	0.006107807159423828
6	5	56.0	36	[21, 12, 23, 11, 18, 3, 5, 22, 8, 16, 10, 15, 2, 17, 9, 18, 7, 6]	0.006583452224731445
6	10	59.0	45	[21, 12, 23, 11, 18, 3, 5, 22, 8, 16, 10, 15, 2, 17, 9, 17, 9, 18, 7, 6]	0.005878448486328125
6	15	59.0	45	[21, 12, 23, 11, 18, 3, 5, 22, 8, 16, 10, 15, 2, 17, 9, 17, 9, 18, 7, 6]	0.00613856315612793
6	20	51.0	42	[21, 12, 23, 11, 18, 3, 5, 22, 8, 16, 10, 15, 2, 17, 9, 18, 7, 6]	0.00659489631652832
6	25	10088.0	10052	[21, 12, 23, 11, 18, 3, 5, 22, 8, 16, 10, 15, 2, 17, 9, 17, 9, 17, 9, 17, 2, 17, 9, 17, 2]	0.0059773921966552734
6	1	71.0	49	[16, 10, 3, 5, 22, 8, 16, 1, 4, 3, 18, 11, 23, 12, 21, 3, 21, 12, 15, 2, 17, 9, 18, 7]	0.011028766632080078
6	5	63.0	45	[16, 10, 3, 5, 22, 8, 16, 1, 4, 3, 18, 11, 23, 12, 21, 12, 15, 2, 17, 9, 18, 7]	0.0072023868560791016
6	10	57.0	45	[16, 10, 3, 5, 22, 8, 16, 1, 4, 3, 18, 11, 23, 12, 21, 3, 21, 3, 18, 7]	0.006349802017211914
6	15	48.0	49	[16, 10, 3, 5, 22, 8, 16, 1, 4, 1, 4, 1, 16, 14, 19, 12, 23, 11, 18, 7]	0.007873058319091797
6	20	65.0	59	[16, 10, 3, 5, 22, 8, 16, 1, 4, 1, 4, 1, 4, 3, 18, 11, 23, 12, 21, 12, 15, 2, 17, 9, 18]	0.009684562683105469
6	25	10022.0	10017	[16, 10, 3, 5, 0, 20, 13, 6, 7]	0.004575490951538086
6	1	69.0	53	[11, 18, 3, 5, 22, 8, 16, 10, 15, 12, 23, 12, 21, 3, 4, 1, 16, 14, 19, 12, 23, 11, 20, 13, 6]	0.008246183395385742
6	5	40.0	28	[11, 23, 12, 21, 3, 5, 22, 8, 16, 10, 15, 2, 17, 9]	0.007116079330444336
6	10	37.0	30	[11, 23, 12, 21, 3, 5, 22, 8, 16, 10, 15, 2, 17, 9]	0.006371021270751953
6	15	37.0	30	[11, 23, 12, 21, 3, 5, 22, 8, 16, 10, 15, 2, 17, 9]	0.0076868534088134766
6	20	39.0	31	[11, 23, 12, 21, 3, 5, 22, 8, 16, 10, 15, 2, 17, 9]	0.009820699691772461
6	25	10036.0	10028	[11, 23, 12, 21, 3, 5, 22, 8, 16, 10, 15, 2, 17, 9]	0.009673833847045898
6	1	40.0	29	[0, 5, 3, 10, 16, 1, 4, 3, 21, 12, 23, 11, 18, 7, 6]	0.0058896541595458984
6	5	59.0	49	[0, 5, 3, 10, 16, 1, 4, 1, 4, 3, 18, 11, 23, 12, 21, 3, 10, 15, 2, 17, 9, 18, 7, 6]	0.009685993194580078
6	10	11.0	7	[0, 20, 13, 6]	0.0012979507446289062
6	15	50.0	42	[0, 5, 3, 10, 16, 1, 4, 1, 16, 8, 22, 14, 19, 12, 23, 11, 18, 7, 6]	0.010075092315673828
6	20	54.0	49	[0, 5, 3, 10, 16, 1, 4, 3, 18, 11, 23, 12, 21, 12, 15, 2, 17, 9, 18, 7, 6]	0.011684656143188477
6	25	66.0	60	[0, 5, 3, 18, 11, 23, 12, 21, 12, 15, 10, 16, 1, 4, 3, 4, 1, 4, 3, 10, 15, 2, 17, 9, 17]	0.007689714431762695
7	1	26.0	22	[1, 16, 10, 3, 5, 22, 8, 22, 14, 19]	0.04687905311584473
7	5	26.0	22	[1, 16, 10, 3, 5, 22, 8, 16, 14, 19]	0.012499094009399414
7	10	26.0	22	[1, 16, 10, 3, 5, 22, 8, 22, 14, 19]	0.005815029144287109
7	15	50.0	48	[1, 16, 10, 15, 12, 23, 11, 18, 7, 6, 13, 20, 0, 5, 3, 21, 3, 4, 3, 21, 12, 19]	0.021177053451538086
7	20	22.0	23	[1, 16, 10, 3, 5, 22, 8, 22, 14, 19]	0.005023002624511719
7	25	22.0	23	[1, 16, 10, 3, 5, 22, 8, 22, 14, 19]	0.004938602447509766
7	1	61.0	59	[2, 17, 9, 18, 3, 5, 22, 8, 16, 10, 15, 12, 23, 11, 20, 13, 6, 7, 6, 13, 6, 7, 6, 13, 6]	0.011645317077636719
7	5	62.0	59	[2, 17, 9, 18, 3, 5, 22, 8, 16, 10, 15, 12, 23, 11, 20, 13, 6, 7, 6, 13, 6, 7, 18, 11, 20]	0.00961446762084961
7	10	66.0	56	[2, 17, 9, 18, 3, 5, 22, 8, 16, 10, 15, 12, 23, 11, 20, 13, 6, 7, 18, 11, 20, 0, 20, 13, 6]	0.011740684509277344
7	15	61.0	59	[2, 17, 9, 18, 3, 5, 22, 8, 16, 10, 15, 12, 23, 11, 20, 13, 6, 7, 18, 7, 6, 7, 18, 11, 18]	0.011988162994384766
7	20	53.0	53	[2, 17, 9, 18, 3, 5, 22, 8, 16, 10, 15, 12, 23, 11, 20, 13, 6, 7, 18, 11, 23, 12, 21]	0.015287637710571289
7	25	52.0	66	[2, 17, 9, 18, 3, 5, 22, 8, 16, 10, 15, 12, 23, 11, 20, 13, 6, 7, 6, 7, 6, 13, 6, 7, 6]	0.011328935623168945
7	1	7.0	8	[6, 13, 20, 11]	0.0036749839782714844
7	5	7.0	8	[6, 13, 20, 11]	0.00208282470703125
7	10	7.0	8	[6, 13, 20, 11]	0.002046823501586914
7	15	7.0	8	[6, 13, 20, 11]	0.0023665428161621094
7	20	7.0	8	[6, 13, 20, 11]	0.0019631385803222656
7	25	7.0	9	[6, 13, 20, 11]	0.0020751953125
7	1	5.0	9	[0, 5, 3, 10, 16]	0.0021839141845703125
7	5	5.0	9	[0, 5, 3, 10, 16]	0.003582477569580078
7	10	5.0	9	[0, 5, 3, 10, 16]	0.0022132396697998047
7	15	5.0	9	[0, 5, 3, 10, 16]	0.0025289058685302734
7	20	5.0	9	[0, 5, 3, 10, 16]	0.0033986568450927734
7	25	5.0	9	[0, 5, 3, 10, 16]	0.0031549930572509766
7	1	15.0	14	[20, 13, 6, 7, 18, 3, 4]	0.003211498260498047
7	5	75.0	55	[20, 13, 6, 7, 18, 3, 5, 22, 8, 16, 10, 15, 12, 23, 11, 18, 9, 17, 2, 17, 9, 17, 2, 17, 2]	0.009072303771972656
7	10	69.0	56	[20, 13, 6, 7, 18, 3, 5, 22, 8, 16, 10, 15, 12, 23, 11, 18, 9, 17, 2, 15, 12, 21, 12, 19, 14]	0.009593486785888672
7	15	65.0	55	[20, 13, 6, 7, 18, 3, 5, 22, 8, 16, 10, 15, 12, 23, 11, 23, 11, 23, 11, 23, 12, 21, 12, 19, 14]	0.010382890701293945
7	20	65.0	56	[20, 13, 6, 7, 18, 3, 5, 22, 8, 16, 10, 15, 12, 23, 11, 18, 9, 17, 2, 17, 9, 18, 11, 23, 11]	0.008365154266357422
7	25	64.0	58	[20, 13, 6, 7, 18, 3, 5, 0, 5, 22, 8, 16, 10, 15, 12, 23, 11, 18, 9, 17, 2, 17, 9, 18, 9]	0.013150215148925781
7	1	21.0	17	[22, 8, 16, 10, 3, 5, 0, 20]	0.004840850830078125
7	5	21.0	17	[22, 8, 16, 10, 3, 5, 0, 20]	0.0044405460357666016
7	10	21.0	17	[22, 8, 16, 10, 3, 5, 0, 20]	0.003970623016357422
7	15	21.0	17	[22, 8, 16, 10, 3, 5, 0, 20]	0.004676342010498047
7	20	18.0	17	[22, 8, 16, 10, 3, 5, 0, 20]	0.0035643577575683594
7	25	18.0	17	[22, 8, 16, 10, 3, 5, 0, 20]	0.0045468807220458984
7	1	45.0	38	[17, 9, 18, 3, 5, 22, 8, 16, 10, 15, 12, 23, 11, 20, 13, 6, 7]	0.008042335510253906
7	5	45.0	38	[17, 9, 18, 3, 5, 22, 8, 16, 10, 15, 12, 23, 11, 20, 13, 6, 7]	0.00967717170715332
7	10	45.0	38	[17, 9, 18, 3, 5, 22, 8, 16, 10, 15, 12, 23, 11, 20, 13, 6, 7]	0.007084369659423828
7	15	44.0	39	[17, 9, 18, 3, 5, 22, 14, 16, 10, 15, 12, 23, 11, 20, 13, 6, 7]	0.0067081451416015625
7	20	41.0	39	[17, 9, 18, 3, 5, 22, 8, 16, 10, 15, 12, 23, 11, 20, 13, 6, 7]	0.0072824954986572266
7	25	39.0	41	[17, 9, 18, 3, 5, 22, 8, 16, 10, 15, 12, 23, 11, 20, 13, 6, 7]	0.010790348052978516
7	1	40.0	27	[21, 12, 23, 11, 18, 3, 5, 22, 8, 16, 10, 15, 2]	0.00885629653930664
7	5	40.0	27	[21, 12, 23, 11, 18, 3, 5, 22, 8, 16, 10, 15, 2]	0.007232666015625
7	10	40.0	27	[21, 12, 23, 11, 18, 3, 5, 22, 8, 16, 10, 15, 2]	0.006300926208496094
7	15	62.0	55	[21, 12, 15, 10, 3, 5, 22, 8, 16, 1, 4, 1, 16, 14, 19, 14, 22, 5, 0, 20, 13, 6, 7, 18, 11]	0.01008152961730957
7	20	36.0	28	[21, 12, 23, 11, 18, 3, 5, 22, 8, 16, 10, 15, 2]	0.0050067901611328125
7	25	36.0	28	[21, 12, 23, 11, 18, 3, 5, 22, 8, 16, 10, 15, 2]	0.00483393669128418
7	1	30.0	32	[0, 5, 3, 10, 16, 1, 4, 1, 4, 3, 18, 11, 23, 12, 21]	0.006775379180908203
7	5	33.0	37	[0, 5, 3, 10, 16, 1, 4, 1, 4, 1, 4, 3, 18, 11, 23, 12, 21]	0.008446216583251953
7	10	60.0	53	[0, 5, 3, 10, 15, 12, 23, 11, 18, 7, 6, 13, 20, 0, 20, 13, 20, 13, 20, 0, 20, 13, 20, 11, 18]	0.005425930023193359
7	15	30.0	37	[0, 5, 3, 10, 16, 1, 4, 1, 4, 1, 4, 3, 18, 11, 23, 12, 21]	0.008047103881835938
7	20	46.0	58	[0, 5, 3, 10, 16, 14, 22, 8, 16, 1, 4, 1, 16, 8, 22, 14, 19, 12, 23, 11, 18, 7, 6, 13, 20]	0.009152889251708984
7	25	28.0	37	[0, 5, 3, 10, 16, 1, 4, 1, 4, 1, 4, 3, 18, 11, 23, 12, 21]	0.006282329559326172
7	1	18.0	14	[19, 12, 23, 11, 18, 3, 5]	0.003473043441772461
7	5	18.0	14	[19, 12, 23, 11, 18, 3, 5]	0.003228425979614258
7	10	18.0	14	[19, 12, 23, 11, 18, 3, 5]	0.0037322044372558594
7	15	18.0	14	[19, 12, 23, 11, 18, 3, 5]	0.0035181045532226562
7	20	18.0	14	[19, 12, 23, 11, 18, 3, 5]	0.0034401416778564453
7	25	18.0	14	[19, 12, 23, 11, 18, 3, 5]	0.0032913684844970703
7	1	45.0	43	[3, 5, 22, 8, 16, 10, 15, 12, 23, 11, 18, 7, 6, 13, 20, 0, 5, 3, 21]	0.008797883987426758
7	5	52.0	53	[3, 5, 22, 8, 16, 14, 19, 12, 23, 11, 18, 7, 6, 13, 20, 0, 5, 0, 20, 11, 23, 12, 21]	0.0074863433837890625
7	10	45.0	43	[3, 5, 22, 8, 16, 10, 15, 12, 23, 11, 18, 7, 6, 13, 20, 0, 5, 3, 21]	0.010443449020385742
7	15	60.0	49	[3, 5, 22, 8, 16, 10, 15, 12, 23, 11, 20, 13, 6, 7, 18, 9, 17, 2, 15, 10, 3, 21]	0.012393951416015625
7	20	46.0	49	[3, 5, 22, 8, 16, 10, 15, 12, 23, 11, 18, 7, 6, 13, 20, 0, 20, 11, 23, 12, 21]	0.00949549674987793
7	25	48.0	56	[3, 5, 22, 8, 16, 10, 15, 12, 23, 11, 18, 7, 6, 13, 20, 0, 20, 13, 20, 0, 5, 3, 21]	0.011363029479980469
7	1	30.0	23	[18, 3, 5, 22, 8, 16, 10, 15, 12, 23, 11]	0.005419254302978516
7	5	38.0	28	[18, 3, 5, 22, 8, 16, 10, 15, 12, 21, 12, 23, 11]	0.005682706832885742
7	10	30.0	23	[18, 3, 5, 22, 8, 16, 10, 15, 12, 23, 11]	0.005665302276611328
7	15	30.0	23	[18, 3, 5, 22, 8, 16, 10, 15, 12, 23, 11]	0.0049593448638916016
7	20	26.0	24	[18, 3, 5, 22, 8, 16, 10, 15, 12, 23, 11]	0.005828380584716797
7	25	26.0	24	[18, 3, 5, 22, 8, 16, 10, 15, 12, 23, 11]	0.005114555358886719
7	1	6.0	11	[5, 3, 10, 16, 1, 4]	0.0025606155395507812
7	5	6.0	11	[5, 3, 10, 16, 1, 4]	0.003168344497680664
7	10	6.0	11	[5, 3, 10, 16, 1, 4]	0.0025861263275146484
7	15	6.0	11	[5, 3, 10, 16, 1, 4]	0.0028769969940185547
7	20	6.0	11	[5, 3, 10, 16, 1, 4]	0.0031058788299560547
7	25	6.0	11	[5, 3, 10, 16, 1, 4]	0.0034079551696777344
7	1	13.0	10	[15, 12, 23, 11, 18, 3]	0.003099203109741211
7	5	13.0	10	[15, 12, 23, 11, 18, 3]	0.0025980472564697266
7	10	13.0	10	[15, 12, 23, 11, 18, 3]	0.003371000289916992
7	15	13.0	10	[15, 12, 23, 11, 18, 3]	0.002573251724243164
7	20	13.0	10	[15, 12, 23, 11, 18, 3]	0.0038480758666992188
7	25	13.0	10	[15, 12, 23, 11, 18, 3]	0.0032644271850585938
7	1	3.0	7	[0, 5, 3, 10]	0.002161264419555664
7	5	3.0	7	[0, 5, 3, 10]	0.003243684768676758
7	10	3.0	7	[0, 5, 3, 10]	0.0026710033416748047
7	15	3.0	7	[0, 5, 3, 10]	0.0025098323822021484
7	20	3.0	7	[0, 5, 3, 10]	0.0018110275268554688
7	25	3.0	7	[0, 5, 3, 10]	0.0021867752075195312
7	1	4.0	2	[13, 6]	0.0005867481231689453
7	5	4.0	2	[13, 6]	0.0008647441864013672
7	10	4.0	2	[13, 6]	0.0006215572357177734
7	15	4.0	2	[13, 6]	0.0008449554443359375
7	20	4.0	2	[13, 6]	0.0008373260498046875
7	25	4.0	2	[13, 6]	0.0006101131439208984
7	1	1.0	2	[12, 23]	0.0008137226104736328
7	5	1.0	2	[12, 23]	0.0007817745208740234
7	10	1.0	2	[12, 23]	0.0006420612335205078
7	15	1.0	2	[12, 23]	0.0006318092346191406
7	20	1.0	2	[12, 23]	0.0006916522979736328
7	25	1.0	2	[12, 23]	0.0006396770477294922
7	1	21.0	17	[20, 13, 6, 7, 18, 3, 5, 22]	0.003111600875854492
7	5	21.0	17	[20, 13, 6, 7, 18, 3, 5, 22]	0.0022614002227783203
7	10	21.0	17	[20, 13, 6, 7, 18, 3, 5, 22]	0.003885030746459961
7	15	21.0	17	[20, 13, 6, 7, 18, 3, 5, 22]	0.002997875213623047
7	20	21.0	17	[20, 13, 6, 7, 18, 3, 5, 22]	0.0027685165405273438
7	25	19.0	19	[20, 13, 6, 7, 18, 3, 5, 22]	0.003065347671508789
7	1	16.0	26	[5, 3, 10, 16, 1, 4, 1, 16, 8, 22, 14, 19]	0.005208492279052734
7	5	53.0	54	[5, 3, 21, 12, 23, 11, 18, 7, 6, 13, 20, 0, 20, 0, 20, 0, 20, 0, 20, 11, 20, 0, 5, 22, 8]	0.007162332534790039
7	10	68.0	55	[5, 3, 10, 16, 1, 4, 3, 18, 11, 23, 12, 21, 3, 21, 3, 10, 15, 2, 17, 9, 17, 9, 18, 7, 6]	0.010822057723999023
7	15	47.0	50	[5, 3, 4, 1, 16, 10, 15, 12, 23, 11, 18, 7, 6, 13, 20, 0, 5, 22, 8, 16, 14, 19]	0.00907754898071289
7	20	59.0	55	[5, 3, 21, 12, 23, 11, 18, 7, 6, 13, 20, 0, 20, 13, 6, 7, 18, 9, 17, 2, 15, 10, 16, 1, 4]	0.008429527282714844
7	25	46.0	57	[5, 3, 10, 15, 12, 23, 11, 18, 7, 6, 13, 20, 0, 5, 22, 8, 16, 1, 4, 3, 21, 3, 10, 3, 4]	0.010070562362670898
7	1	29.0	24	[22, 8, 16, 10, 3, 5, 0, 20, 13, 6, 7]	0.006544351577758789
7	5	29.0	24	[22, 8, 16, 10, 3, 5, 0, 20, 13, 6, 7]	0.0064547061920166016
7	10	29.0	24	[22, 8, 16, 10, 3, 5, 0, 20, 13, 6, 7]	0.007916927337646484
7	15	29.0	24	[22, 8, 16, 10, 3, 5, 0, 20, 13, 6, 7]	0.004957437515258789
7	20	26.0	24	[22, 8, 16, 10, 3, 5, 0, 20, 13, 6, 7]	0.006324052810668945
7	25	24.0	26	[22, 8, 16, 10, 3, 5, 0, 20, 13, 6, 7]	0.004512786865234375
8	1	10.0	9	[5, 3, 18, 11, 23]	0.0030503273010253906
8	5	36.0	30	[5, 3, 10, 16, 1, 4, 1, 4, 1, 4, 3, 18, 11, 23]	0.006882905960083008
8	10	57.0	43	[5, 3, 10, 16, 14, 22, 8, 22, 8, 22, 5, 0, 20, 13, 6, 7, 18, 11, 23]	0.010246753692626953
8	15	24.0	20	[5, 3, 10, 16, 1, 4, 3, 18, 11, 23]	0.005440235137939453
8	20	24.0	20	[5, 3, 10, 16, 1, 4, 3, 18, 11, 23]	0.006028175354003906
8	25	23.0	20	[5, 3, 10, 16, 1, 4, 3, 18, 11, 23]	0.007837772369384766
8	1	27.0	28	[13, 6, 7, 18, 11, 23, 12, 21, 3, 5, 22, 8, 16]	0.011476993560791016
8	5	18.0	19	[13, 6, 7, 18, 3, 5, 22, 8, 16]	0.008492708206176758
8	10	23.0	20	[13, 6, 7, 18, 3, 5, 22, 8, 16]	0.007376670837402344
8	15	21.0	21	[13, 6, 7, 18, 3, 5, 22, 8, 16]	0.008497238159179688
8	20	18.0	22	[13, 6, 7, 18, 3, 5, 22, 8, 16]	0.007912158966064453
8	25	32.0	38	[13, 6, 7, 18, 9, 17, 2, 15, 12, 23, 11, 20, 0, 5, 3, 10, 16]	0.014046192169189453
8	1	46.0	41	[3, 10, 16, 1, 4, 1, 16, 8, 22, 5, 0, 20, 13, 6, 7, 18, 11, 23, 12]	0.011990547180175781
8	5	27.0	15	[3, 5, 22, 8, 16, 10, 15, 12]	0.00507354736328125
8	10	27.0	15	[3, 5, 22, 8, 16, 10, 15, 12]	0.004769086837768555
8	15	25.0	16	[3, 5, 22, 8, 16, 10, 15, 12]	0.0048313140869140625
8	20	34.0	29	[3, 5, 22, 8, 16, 1, 4, 1, 4, 3, 10, 15, 12]	0.011444091796875
8	25	21.0	18	[3, 5, 22, 8, 16, 10, 15, 12]	0.005209207534790039
8	1	70.0	54	[3, 5, 22, 8, 16, 10, 15, 12, 23, 11, 18, 7, 6, 13, 20, 0, 5, 22, 14, 19, 14, 16, 1, 4, 1]	0.01763129234313965
8	5	50.0	41	[3, 5, 22, 8, 16, 10, 15, 12, 23, 11, 18, 7, 6, 13, 20, 0, 5, 3, 21]	0.013885021209716797
8	10	65.0	48	[3, 5, 22, 8, 16, 10, 15, 12, 23, 11, 18, 7, 6, 13, 20, 0, 5, 22, 14, 19, 12, 21]	0.017269611358642578
8	15	73.0	56	[3, 5, 22, 8, 16, 10, 15, 12, 23, 11, 18, 7, 6, 13, 20, 0, 5, 22, 14, 19, 14, 16, 1, 4, 1]	0.017577409744262695
8	20	70.0	57	[3, 5, 22, 8, 16, 10, 15, 12, 23, 11, 18, 7, 6, 13, 20, 0, 20, 0, 5, 22, 14, 19, 14, 19, 14]	0.01745891571044922
8	25	48.0	49	[3, 5, 22, 8, 16, 10, 15, 12, 23, 11, 18, 7, 6, 13, 20, 0, 20, 0, 5, 3, 21]	0.02177572250366211
8	1	65.0	47	[16, 10, 3, 5, 22, 8, 16, 1, 4, 1, 16, 14, 19, 12, 15, 2, 17, 9, 18, 11, 23, 12, 21]	0.021984577178955078
8	5	69.0	54	[16, 10, 3, 5, 22, 8, 16, 1, 4, 1, 16, 14, 19, 12, 23, 11, 18, 7, 6, 13, 20, 0, 5, 0, 20]	0.020278453826904297
8	10	53.0	39	[16, 14, 22, 8, 16, 10, 3, 5, 0, 20, 13, 6, 7, 18, 11, 23, 12, 21]	0.015153169631958008
8	15	58.0	59	[16, 8, 22, 5, 3, 10, 15, 12, 23, 11, 18, 7, 6, 13, 20, 0, 20, 11, 20, 13, 20, 0, 20, 13, 6]	0.019240379333496094
8	20	52.0	49	[16, 10, 3, 5, 22, 8, 16, 14, 19, 12, 23, 11, 18, 7, 6, 13, 20, 0, 5, 3, 21]	0.020316362380981445
8	25	38.0	34	[16, 10, 3, 5, 22, 8, 16, 1, 4, 3, 18, 11, 23, 12, 21]	0.015428781509399414
8	1	65.0	56	[3, 5, 22, 8, 16, 10, 15, 12, 23, 11, 18, 7, 6, 13, 20, 0, 20, 11, 20, 0, 20, 11, 20, 13, 20]	0.018831729888916016
8	5	55.0	46	[3, 5, 22, 8, 16, 10, 15, 12, 23, 11, 18, 7, 6, 13, 20, 0, 20, 11, 18, 9, 17, 2]	0.025046110153198242
8	10	74.0	56	[3, 5, 22, 8, 16, 10, 15, 12, 23, 11, 18, 7, 6, 13, 20, 0, 5, 3, 21, 12, 19, 14, 16, 1, 4]	0.0227353572845459
8	15	74.0	54	[3, 5, 22, 8, 16, 10, 15, 12, 23, 11, 18, 7, 6, 13, 20, 0, 20, 0, 5, 0, 20, 0, 20, 0, 20]	0.014048099517822266
8	20	61.0	63	[3, 5, 22, 8, 16, 10, 15, 12, 23, 11, 18, 7, 6, 13, 20, 0, 20, 13, 6, 13, 20, 13, 6, 7, 18]	0.018497943878173828
8	25	21.0	18	[3, 5, 22, 8, 16, 10, 15, 2]	0.007886409759521484
8	1	59.0	49	[10, 3, 5, 22, 8, 16, 1, 4, 3, 18, 11, 23, 12, 21, 3, 10, 15, 2, 17, 9, 18, 7, 6]	0.02128005027770996
8	5	35.0	30	[10, 3, 5, 22, 8, 16, 14, 19, 12, 23, 11, 18, 7, 6]	0.012474775314331055
8	10	51.0	44	[10, 3, 5, 22, 8, 16, 1, 4, 3, 18, 11, 23, 12, 21, 3, 21, 3, 18, 7, 6]	0.018086671829223633
8	15	50.0	55	[10, 3, 5, 22, 8, 16, 1, 4, 3, 18, 11, 23, 12, 21, 12, 15, 2, 17, 9, 17, 9, 17, 9, 17, 2]	0.019102811813354492
8	20	48.0	46	[10, 3, 5, 22, 8, 16, 1, 4, 3, 18, 11, 23, 12, 21, 3, 5, 0, 20, 13, 6]	0.013306617736816406
8	25	43.0	41	[10, 3, 5, 22, 8, 16, 1, 4, 1, 16, 14, 19, 12, 23, 11, 18, 7, 6]	0.014021158218383789
8	1	48.0	41	[1, 16, 10, 3, 5, 22, 8, 16, 14, 19, 12, 23, 11, 18, 7, 6, 13, 20, 0]	0.01885056495666504
8	5	48.0	41	[1, 16, 10, 3, 5, 22, 8, 16, 14, 19, 12, 23, 11, 18, 7, 6, 13, 20, 0]	0.017998695373535156
8	10	53.0	42	[1, 16, 10, 3, 5, 22, 8, 16, 14, 19, 12, 23, 11, 18, 7, 6, 13, 20, 0]	0.013391256332397461
8	15	51.0	43	[1, 16, 10, 3, 5, 22, 8, 16, 14, 19, 12, 23, 11, 18, 7, 6, 13, 20, 0]	0.014248132705688477
8	20	48.0	44	[1, 16, 10, 3, 5, 22, 8, 16, 14, 19, 12, 23, 11, 18, 7, 6, 13, 20, 0]	0.014761209487915039
8	25	43.0	45	[1, 16, 10, 3, 5, 22, 8, 22, 14, 19, 12, 23, 11, 18, 7, 6, 13, 20, 0]	0.015659332275390625
8	1	64.0	54	[23, 12, 21, 3, 5, 22, 8, 16, 10, 15, 2, 17, 9, 18, 11, 20, 13, 6, 7, 18, 9, 17, 9, 17, 9]	0.017071247100830078
8	5	59.0	56	[23, 12, 21, 3, 5, 22, 8, 16, 10, 15, 2, 17, 9, 18, 11, 20, 13, 6, 7, 6, 7, 6, 7, 18, 11]	0.015779495239257812
8	10	62.0	58	[23, 12, 21, 3, 5, 22, 8, 16, 10, 15, 2, 17, 9, 18, 7, 6, 13, 20, 11, 18, 7, 18, 3, 4, 1]	0.017953157424926758
8	15	62.0	57	[23, 12, 21, 3, 5, 22, 8, 16, 14, 19, 12, 15, 10, 16, 1, 4, 1, 16, 14, 22, 8, 16, 8, 16, 14]	0.01570296287536621
8	20	57.0	59	[23, 12, 21, 3, 5, 22, 8, 16, 10, 15, 2, 17, 9, 18, 7, 6, 13, 20, 11, 18, 3, 4, 1, 4, 3]	0.017503023147583008
8	25	55.0	59	[23, 12, 21, 3, 5, 22, 8, 16, 10, 15, 2, 17, 9, 18, 7, 6, 13, 20, 11, 18, 11, 23, 11, 18, 3]	0.017900705337524414
8	1	40.0	34	[13, 6, 7, 18, 3, 5, 22, 8, 16, 10, 15, 12, 23, 11, 20, 0]	0.013365745544433594
8	5	40.0	34	[13, 6, 7, 18, 3, 5, 22, 8, 16, 10, 15, 12, 23, 11, 20, 0]	0.011474847793579102
8	10	45.0	35	[13, 6, 7, 18, 3, 5, 22, 8, 16, 10, 15, 12, 23, 11, 20, 0]	0.012543678283691406
8	15	43.0	36	[13, 6, 7, 18, 3, 5, 22, 8, 16, 10, 15, 12, 23, 11, 20, 0]	0.011551856994628906
8	20	40.0	37	[13, 6, 7, 18, 3, 5, 22, 8, 16, 10, 15, 12, 23, 11, 20, 0]	0.011232614517211914
8	25	49.0	59	[13, 6, 7, 18, 3, 5, 22, 8, 16, 10, 15, 2, 17, 9, 17, 9, 17, 9, 17, 2, 15, 12, 23, 11, 20]	0.013217687606811523
8	1	65.0	56	[9, 18, 3, 5, 22, 8, 16, 10, 15, 12, 23, 11, 20, 13, 6, 7, 6, 7, 18, 3, 21, 12, 19, 14, 22]	0.0163271427154541
8	5	65.0	53	[9, 18, 3, 5, 22, 8, 16, 10, 15, 12, 23, 11, 20, 13, 6, 7, 18, 11, 18, 11, 23, 11, 18, 9, 17]	0.022008180618286133
8	10	71.0	56	[9, 18, 3, 5, 22, 8, 16, 10, 15, 12, 23, 11, 20, 13, 6, 7, 18, 11, 18, 11, 18, 11, 20, 0, 5]	0.016463041305541992
8	15	46.0	47	[9, 18, 3, 5, 22, 8, 16, 10, 15, 12, 23, 11, 20, 13, 6, 7, 18, 9, 17, 2]	0.01436305046081543
8	20	43.0	43	[9, 18, 7, 6, 13, 20, 11, 23, 12, 21, 3, 5, 22, 8, 16, 10, 15, 2]	0.014157533645629883
8	25	49.0	61	[9, 18, 3, 5, 22, 8, 16, 10, 15, 12, 23, 11, 20, 13, 6, 7, 18, 7, 18, 7, 18, 9, 17, 2]	0.015526771545410156
8	1	60.0	55	[6, 13, 20, 11, 23, 12, 21, 3, 5, 22, 8, 16, 10, 15, 2, 17, 9, 18, 7, 6, 13, 20, 0, 5, 3]	0.016783475875854492
8	5	54.0	58	[6, 13, 20, 11, 23, 12, 21, 3, 4, 1, 16, 10, 15, 2, 17, 9, 18, 7, 6, 7, 18, 7, 18, 7, 18]	0.014768838882446289
8	10	62.0	56	[6, 13, 20, 11, 23, 12, 21, 3, 5, 22, 8, 16, 10, 15, 2, 17, 9, 18, 7, 18, 3, 4, 1, 16, 14]	0.018656015396118164
8	15	64.0	61	[6, 13, 20, 11, 23, 12, 21, 3, 5, 22, 8, 16, 10, 15, 2, 17, 9, 18, 7, 6, 13, 6, 13, 6, 7]	0.020782470703125
8	20	61.0	62	[6, 13, 20, 11, 23, 12, 21, 3, 5, 22, 8, 16, 10, 15, 2, 17, 9, 18, 7, 6, 13, 6, 13, 6, 13]	0.017452239990234375
8	25	51.0	49	[6, 13, 20, 11, 18, 3, 5, 22, 8, 16, 10, 15, 12, 23, 12, 21, 3, 4, 1, 16, 14]	0.021051883697509766
8	1	30.0	19	[11, 18, 3, 5, 22, 8, 16, 10, 15, 12]	0.009914159774780273
8	5	3.0	4	[11, 23, 12]	0.002841472625732422
8	10	3.0	4	[11, 23, 12]	0.002107858657836914
8	15	3.0	4	[11, 23, 12]	0.002910614013671875
8	20	3.0	4	[11, 23, 12]	0.001829385757446289
8	25	3.0	4	[11, 23, 12]	0.0016791820526123047
8	1	40.0	28	[16, 10, 3, 5, 22, 8, 16, 1, 4, 3, 18, 11, 23, 12]	0.010784149169921875
8	5	40.0	28	[16, 10, 3, 5, 22, 8, 16, 1, 4, 3, 18, 11, 23, 12]	0.01185297966003418
8	10	40.0	28	[16, 10, 3, 5, 22, 8, 16, 1, 4, 3, 18, 11, 23, 12]	0.011745452880859375
8	15	41.0	30	[16, 10, 3, 5, 22, 8, 16, 1, 4, 1, 16, 14, 19, 12]	0.008564233779907227
8	20	43.0	35	[16, 10, 3, 5, 22, 8, 16, 1, 4, 1, 4, 3, 18, 11, 23, 12]	0.011980295181274414
8	25	26.0	23	[16, 10, 3, 5, 22, 8, 22, 14, 19, 12]	0.007763385772705078
8	1	31.0	25	[19, 12, 23, 11, 18, 3, 10, 16, 1, 4, 3, 5, 22]	0.011825084686279297
8	5	17.0	14	[19, 12, 23, 11, 18, 3, 5, 22]	0.005536794662475586
8	10	31.0	25	[19, 12, 23, 11, 18, 3, 10, 16, 1, 4, 3, 5, 22]	0.010581493377685547
8	15	17.0	14	[19, 12, 23, 11, 18, 3, 5, 22]	0.0057506561279296875
8	20	16.0	15	[19, 12, 23, 11, 18, 3, 5, 22]	0.0057299137115478516
8	25	19.0	15	[19, 12, 23, 11, 18, 3, 5, 22]	0.005196571350097656
8	1	40.0	34	[3, 5, 22, 8, 16, 10, 15, 12, 23, 11, 18, 7, 6, 13, 20, 0]	0.01346278190612793
8	5	40.0	34	[3, 5, 22, 8, 16, 10, 15, 12, 23, 11, 18, 7, 6, 13, 20, 0]	0.012829303741455078
8	10	45.0	35	[3, 5, 22, 8, 16, 10, 15, 12, 23, 11, 18, 7, 6, 13, 20, 0]	0.01088094711303711
8	15	43.0	36	[3, 5, 22, 8, 16, 10, 15, 12, 23, 11, 18, 7, 6, 13, 20, 0]	0.013395309448242188
8	20	40.0	37	[3, 5, 22, 8, 16, 10, 15, 12, 23, 11, 18, 7, 6, 13, 20, 0]	0.013515233993530273
8	25	38.0	36	[3, 5, 22, 14, 16, 10, 15, 12, 23, 11, 18, 7, 6, 13, 20, 0]	0.011326074600219727
8	1	29.0	25	[0, 5, 3, 10, 16, 1, 4, 1, 16, 8, 22, 14]	0.009004354476928711
8	5	29.0	25	[0, 5, 3, 10, 16, 1, 4, 1, 16, 8, 22, 14]	0.01223897933959961
8	10	29.0	25	[0, 5, 3, 10, 16, 1, 4, 1, 16, 8, 22, 14]	0.01052403450012207
8	15	55.0	57	[0, 5, 3, 10, 16, 1, 4, 3, 18, 11, 23, 12, 21, 12, 15, 2, 17, 9, 17, 9, 18, 7, 6, 13, 20]	0.023024797439575195
8	20	53.0	56	[0, 5, 3, 10, 16, 1, 4, 1, 4, 3, 18, 11, 23, 12, 21, 3, 21, 12, 15, 2, 17, 9, 18, 7, 6]	0.015060663223266602
8	25	52.0	53	[0, 20, 13, 6, 7, 18, 3, 5, 22, 8, 16, 10, 15, 12, 23, 11, 23, 12, 21, 12, 19, 14]	0.012525796890258789
8	1	68.0	54	[0, 5, 3, 10, 16, 1, 4, 3, 18, 11, 23, 12, 19, 14, 22, 8, 16, 1, 16, 8, 16, 1, 4, 3, 21]	0.014053583145141602
8	5	44.0	44	[0, 5, 3, 10, 16, 1, 4, 1, 16, 8, 22, 14, 19, 12, 23, 11, 18, 7, 6, 13]	0.01377248764038086
8	10	59.0	55	[0, 5, 3, 10, 16, 1, 4, 1, 4, 1, 4, 1, 4, 3, 18, 11, 23, 12, 21, 12, 15, 2, 17, 9, 17]	0.014487743377685547
8	15	61.0	55	[0, 5, 3, 10, 16, 1, 4, 1, 4, 1, 4, 1, 16, 8, 22, 14, 19, 12, 23, 11, 18, 7, 6, 13]	0.016246318817138672
8	20	47.0	45	[0, 5, 3, 10, 16, 1, 4, 1, 16, 8, 22, 14, 19, 12, 23, 11, 18, 7, 6, 13]	0.01890850067138672
8	25	64.0	58	[0, 5, 3, 10, 16, 1, 4, 1, 4, 3, 18, 11, 23, 12, 21, 3, 5, 22, 8, 16, 14, 19, 14, 19, 12]	0.014409542083740234
8	1	6.0	10	[7, 6, 13, 20, 11]	0.0033881664276123047
8	5	6.0	10	[7, 6, 13, 20, 11]	0.004149198532104492
8	10	11.0	11	[7, 6, 13, 20, 11]	0.003862142562866211
8	15	11.0	11	[7, 6, 13, 20, 11]	0.003784656524658203
8	20	9.0	11	[7, 6, 13, 20, 11]	0.03697347640991211
8	25	7.0	11	[7, 6, 13, 20, 11]	0.004873514175415039
8	1	66.0	55	[9, 18, 3, 5, 22, 8, 16, 10, 15, 12, 23, 11, 20, 13, 6, 7, 18, 7, 18, 11, 18, 11, 18, 11, 18]	0.02326035499572754
8	5	62.0	56	[9, 18, 3, 5, 22, 8, 16, 10, 15, 12, 23, 11, 20, 13, 6, 7, 18, 3, 21, 3, 4, 1, 16, 14, 19]	0.0165250301361084
8	10	62.0	57	[9, 18, 3, 5, 22, 8, 16, 10, 15, 12, 23, 11, 20, 13, 6, 7, 18, 9, 17, 2, 15, 10, 15, 2, 15]	0.014607667922973633
8	15	70.0	64	[9, 18, 3, 5, 22, 8, 16, 10, 15, 12, 23, 11, 20, 13, 6, 7, 6, 7, 6, 7, 6, 7, 18, 7, 6]	0.01606130599975586
8	20	60.0	59	[9, 18, 3, 10, 16, 1, 4, 1, 4, 3, 21, 12, 23, 11, 20, 13, 6, 7, 18, 11, 20, 0, 5, 22, 8]	0.01634359359741211
8	25	53.0	62	[9, 18, 3, 5, 22, 8, 16, 10, 15, 12, 23, 11, 20, 13, 6, 7, 6, 7, 18, 9, 17, 2, 15, 12, 21]	0.021522998809814453
9	1	72.0	56	[13, 6, 7, 18, 3, 5, 22, 8, 16, 10, 15, 12, 23, 11, 20, 0, 20, 11, 18, 9, 17, 2, 15, 2, 17]	0.03290081024169922
9	5	45.0	41	[13, 6, 7, 18, 3, 5, 22, 8, 16, 10, 15, 12, 23, 11, 20, 0, 5, 22, 14]	0.022059917449951172
9	10	80.0	53	[13, 6, 7, 18, 3, 21, 12, 23, 11, 20, 0, 5, 22, 8, 16, 10, 15, 2, 17, 9, 18, 9, 17, 9, 18]	0.03197622299194336
9	15	42.0	41	[13, 6, 7, 18, 3, 5, 22, 8, 16, 10, 15, 12, 23, 11, 20, 0, 5, 22, 14]	0.021780729293823242
9	20	57.0	54	[13, 6, 7, 18, 3, 5, 22, 8, 16, 10, 15, 12, 23, 11, 20, 0, 5, 0, 5, 3, 21, 12, 19, 14]	0.026999235153198242
9	25	10060.0	10049	[13, 6, 7, 18, 3, 5, 22, 8, 16, 10, 15, 12, 23, 11, 20, 0, 20, 0, 20, 0, 5, 22, 14]	0.02683234214782715
9	1	13.0	16	[13, 6, 7, 18, 3, 5, 22]	0.007235527038574219
9	5	13.0	16	[13, 6, 7, 18, 3, 5, 22]	0.00733184814453125
9	10	14.0	16	[13, 6, 7, 18, 3, 5, 22]	0.006729841232299805
9	15	10.0	16	[13, 6, 7, 18, 3, 5, 22]	0.007047176361083984
9	20	10.0	16	[13, 6, 7, 18, 3, 5, 22]	0.007493734359741211
9	25	10010.0	10012	[13, 6, 7, 18, 3, 5, 22]	0.008949041366577148
9	1	45.0	44	[20, 13, 6, 7, 18, 3, 5, 0, 5, 22, 8, 16, 10, 15, 12, 23, 11, 23, 12, 21]	0.028693437576293945
9	5	10.0	10	[20, 11, 23, 12, 21]	0.0045740604400634766
9	10	61.0	56	[20, 13, 6, 7, 18, 9, 17, 2, 15, 12, 23, 11, 23, 11, 23, 11, 18, 3, 5, 0, 5, 22, 8, 16, 10]	0.0262298583984375
9	15	37.0	40	[20, 13, 6, 7, 18, 3, 5, 22, 8, 16, 10, 15, 12, 23, 11, 23, 12, 21]	0.020174503326416016
9	20	71.0	55	[20, 13, 6, 7, 18, 3, 5, 22, 8, 16, 10, 15, 12, 23, 11, 18, 9, 17, 2, 17, 9, 17, 9, 18, 11]	0.02893853187561035
9	25	10065.0	10055	[20, 13, 6, 7, 18, 3, 5, 22, 8, 16, 10, 15, 12, 23, 11, 18, 9, 17, 2, 15, 2, 17, 2, 15, 12]	0.032991647720336914
9	1	79.0	57	[9, 18, 11, 23, 12, 21, 3, 5, 22, 8, 16, 10, 15, 2, 17, 2, 17, 2, 17, 9, 18, 7, 6, 13, 20]	0.025721073150634766
9	5	74.0	54	[9, 18, 3, 5, 22, 8, 16, 10, 15, 12, 23, 11, 20, 13, 6, 7, 18, 9, 17, 2, 17, 9, 18, 9, 18]	0.028419017791748047
9	10	74.0	59	[9, 18, 3, 5, 22, 8, 16, 10, 15, 12, 23, 11, 20, 13, 6, 7, 6, 13, 6, 7, 6, 13, 20, 0, 5]	0.03644895553588867
9	15	63.0	56	[9, 18, 3, 5, 22, 8, 16, 10, 15, 12, 23, 11, 20, 13, 6, 7, 18, 11, 23, 11, 23, 12, 21, 12, 19]	0.028181791305541992
9	20	63.0	58	[9, 18, 3, 5, 22, 8, 16, 10, 15, 12, 23, 11, 20, 13, 6, 7, 18, 7, 18, 11, 18, 9, 17, 2, 15]	0.03053593635559082
9	25	10055.0	10049	[9, 18, 3, 5, 22, 8, 16, 10, 15, 12, 23, 11, 20, 13, 6, 7, 6, 13, 20, 0, 5, 22, 14]	0.0272064208984375
9	1	17.0	15	[22, 8, 16, 10, 3, 5, 0, 20]	0.012589693069458008
9	5	17.0	15	[22, 8, 16, 10, 3, 5, 0, 20]	0.00966501235961914
9	10	17.0	15	[22, 8, 16, 10, 3, 5, 0, 20]	0.008279800415039062
9	15	36.0	31	[22, 8, 16, 10, 3, 21, 12, 23, 11, 18, 7, 6, 13, 20]	0.015730619430541992
9	20	16.0	15	[22, 8, 16, 10, 3, 5, 0, 20]	0.008712053298950195
9	25	10016.0	10013	[22, 8, 16, 10, 3, 5, 0, 20]	0.008818864822387695
9	1	49.0	43	[20, 13, 6, 7, 18, 3, 5, 22, 8, 16, 10, 15, 12, 23, 11, 20, 0, 5, 3, 21]	0.021886110305786133
9	5	76.0	55	[20, 13, 6, 7, 18, 3, 5, 22, 8, 16, 10, 15, 12, 23, 11, 18, 9, 17, 2, 17, 9, 17, 2, 17, 9]	0.028393030166625977
9	10	74.0	55	[20, 13, 6, 7, 18, 3, 5, 22, 8, 16, 10, 15, 2, 17, 9, 17, 2, 15, 12, 23, 11, 20, 0, 20, 13]	0.025051355361938477
9	15	60.0	55	[20, 13, 6, 7, 18, 3, 5, 22, 8, 16, 10, 15, 12, 23, 11, 20, 0, 5, 22, 14, 19, 14, 16, 1, 4]	0.038909912109375
9	20	37.0	40	[20, 13, 6, 7, 18, 3, 5, 22, 8, 16, 10, 15, 12, 23, 11, 23, 12, 21]	0.019112110137939453
9	25	10039.0	10036	[20, 13, 6, 7, 18, 3, 5, 22, 8, 16, 10, 15, 12, 23, 11, 23, 12, 21]	0.023634672164916992
9	1	11.0	9	[6, 13, 20, 11]	0.004225969314575195
9	5	11.0	9	[6, 13, 20, 11]	0.005391359329223633
9	10	11.0	9	[6, 13, 20, 11]	0.0037431716918945312
9	15	7.0	9	[6, 13, 20, 11]	0.004054546356201172
9	20	7.0	9	[6, 13, 20, 11]	0.0047092437744140625
9	25	7.0	9	[6, 13, 20, 11]	0.004383563995361328
9	1	77.0	57	[21, 12, 23, 11, 18, 3, 5, 22, 8, 16, 10, 15, 2, 17, 9, 18, 7, 6, 13, 20, 0, 20, 11, 18, 7]	0.03008103370666504
9	5	58.0	42	[21, 12, 23, 11, 18, 3, 5, 22, 8, 16, 10, 15, 2, 17, 9, 17, 2, 15, 12, 19]	0.023776531219482422
9	10	78.0	56	[21, 12, 23, 11, 18, 3, 5, 22, 8, 16, 10, 15, 2, 17, 9, 17, 9, 18, 7, 6, 13, 20, 0, 20, 11]	0.03339385986328125
9	15	68.0	56	[21, 12, 23, 11, 18, 3, 5, 22, 8, 16, 10, 15, 2, 17, 9, 18, 7, 6, 13, 20, 0, 20, 0, 5, 3]	0.024936437606811523
9	20	80.0	58	[21, 12, 23, 11, 18, 3, 5, 22, 8, 16, 10, 15, 2, 17, 9, 17, 2, 17, 2, 17, 2, 15, 10, 3, 4]	0.037130117416381836
9	25	10063.0	10047	[21, 12, 23, 11, 18, 3, 5, 22, 8, 16, 10, 15, 2, 17, 9, 17, 2, 17, 2, 15, 12, 19]	0.026349306106567383
9	1	47.0	39	[22, 8, 16, 10, 3, 5, 0, 20, 13, 6, 7, 18, 11, 23, 12, 21, 12, 15]	0.024915218353271484
9	5	47.0	39	[22, 8, 16, 10, 3, 5, 0, 20, 13, 6, 7, 18, 11, 23, 12, 21, 12, 15]	0.02005934715270996
9	10	78.0	54	[22, 14, 16, 10, 3, 5, 0, 20, 13, 6, 7, 18, 11, 23, 12, 21, 3, 4, 1, 4, 1, 16, 8, 16, 10]	0.025756120681762695
9	15	37.0	35	[22, 8, 16, 10, 3, 5, 0, 20, 13, 6, 7, 18, 11, 23, 12, 15]	0.020263671875
9	20	68.0	53	[22, 8, 16, 10, 3, 5, 0, 20, 13, 6, 7, 18, 11, 23, 12, 21, 3, 4, 1, 16, 14, 19, 12, 15]	0.025771617889404297
9	25	10035.0	10027	[22, 8, 16, 10, 3, 5, 0, 20, 11, 23, 12, 21, 12, 15]	0.012923002243041992
9	1	41.0	33	[16, 14, 22, 8, 22, 5, 3, 10, 15, 12, 19, 12, 23, 11, 18, 7]	0.01602768898010254
9	5	35.0	30	[16, 10, 3, 5, 22, 8, 22, 14, 19, 12, 23, 11, 18, 7]	0.016468524932861328
9	10	46.0	33	[16, 10, 3, 5, 22, 8, 16, 1, 4, 3, 18, 11, 20, 13, 6, 7]	0.018320322036743164
9	15	46.0	37	[16, 10, 3, 5, 22, 8, 16, 1, 4, 3, 18, 11, 23, 12, 21, 3, 18, 7]	0.0211794376373291
9	20	46.0	39	[16, 10, 3, 5, 22, 8, 16, 1, 4, 1, 16, 14, 19, 12, 23, 11, 18, 7]	0.01624464988708496
9	25	10066.0	10044	[16, 10, 3, 5, 22, 8, 16, 1, 4, 3, 18, 11, 23, 12, 21, 12, 15, 2, 17, 9, 18, 7]	0.026228666305541992
9	1	15.0	9	[9, 17, 2, 15, 12]	0.004841327667236328
9	5	21.0	19	[9, 18, 3, 5, 22, 8, 16, 10, 15, 12]	0.012142658233642578
9	10	21.0	19	[9, 18, 3, 5, 22, 8, 16, 10, 15, 12]	0.0123291015625
9	15	21.0	19	[9, 18, 3, 5, 22, 8, 16, 10, 15, 12]	0.013025283813476562
9	20	21.0	19	[9, 18, 3, 5, 22, 8, 16, 10, 15, 12]	0.011835098266601562
9	25	10022.0	10016	[9, 18, 3, 5, 22, 14, 16, 10, 15, 12]	0.01015472412109375
9	1	9.0	7	[23, 12, 21, 3]	0.0039958953857421875
9	5	9.0	7	[23, 12, 21, 3]	0.003818035125732422
9	10	9.0	7	[23, 12, 21, 3]	0.003481149673461914
9	15	7.0	7	[23, 11, 18, 3]	0.0034236907958984375
9	20	9.0	7	[23, 12, 21, 3]	0.00433039665222168
9	25	10.0	7	[23, 12, 21, 3]	0.004395008087158203
9	1	11.0	9	[16, 10, 3, 5, 0]	0.005844593048095703
9	5	81.0	50	[16, 10, 3, 5, 22, 8, 16, 1, 4, 3, 18, 11, 23, 12, 21, 3, 4, 1, 4, 1, 4, 3, 21, 3, 4]	0.029273271560668945
9	10	47.0	41	[16, 10, 3, 5, 22, 8, 22, 14, 19, 12, 23, 11, 18, 7, 6, 13, 20, 0]	0.022396087646484375
9	15	77.0	51	[16, 10, 3, 18, 11, 23, 12, 21, 12, 15, 2, 17, 9, 17, 9, 17, 9, 18, 7, 6, 13, 20, 0]	0.02559947967529297
9	20	10.0	9	[16, 10, 3, 5, 0]	0.004827737808227539
9	25	10042.0	10037	[16, 10, 3, 5, 22, 8, 22, 14, 19, 12, 23, 11, 18, 7, 6, 13, 20, 0]	0.01936030387878418
9	1	16.0	17	[18, 3, 5, 22, 8, 16, 10, 15, 12]	0.008842229843139648
9	5	16.0	17	[18, 3, 5, 22, 8, 16, 10, 15, 12]	0.008626461029052734
9	10	16.0	17	[18, 3, 5, 22, 8, 16, 10, 15, 12]	0.008385181427001953
9	15	16.0	17	[18, 3, 5, 22, 8, 16, 10, 15, 12]	0.011103630065917969
9	20	16.0	17	[18, 3, 5, 22, 8, 16, 10, 15, 12]	0.008762359619140625
9	25	10037.0	10023	[18, 3, 5, 22, 8, 16, 1, 4, 1, 4, 3, 10, 15, 12]	0.01318359375
9	1	59.0	50	[3, 5, 22, 8, 16, 10, 15, 12, 23, 11, 18, 7, 6, 13, 20, 0, 20, 0, 5, 0, 5, 3, 21]	0.02417612075805664
9	5	57.0	49	[3, 5, 22, 8, 16, 10, 15, 12, 23, 11, 18, 7, 6, 13, 20, 0, 5, 22, 14, 19, 12, 21]	0.026728391647338867
9	10	56.0	49	[3, 5, 22, 8, 16, 10, 15, 12, 23, 11, 18, 7, 6, 13, 20, 0, 5, 22, 14, 19, 12, 21]	0.02250361442565918
9	15	18.0	17	[3, 5, 22, 8, 16, 10, 15, 12, 21]	0.00893402099609375
9	20	39.0	43	[3, 5, 22, 8, 16, 10, 15, 12, 23, 11, 18, 7, 6, 13, 20, 0, 5, 3, 21]	0.018713712692260742
9	25	10058.0	10048	[3, 5, 22, 8, 16, 1, 4, 1, 16, 10, 15, 12, 23, 11, 18, 7, 6, 13, 20, 0, 5, 3, 21]	0.021342039108276367
9	1	27.0	22	[2, 17, 9, 18, 3, 5, 22, 8, 16, 10, 15]	0.011079072952270508
9	5	27.0	22	[2, 17, 9, 18, 3, 5, 22, 8, 16, 10, 15]	0.011078119277954102
9	10	27.0	22	[2, 17, 9, 18, 3, 5, 22, 8, 16, 10, 15]	0.014587163925170898
9	15	27.0	23	[2, 17, 9, 18, 3, 5, 22, 8, 16, 10, 15]	0.011363744735717773
9	20	49.0	45	[2, 17, 9, 18, 7, 6, 13, 20, 11, 23, 12, 21, 3, 5, 22, 8, 16, 10, 15]	0.018608570098876953
9	25	10027.0	10019	[2, 17, 9, 18, 3, 5, 22, 8, 16, 10, 15]	0.010466337203979492
9	1	79.0	52	[21, 12, 23, 11, 18, 3, 5, 22, 8, 16, 10, 15, 2, 17, 9, 17, 2, 15, 10, 16, 1, 4, 1, 4, 3]	0.02550196647644043
9	5	75.0	51	[21, 12, 23, 11, 18, 3, 5, 22, 8, 16, 10, 15, 2, 17, 9, 17, 2, 17, 9, 18, 7, 6, 13]	0.03192758560180664
9	10	66.0	46	[21, 12, 23, 11, 18, 3, 5, 22, 8, 16, 10, 15, 2, 17, 9, 17, 9, 18, 7, 6, 13]	0.024422883987426758
9	15	25.0	20	[21, 12, 23, 11, 18, 3, 5, 0, 20, 13]	0.010514020919799805
9	20	49.0	43	[21, 12, 23, 11, 18, 3, 5, 22, 8, 16, 10, 15, 2, 17, 9, 18, 7, 6, 13]	0.02002882957458496
9	25	16.0	12	[21, 12, 23, 11, 20, 13]	0.005011320114135742
9	1	70.0	57	[4, 3, 5, 22, 8, 16, 10, 15, 12, 23, 11, 18, 7, 6, 13, 20, 0, 20, 13, 20, 0, 20, 13, 6, 7]	0.023819923400878906
9	5	70.0	52	[4, 3, 5, 22, 14, 16, 10, 15, 12, 23, 11, 18, 7, 6, 13, 20, 0, 20, 11, 18, 9, 17, 2]	0.02901625633239746
9	10	65.0	56	[4, 3, 5, 22, 8, 16, 10, 15, 12, 23, 11, 18, 7, 6, 13, 20, 0, 5, 0, 5, 22, 14, 19, 14, 16]	0.025787830352783203
9	15	65.0	55	[4, 1, 16, 10, 3, 5, 22, 8, 22, 14, 19, 12, 23, 11, 18, 7, 6, 13, 20, 0, 5, 0, 5, 0, 5]	0.028951168060302734
9	20	58.0	55	[4, 3, 5, 22, 8, 16, 10, 15, 12, 23, 11, 18, 7, 6, 13, 20, 0, 20, 0, 20, 0, 5, 22, 14, 19]	0.031950950622558594
9	25	10068.0	10054	[4, 3, 5, 22, 8, 16, 10, 15, 12, 23, 11, 18, 7, 6, 13, 20, 0, 20, 0, 20, 0, 5, 22, 14, 19]	0.02658247947692871
9	1	8.0	4	[1, 16, 10]	0.002455472946166992
9	5	8.0	4	[1, 16, 10]	0.0019140243530273438
9	10	8.0	4	[1, 16, 10]	0.003032207489013672
9	15	8.0	4	[1, 16, 10]	0.002729654312133789
9	20	8.0	4	[1, 16, 10]	0.002007722854614258
9	25	8.0	4	[1, 16, 10]	0.00295257568359375
9	1	29.0	26	[18, 3, 5, 22, 8, 16, 10, 15, 12, 23, 11, 20, 13]	0.015089035034179688
9	5	29.0	26	[18, 3, 5, 22, 8, 16, 10, 15, 12, 23, 11, 20, 13]	0.01826310157775879
9	10	29.0	26	[18, 3, 5, 22, 8, 16, 10, 15, 12, 23, 11, 20, 13]	0.014013528823852539
9	15	29.0	26	[18, 3, 5, 22, 8, 16, 10, 15, 12, 23, 11, 20, 13]	0.013762950897216797
9	20	26.0	27	[18, 3, 5, 22, 8, 16, 10, 15, 12, 23, 11, 20, 13]	0.014435291290283203
9	25	10027.0	10023	[18, 3, 5, 22, 8, 16, 10, 15, 12, 23, 11, 20, 13]	0.014641284942626953
10	1	22.0	18	[16, 10, 3, 5, 22, 8, 16, 1, 4]	0.05246400833129883
10	5	72.0	54	[16, 10, 3, 5, 22, 8, 22, 14, 19, 12, 23, 11, 18, 7, 6, 13, 20, 0, 5, 22, 5, 3, 21, 12, 15]	0.14842724800109863
10	10	73.0	54	[16, 10, 3, 5, 22, 8, 22, 14, 19, 12, 23, 11, 18, 7, 6, 13, 20, 0, 5, 3, 21, 12, 15, 2, 17]	0.16019296646118164
10	15	54.0	44	[16, 14, 22, 8, 16, 10, 3, 5, 0, 20, 13, 6, 7, 18, 11, 23, 12, 21, 3, 4]	0.1285390853881836
10	20	75.0	56	[16, 10, 3, 5, 22, 8, 22, 14, 19, 12, 23, 11, 18, 7, 6, 13, 20, 0, 20, 13, 20, 0, 5, 3, 21]	0.19709467887878418
10	25	67.0	55	[16, 10, 3, 5, 0, 20, 13, 6, 7, 18, 11, 23, 12, 21, 12, 15, 2, 17, 9, 17, 9, 18, 9, 18, 9]	0.19576263427734375
10	1	40.0	32	[16, 10, 3, 5, 22, 14, 19, 12, 23, 11, 18, 7, 6, 13, 20]	0.11626815795898438
10	5	49.0	37	[16, 10, 3, 5, 22, 8, 16, 14, 19, 12, 23, 11, 18, 7, 6, 13, 20]	0.1516127586364746
10	10	48.0	37	[16, 10, 3, 5, 22, 8, 22, 14, 19, 12, 23, 11, 18, 7, 6, 13, 20]	0.14026761054992676
10	15	49.0	38	[16, 10, 3, 5, 22, 8, 22, 14, 19, 12, 23, 11, 18, 7, 6, 13, 20]	0.14126253128051758
10	20	49.0	38	[16, 10, 3, 5, 22, 8, 22, 14, 19, 12, 23, 11, 18, 7, 6, 13, 20]	0.1250925064086914
10	25	62.0	53	[16, 10, 15, 12, 23, 11, 18, 3, 5, 22, 8, 22, 14, 19, 14, 16, 1, 4, 1, 16, 1, 16, 1, 4, 3]	0.16173005104064941
10	1	31.0	21	[4, 3, 5, 22, 8, 16, 10, 15, 12, 23]	0.0774540901184082
10	5	31.0	21	[4, 3, 5, 22, 8, 16, 10, 15, 12, 23]	0.07685637474060059
10	10	31.0	21	[4, 3, 5, 22, 8, 16, 10, 15, 12, 23]	0.05765390396118164
10	15	40.0	27	[4, 1, 16, 10, 3, 5, 22, 8, 16, 14, 19, 12, 23]	0.07663583755493164
10	20	31.0	21	[4, 3, 5, 22, 8, 16, 10, 15, 12, 23]	0.050839900970458984
10	25	31.0	21	[4, 3, 5, 22, 8, 16, 10, 15, 12, 23]	0.0632481575012207
10	1	27.0	20	[12, 23, 11, 18, 3, 5, 22, 8, 16, 10]	0.0587007999420166
10	5	27.0	20	[12, 23, 11, 18, 3, 5, 22, 8, 16, 10]	0.05260610580444336
10	10	27.0	20	[12, 23, 11, 18, 3, 5, 22, 8, 16, 10]	0.06757879257202148
10	15	27.0	20	[12, 23, 11, 18, 3, 5, 22, 8, 16, 10]	0.056264400482177734
10	20	46.0	36	[12, 23, 11, 18, 3, 5, 0, 20, 13, 6, 7, 18, 9, 17, 2, 15, 10]	0.09429287910461426
10	25	15.0	11	[12, 23, 11, 18, 3, 10]	0.03895258903503418
10	1	49.0	39	[6, 13, 20, 11, 23, 12, 21, 3, 5, 22, 8, 16, 10, 15, 2, 17, 9, 18]	0.12196898460388184
10	5	49.0	39	[6, 13, 20, 11, 23, 12, 21, 3, 5, 22, 8, 16, 10, 15, 2, 17, 9, 18]	0.10843634605407715
10	10	41.0	35	[6, 13, 20, 11, 23, 12, 21, 3, 5, 0, 20, 13, 20, 0, 20, 11, 18]	0.10962653160095215
10	15	49.0	39	[6, 13, 20, 11, 23, 12, 21, 3, 5, 22, 8, 16, 10, 15, 2, 17, 9, 18]	0.11348509788513184
10	20	49.0	39	[6, 13, 20, 11, 23, 12, 21, 3, 5, 22, 8, 16, 10, 15, 2, 17, 9, 18]	0.10784912109375
10	25	48.0	40	[6, 13, 20, 11, 23, 12, 21, 3, 5, 22, 8, 16, 10, 15, 2, 17, 9, 18]	0.11239838600158691
10	1	70.0	57	[20, 13, 6, 7, 18, 3, 5, 22, 8, 16, 10, 15, 12, 23, 11, 23, 11, 23, 12, 19, 14, 22, 8, 22, 5]	0.15003752708435059
10	5	72.0	56	[20, 13, 6, 7, 18, 3, 5, 22, 8, 16, 10, 15, 12, 23, 11, 23, 11, 18, 9, 17, 2, 17, 2, 17, 2]	0.1669752597808838
10	10	72.0	53	[20, 13, 6, 7, 18, 3, 5, 22, 8, 16, 10, 15, 12, 23, 11, 20, 0, 5, 22, 14, 19, 14, 16, 1, 4]	0.16350746154785156
10	15	71.0	51	[20, 13, 6, 7, 18, 3, 5, 22, 8, 16, 10, 15, 12, 23, 11, 18, 9, 17, 2, 15, 10, 3, 21]	0.1385481357574463
10	20	76.0	56	[20, 13, 6, 7, 18, 3, 5, 22, 8, 16, 10, 15, 12, 23, 11, 18, 9, 17, 2, 17, 2, 15, 2, 17, 9]	0.1502528190612793
10	25	50.0	45	[20, 13, 6, 7, 18, 3, 5, 22, 8, 16, 10, 15, 2, 17, 9, 18, 11, 23, 12, 21]	0.11475563049316406
10	1	18.0	13	[2, 17, 9, 18, 3, 5, 22]	0.03833746910095215
10	5	34.0	32	[2, 17, 9, 18, 7, 6, 13, 20, 11, 23, 12, 21, 3, 5, 22]	0.09090280532836914
10	10	18.0	13	[2, 17, 9, 18, 3, 5, 22]	0.042259931564331055
10	15	18.0	13	[2, 17, 9, 18, 3, 5, 22]	0.04036688804626465
10	20	18.0	13	[2, 17, 9, 18, 3, 5, 22]	0.030419588088989258
10	25	17.0	14	[2, 17, 9, 18, 3, 5, 22]	0.032875776290893555
10	1	69.0	49	[21, 12, 23, 11, 18, 3, 5, 22, 8, 16, 10, 15, 2, 17, 9, 17, 2, 17, 2, 15, 12, 19]	0.13384675979614258
10	5	68.0	54	[21, 12, 23, 11, 18, 3, 5, 22, 8, 16, 10, 15, 2, 17, 9, 18, 7, 6, 13, 20, 0, 20, 11, 18, 11]	0.15162277221679688
10	10	6.0	5	[21, 12, 19]	0.012920141220092773
10	15	72.0	55	[21, 12, 23, 11, 18, 3, 5, 22, 8, 16, 10, 15, 2, 17, 9, 18, 7, 6, 13, 20, 0, 20, 11, 18, 9]	0.16956305503845215
10	20	73.0	56	[21, 12, 23, 11, 18, 3, 5, 22, 8, 16, 10, 15, 2, 17, 9, 17, 9, 18, 7, 6, 13, 20, 0, 20, 11]	0.18800759315490723
10	25	73.0	56	[21, 12, 23, 11, 18, 3, 5, 22, 8, 16, 10, 15, 2, 17, 9, 18, 7, 6, 13, 20, 0, 20, 0, 5, 0]	0.17823410034179688
10	1	62.0	57	[5, 3, 10, 16, 1, 4, 1, 4, 3, 18, 11, 23, 12, 21, 3, 10, 15, 2, 17, 9, 18, 7, 6, 13, 20]	0.15676236152648926
10	5	67.0	56	[5, 3, 10, 16, 1, 4, 3, 18, 11, 23, 12, 21, 3, 10, 15, 2, 17, 9, 18, 7, 6, 13, 20, 0, 20]	0.22248506546020508
10	10	23.0	22	[5, 3, 10, 16, 1, 4, 1, 16, 8, 22]	0.05629396438598633
10	15	21.0	22	[5, 3, 10, 16, 1, 4, 1, 16, 8, 22]	0.07313942909240723
10	20	57.0	57	[5, 3, 10, 16, 1, 4, 3, 18, 11, 23, 12, 21, 12, 15, 2, 17, 9, 18, 7, 6, 13, 20, 0, 20, 13]	0.171860933303833
10	25	56.0	60	[5, 3, 10, 16, 1, 4, 1, 4, 3, 18, 11, 23, 12, 21, 12, 15, 2, 17, 9, 17, 2, 17, 2, 15, 10]	0.14296674728393555
10	1	65.0	55	[1, 16, 10, 3, 5, 22, 8, 22, 14, 19, 12, 23, 11, 18, 7, 6, 13, 20, 0, 20, 11, 20, 13, 6, 7]	0.17069268226623535
10	5	67.0	55	[1, 16, 10, 3, 5, 22, 8, 22, 14, 19, 12, 23, 11, 18, 7, 6, 13, 20, 0, 20, 13, 20, 13, 6, 13]	0.14588403701782227
10	10	64.0	55	[1, 16, 10, 3, 5, 22, 8, 22, 14, 19, 12, 23, 11, 18, 7, 6, 13, 20, 0, 20, 11, 20, 11, 20, 0]	0.138075590133667
10	15	49.0	43	[1, 16, 10, 3, 5, 0, 20, 13, 6, 7, 18, 11, 23, 12, 21, 12, 15, 2, 17, 9]	0.12034273147583008
10	20	75.0	55	[1, 16, 10, 3, 5, 22, 8, 16, 14, 19, 12, 23, 11, 18, 7, 6, 13, 20, 0, 20, 0, 5, 22, 8, 16]	0.15735268592834473
10	25	67.0	56	[1, 16, 10, 3, 5, 22, 8, 16, 14, 19, 12, 23, 11, 18, 7, 6, 13, 20, 0, 20, 11, 20, 13, 6, 13]	0.16463232040405273
10	1	29.0	26	[8, 22, 5, 3, 10, 16, 1, 4, 3, 18, 11, 23]	0.09281659126281738
10	5	33.0	36	[8, 22, 5, 3, 10, 16, 1, 4, 1, 4, 1, 4, 3, 18, 11, 23]	0.09369325637817383
10	10	43.0	30	[8, 22, 5, 3, 10, 16, 1, 4, 1, 16, 14, 19, 12, 23]	0.09364557266235352
10	15	16.0	14	[8, 22, 5, 3, 18, 11, 23]	0.03204822540283203
10	20	25.0	27	[8, 22, 5, 3, 10, 16, 1, 4, 3, 18, 11, 23]	0.09393143653869629
10	25	28.0	32	[8, 22, 5, 3, 10, 16, 1, 4, 1, 4, 3, 18, 11, 23]	0.07133269309997559
10	1	63.0	55	[2, 17, 9, 18, 3, 5, 22, 8, 16, 10, 15, 12, 23, 11, 20, 13, 6, 7, 18, 7, 6, 7, 18, 11, 23]	0.18479490280151367
10	5	63.0	56	[2, 17, 9, 18, 3, 5, 22, 8, 16, 10, 15, 12, 23, 11, 20, 13, 6, 7, 18, 7, 18, 11, 23, 11, 23]	0.1651628017425537
10	10	70.0	55	[2, 17, 9, 18, 3, 5, 22, 8, 16, 10, 15, 12, 23, 11, 20, 13, 6, 7, 18, 3, 21, 3, 4, 1, 4]	0.17090439796447754
10	15	74.0	57	[2, 17, 9, 18, 3, 5, 22, 8, 16, 10, 15, 12, 23, 11, 20, 13, 6, 7, 6, 7, 18, 9, 17, 2, 17]	0.16402506828308105
10	20	69.0	56	[2, 17, 9, 18, 3, 5, 22, 8, 16, 10, 15, 12, 23, 11, 20, 13, 6, 7, 6, 7, 18, 11, 18, 9, 18]	0.13498997688293457
10	25	62.0	56	[2, 17, 9, 18, 3, 5, 22, 8, 16, 10, 15, 12, 23, 11, 20, 13, 6, 7, 18, 11, 23, 11, 20, 0]	0.14522814750671387
10	1	62.0	55	[0, 5, 3, 10, 16, 1, 4, 3, 18, 11, 23, 12, 15, 2, 17, 9, 18, 7, 6, 13, 20, 0, 5, 22, 8]	0.16891837120056152
10	5	68.0	56	[0, 5, 3, 4, 1, 16, 10, 15, 12, 23, 11, 18, 7, 6, 13, 20, 11, 18, 9, 17, 2, 17, 9, 18, 9]	0.14492321014404297
10	10	30.0	28	[0, 5, 3, 10, 16, 1, 4, 3, 18, 11, 23, 12, 21]	0.08192014694213867
10	15	28.0	28	[0, 5, 3, 10, 16, 1, 4, 3, 18, 11, 23, 12, 21]	0.06641268730163574
10	20	26.0	29	[0, 5, 3, 10, 16, 1, 4, 3, 18, 11, 23, 12, 21]	0.06667089462280273
10	25	29.0	34	[0, 5, 3, 10, 16, 1, 4, 1, 4, 3, 18, 11, 23, 12, 21]	0.08028674125671387
10	1	7.0	6	[6, 7, 18, 3]	0.015207290649414062
10	5	17.0	16	[6, 13, 20, 11, 23, 12, 21, 3]	0.04172372817993164
10	10	17.0	16	[6, 13, 20, 11, 23, 12, 21, 3]	0.04741311073303223
10	15	17.0	16	[6, 13, 20, 11, 23, 12, 21, 3]	0.038001060485839844
10	20	8.0	7	[6, 7, 18, 3]	0.0128936767578125
10	25	17.0	16	[6, 13, 20, 11, 23, 12, 21, 3]	0.0399622917175293
10	1	5.0	2	[12, 23]	0.010578393936157227
10	5	5.0	2	[12, 23]	0.010249614715576172
10	10	5.0	2	[12, 23]	0.006932973861694336
10	15	5.0	2	[12, 23]	0.006422519683837891
10	20	5.0	2	[12, 23]	0.007044792175292969
10	25	5.0	2	[12, 23]	0.006788492202758789
10	1	55.0	43	[20, 13, 6, 7, 18, 3, 5, 22, 8, 16, 10, 15, 12, 23, 11, 23, 11, 18, 9, 17]	0.12340116500854492
10	5	65.0	55	[20, 13, 6, 7, 18, 3, 21, 12, 23, 11, 20, 0, 5, 22, 8, 16, 1, 4, 1, 4, 3, 10, 15, 2, 17]	0.15727901458740234
10	10	52.0	38	[20, 13, 6, 7, 18, 3, 5, 22, 8, 16, 10, 15, 12, 23, 11, 18, 9, 17]	0.10794663429260254
10	15	56.0	44	[20, 13, 6, 7, 18, 3, 5, 22, 8, 16, 10, 15, 12, 23, 11, 23, 11, 18, 9, 17]	0.11027646064758301
10	20	71.0	54	[20, 13, 6, 7, 18, 3, 5, 22, 14, 16, 10, 15, 12, 23, 11, 20, 0, 20, 0, 5, 22, 8, 16, 1, 4]	0.11770296096801758
10	25	68.0	56	[20, 13, 6, 7, 18, 3, 5, 22, 8, 16, 10, 15, 12, 23, 11, 23, 12, 21, 12, 19, 14, 16, 1, 4, 1]	0.132293701171875
10	1	8.0	5	[16, 10, 3]	0.015852928161621094
10	5	8.0	5	[16, 10, 3]	0.017865657806396484
10	10	8.0	5	[16, 10, 3]	0.01601552963256836
10	15	8.0	5	[16, 10, 3]	0.015584468841552734
10	20	8.0	5	[16, 10, 3]	0.013175249099731445
10	25	8.0	5	[16, 10, 3]	0.011556863784790039
10	1	34.0	26	[1, 4, 3, 5, 22, 8, 16, 10, 15, 12, 23, 11]	0.059583187103271484
10	5	41.0	27	[1, 16, 10, 3, 5, 22, 8, 16, 14, 19, 12, 23, 11]	0.07773780822753906
10	10	32.0	22	[1, 16, 10, 3, 5, 22, 14, 19, 12, 23, 11]	0.0652313232421875
10	15	34.0	26	[1, 4, 3, 5, 22, 8, 16, 10, 15, 12, 23, 11]	0.06937313079833984
10	20	41.0	27	[1, 16, 10, 3, 5, 22, 8, 16, 14, 19, 12, 23, 11]	0.08215546607971191
10	25	43.0	35	[1, 16, 14, 22, 8, 16, 10, 3, 5, 0, 20, 13, 6, 7, 18, 11]	0.09862804412841797
10	1	57.0	45	[7, 6, 13, 20, 11, 23, 12, 21, 3, 5, 22, 8, 16, 10, 15, 2, 17, 9, 18, 3, 4]	0.14555096626281738
10	5	62.0	56	[7, 6, 13, 20, 11, 23, 12, 21, 3, 5, 22, 8, 16, 10, 15, 2, 17, 9, 18, 7, 18, 7, 6, 13, 20]	0.14386868476867676
10	10	66.0	54	[7, 6, 13, 20, 11, 23, 12, 21, 3, 5, 22, 8, 16, 10, 15, 2, 17, 9, 18, 11, 18, 9, 17, 9, 17]	0.13604974746704102
10	15	67.0	57	[7, 6, 13, 20, 11, 23, 12, 21, 3, 5, 22, 8, 16, 10, 15, 2, 17, 9, 18, 7, 6, 7, 18, 9, 17]	0.12522220611572266
10	20	65.0	56	[7, 6, 13, 20, 11, 23, 12, 21, 3, 5, 22, 8, 16, 10, 15, 2, 17, 9, 18, 9, 18, 7, 18, 11, 23]	0.15941500663757324
10	25	64.0	58	[7, 6, 13, 20, 11, 23, 12, 21, 3, 5, 22, 8, 16, 10, 15, 2, 17, 9, 18, 11, 23, 12, 19, 14, 22]	0.15034747123718262
10	1	29.0	21	[23, 12, 21, 3, 5, 22, 8, 16, 10, 15]	0.07213044166564941
10	5	29.0	21	[23, 12, 21, 3, 5, 22, 8, 16, 10, 15]	0.0635383129119873
10	10	29.0	21	[23, 12, 21, 3, 5, 22, 8, 16, 10, 15]	0.0535738468170166
10	15	29.0	21	[23, 12, 21, 3, 5, 22, 8, 16, 10, 15]	0.06508636474609375
10	20	35.0	34	[23, 12, 21, 3, 18, 11, 20, 13, 6, 7, 18, 9, 17, 2, 15]	0.07708978652954102
10	25	27.0	21	[23, 11, 18, 3, 5, 22, 8, 16, 10, 15]	0.048277854919433594
