Num of Nodes	BW	Delay	Num of Hops	Path	Execution Time (seconds)
5	1	41.0	34	[3, 2, 1, 8, 5, 9, 7, 4, 10, 6, 10, 6, 3, 2, 12]	0.007470607757568359
5	5	42.0	35	[3, 2, 1, 8, 5, 9, 7, 4, 10, 6, 10, 6, 10, 4, 7]	0.004042863845825195
5	10	36.0	35	[3, 2, 1, 8, 5, 9, 7, 4, 10, 6, 10, 4, 7, 4, 10]	0.003607034683227539
5	15	32.0	35	[3, 2, 1, 8, 5, 9, 7, 4, 10, 6, 10, 6, 10, 4, 10]	0.004718303680419922
5	20	37.0	34	[3, 2, 1, 8, 5, 9, 7, 4, 10, 6, 3, 2, 12, 11, 0]	0.004545450210571289
5	25	35.0	34	[3, 2, 1, 8, 5, 9, 7, 4, 10, 6, 3, 2, 12, 11, 0]	0.004678964614868164
5	1	43.0	33	[0, 9, 7, 4, 10, 6, 3, 2, 1, 8, 5, 8, 1, 2, 12]	0.004645347595214844
5	5	45.0	33	[0, 9, 7, 4, 10, 6, 3, 2, 1, 8, 5, 9, 7, 4, 7]	0.0037224292755126953
5	10	37.0	33	[0, 9, 7, 4, 10, 6, 3, 2, 1, 8, 5, 8, 5, 9, 0]	0.004161357879638672
5	15	36.0	32	[0, 9, 7, 4, 10, 6, 3, 2, 1, 8, 5, 9, 5, 9, 0]	0.0036466121673583984
5	20	33.0	33	[0, 9, 7, 4, 10, 6, 3, 2, 1, 8, 5, 9, 2, 12, 11]	0.004058361053466797
5	25	35.0	37	[0, 9, 7, 4, 10, 6, 3, 2, 1, 8, 5, 8, 5, 8, 1]	0.004560708999633789
5	1	19.0	14	[4, 7, 9, 2, 1, 8, 5]	0.0023250579833984375
5	5	19.0	14	[4, 7, 9, 2, 1, 8, 5]	0.002007007598876953
5	10	16.0	14	[4, 7, 9, 2, 1, 8, 5]	0.003916740417480469
5	15	12.0	14	[4, 7, 9, 2, 1, 8, 5]	0.002641439437866211
5	20	13.0	15	[4, 7, 9, 2, 1, 8, 5]	0.0022749900817871094
5	25	13.0	15	[4, 7, 9, 2, 1, 8, 5]	0.003727436065673828
5	1	26.0	21	[10, 4, 7, 9, 2, 1, 8, 5, 9, 0]	0.0034906864166259766
5	5	20.0	16	[10, 4, 7, 9, 2, 12, 11, 0]	0.0015215873718261719
5	10	23.0	21	[10, 4, 7, 9, 2, 1, 8, 5, 9, 0]	0.003015756607055664
5	15	36.0	34	[10, 4, 7, 9, 2, 1, 8, 5, 8, 1, 8, 1, 8, 5, 8]	0.002862215042114258
5	20	34.0	26	[10, 4, 7, 9, 5, 8, 1, 2, 12, 11, 13, 0]	0.0029664039611816406
5	25	20.0	22	[10, 4, 7, 9, 2, 1, 8, 5, 9, 0]	0.0030241012573242188
5	1	19.0	11	[12, 2, 1, 8, 5, 9]	0.0015783309936523438
5	5	19.0	11	[12, 2, 1, 8, 5, 9]	0.002286195755004883
5	10	19.0	11	[12, 2, 1, 8, 5, 9]	0.0021140575408935547
5	15	15.0	11	[12, 2, 1, 8, 5, 9]	0.0014805793762207031
5	20	16.0	12	[12, 2, 1, 8, 5, 9]	0.0018436908721923828
5	25	16.0	12	[12, 2, 1, 8, 5, 9]	0.0022177696228027344
5	1	33.0	21	[12, 2, 1, 8, 5, 9, 7, 4, 10, 6]	0.0033197402954101562
5	5	33.0	21	[12, 2, 1, 8, 5, 9, 7, 4, 10, 6]	0.0032501220703125
5	10	30.0	21	[12, 2, 1, 8, 5, 9, 7, 4, 10, 6]	0.002908468246459961
5	15	26.0	21	[12, 2, 1, 8, 5, 9, 7, 4, 10, 6]	0.0038361549377441406
5	20	27.0	22	[12, 2, 1, 8, 5, 9, 7, 4, 10, 6]	0.0033409595489501953
5	25	25.0	22	[12, 2, 1, 8, 5, 9, 7, 4, 10, 6]	0.003483295440673828
5	1	28.0	19	[3, 2, 1, 8, 5, 9, 7, 4, 10]	0.003069162368774414
5	5	3.0	5	[3, 6, 10]	0.0005354881286621094
5	10	25.0	19	[3, 2, 1, 8, 5, 9, 7, 4, 10]	0.003113985061645508
5	15	3.0	5	[3, 6, 10]	0.0005023479461669922
5	20	22.0	20	[3, 2, 1, 8, 5, 9, 7, 4, 10]	0.0038535594940185547
5	25	20.0	20	[3, 2, 1, 8, 5, 9, 7, 4, 10]	0.003161907196044922
5	1	20.0	12	[11, 12, 2, 1, 8, 5]	0.002077817916870117
5	5	20.0	12	[11, 12, 2, 1, 8, 5]	0.0020341873168945312
5	10	20.0	12	[11, 12, 2, 1, 8, 5]	0.0021317005157470703
5	15	16.0	12	[11, 12, 2, 1, 8, 5]	0.002571582794189453
5	20	17.0	13	[11, 12, 2, 1, 8, 5]	0.0017812252044677734
5	25	17.0	13	[11, 12, 2, 1, 8, 5]	0.002072572708129883
5	1	15.0	12	[0, 9, 7, 4, 10, 6]	0.0020678043365478516
5	5	45.0	28	[0, 13, 11, 12, 2, 1, 8, 5, 9, 7, 4, 10, 6]	0.005051136016845703
5	10	12.0	12	[0, 9, 7, 4, 10, 6]	0.0020208358764648438
5	15	12.0	12	[0, 9, 7, 4, 10, 6]	0.0018947124481201172
5	20	12.0	12	[0, 9, 7, 4, 10, 6]	0.001965761184692383
5	25	10.0	12	[0, 9, 7, 4, 10, 6]	0.0019540786743164062
5	1	8.0	8	[6, 10, 4, 7]	0.0011677742004394531
5	5	8.0	8	[6, 10, 4, 7]	0.001194000244140625
5	10	5.0	8	[6, 10, 4, 7]	0.0011696815490722656
5	15	5.0	8	[6, 10, 4, 7]	0.0017354488372802734
5	20	5.0	8	[6, 10, 4, 7]	0.0012514591217041016
5	25	5.0	8	[6, 10, 4, 7]	0.0012390613555908203
5	1	12.0	9	[8, 1, 2, 9, 7]	0.0016205310821533203
5	5	12.0	9	[8, 1, 2, 9, 7]	0.0015583038330078125
5	10	12.0	9	[8, 1, 2, 9, 7]	0.0016772747039794922
5	15	12.0	9	[8, 1, 2, 9, 7]	0.0015957355499267578
5	20	13.0	10	[8, 1, 2, 9, 7]	0.0016460418701171875
5	25	11.0	10	[8, 1, 2, 9, 7]	0.0016450881958007812
5	1	16.0	9	[5, 9, 7, 4, 10]	0.0015871524810791016
5	5	16.0	9	[5, 9, 7, 4, 10]	0.001631021499633789
5	10	13.0	9	[5, 9, 7, 4, 10]	0.0013740062713623047
5	15	13.0	9	[5, 9, 7, 4, 10]	0.0015823841094970703
5	20	21.0	17	[5, 8, 1, 2, 9, 7, 4, 10]	0.0024929046630859375
5	25	11.0	9	[5, 9, 7, 4, 10]	0.0017108917236328125
5	1	8.0	8	[6, 10, 4, 7]	0.0006394386291503906
5	5	8.0	8	[6, 10, 4, 7]	0.001329660415649414
5	10	5.0	8	[6, 10, 4, 7]	0.001308441162109375
5	15	5.0	8	[6, 10, 4, 7]	0.0012722015380859375
5	20	5.0	8	[6, 10, 4, 7]	0.0012845993041992188
5	25	5.0	8	[6, 10, 4, 7]	0.0012981891632080078
5	1	18.0	9	[11, 12, 2, 1, 8]	0.001710653305053711
5	5	18.0	9	[11, 12, 2, 1, 8]	0.0008876323699951172
5	10	18.0	9	[11, 12, 2, 1, 8]	0.001638174057006836
5	15	14.0	9	[11, 12, 2, 1, 8]	0.0024399757385253906
5	20	14.0	9	[11, 12, 2, 1, 8]	0.001567840576171875
5	25	14.0	9	[11, 12, 2, 1, 8]	0.0019674301147460938
5	1	40.0	26	[13, 11, 12, 2, 1, 8, 5, 9, 7, 4, 10, 6]	0.003825664520263672
5	5	40.0	26	[13, 11, 12, 2, 1, 8, 5, 9, 7, 4, 10, 6]	0.003928184509277344
5	10	37.0	26	[13, 11, 12, 2, 1, 8, 5, 9, 7, 4, 10, 6]	0.003799915313720703
5	15	33.0	26	[13, 11, 12, 2, 1, 8, 5, 9, 7, 4, 10, 6]	0.0037491321563720703
5	20	34.0	27	[13, 11, 12, 2, 1, 8, 5, 9, 7, 4, 10, 6]	0.0041201114654541016
5	25	21.0	19	[13, 11, 12, 0, 9, 7, 4, 10, 6]	0.003313302993774414
5	1	19.0	14	[1, 2, 9, 7, 4, 10, 6]	0.0020461082458496094
5	5	19.0	14	[1, 2, 9, 7, 4, 10, 6]	0.0024383068084716797
5	10	16.0	14	[1, 2, 9, 7, 4, 10, 6]	0.0024933815002441406
5	15	16.0	14	[1, 2, 9, 7, 4, 10, 6]	0.0023262500762939453
5	20	16.0	14	[1, 2, 9, 7, 4, 10, 6]	0.0020439624786376953
5	25	6.0	9	[1, 2, 3, 6]	0.000888824462890625
5	1	37.0	30	[9, 7, 4, 10, 6, 3, 2, 1, 8, 5, 9, 0, 12, 11]	0.003977298736572266
5	5	43.0	33	[9, 7, 4, 10, 6, 3, 2, 1, 8, 5, 8, 1, 2, 12, 11]	0.004691362380981445
5	10	40.0	33	[9, 7, 4, 10, 6, 3, 2, 1, 8, 5, 8, 1, 2, 12, 11]	0.00441741943359375
5	15	35.0	33	[9, 7, 4, 10, 6, 3, 2, 1, 8, 5, 8, 5, 9, 0, 12]	0.005239009857177734
5	20	40.0	37	[9, 7, 4, 10, 6, 3, 2, 1, 8, 5, 8, 1, 8, 1, 2]	0.004083156585693359
5	25	29.0	31	[9, 7, 4, 10, 6, 3, 2, 1, 8, 5, 9, 0, 12, 11]	0.004713535308837891
5	1	40.0	26	[11, 12, 2, 1, 8, 5, 9, 7, 4, 10, 6, 3]	0.004606008529663086
5	5	40.0	26	[11, 12, 2, 1, 8, 5, 9, 7, 4, 10, 6, 3]	0.005202770233154297
5	10	37.0	26	[11, 12, 2, 1, 8, 5, 9, 7, 4, 10, 6, 3]	0.005632638931274414
5	15	40.0	32	[11, 12, 2, 1, 8, 5, 9, 0, 13, 0, 9, 7, 4, 10, 6]	0.005705833435058594
5	20	34.0	27	[11, 12, 2, 1, 8, 5, 9, 7, 4, 10, 6, 3]	0.004385709762573242
5	25	32.0	27	[11, 12, 2, 1, 8, 5, 9, 7, 4, 10, 6, 3]	0.004640102386474609
5	1	8.0	7	[4, 7, 9, 2]	0.001283884048461914
5	5	8.0	7	[4, 7, 9, 2]	0.001439809799194336
5	10	5.0	7	[4, 7, 9, 2]	0.0018453598022460938
5	15	5.0	7	[4, 7, 9, 2]	0.0022611618041992188
5	20	5.0	7	[4, 7, 9, 2]	0.001428365707397461
5	25	5.0	7	[4, 7, 9, 2]	0.0012557506561279297
5	1	28.0	22	[4, 7, 9, 2, 1, 8, 5, 9, 0, 12, 11]	0.0040585994720458984
5	5	43.0	34	[4, 7, 9, 2, 1, 8, 5, 8, 1, 8, 5, 8, 1, 8, 1]	0.0038406848907470703
5	10	24.0	18	[4, 7, 9, 5, 8, 1, 2, 12, 11]	0.0024673938751220703
5	15	21.0	22	[4, 7, 9, 2, 1, 8, 5, 9, 0, 12, 11]	0.003783702850341797
5	20	39.0	37	[4, 7, 9, 2, 1, 8, 5, 8, 1, 8, 5, 8, 5, 9, 0]	0.003126859664916992
5	25	22.0	23	[4, 7, 9, 2, 1, 8, 5, 9, 0, 12, 11]	0.0032639503479003906
6	1	12.0	8	[6, 10, 4, 7, 9]	0.00278472900390625
6	5	12.0	8	[6, 10, 4, 7, 9]	0.0021181106567382812
6	10	12.0	8	[6, 10, 4, 7, 9]	0.00168609619140625
6	15	12.0	8	[6, 10, 4, 7, 9]	0.0015969276428222656
6	20	12.0	8	[6, 10, 4, 7, 9]	0.003835916519165039
6	25	12.0	8	[6, 10, 4, 7, 9]	0.0018224716186523438
6	1	18.0	13	[12, 2, 1, 8, 5, 9, 7]	0.0024285316467285156
6	5	18.0	13	[12, 2, 1, 8, 5, 9, 7]	0.0037872791290283203
6	10	15.0	15	[12, 2, 1, 8, 5, 9, 7]	0.0031256675720214844
6	15	12.0	17	[12, 2, 1, 8, 5, 9, 7]	0.002730131149291992
6	20	10010.0	10012	[12, 2, 1, 8, 5, 9, 7]	0.002714872360229492
6	25	30004.0	30004	[12, 2, 1, 8, 5, 9, 7]	0.0021598339080810547
6	1	14.0	8	[1, 2, 9, 7, 4]	0.0020503997802734375
6	5	14.0	8	[1, 2, 9, 7, 4]	0.0017690658569335938
6	10	11.0	10	[1, 2, 9, 7, 4]	0.0017693042755126953
6	15	11.0	10	[1, 2, 9, 7, 4]	0.0021948814392089844
6	20	10009.0	10005	[1, 2, 9, 7, 4]	0.0017085075378417969
6	25	10009.0	10005	[1, 2, 9, 7, 4]	0.0019941329956054688
6	1	39.0	30	[7, 9, 2, 1, 8, 5, 9, 0, 12, 11, 13, 0, 12, 2, 3]	0.004365444183349609
6	5	40.0	30	[7, 9, 2, 1, 8, 5, 9, 0, 12, 11, 13, 11, 12, 0, 9]	0.003496408462524414
6	10	39.0	32	[7, 9, 2, 1, 8, 5, 9, 0, 12, 11, 13, 11, 12, 2, 3]	0.003830432891845703
6	15	10029.0	10029	[7, 9, 2, 1, 8, 5, 9, 0, 12, 11, 13, 11, 0, 9, 5]	0.003819704055786133
6	20	30025.0	30022	[7, 9, 2, 1, 8, 5, 8, 1, 8, 5, 8, 5, 8, 1, 2]	0.0027298927307128906
6	25	30026.0	30023	[7, 9, 2, 1, 8, 5, 8, 5, 9, 0, 12, 11, 13, 11, 0]	0.0043523311614990234
6	1	25.0	18	[9, 7, 4, 10, 6, 3, 2, 1, 8, 5]	0.004656791687011719
6	5	25.0	18	[9, 7, 4, 10, 6, 3, 2, 1, 8, 5]	0.0038840770721435547
6	10	22.0	20	[9, 7, 4, 10, 6, 3, 2, 1, 8, 5]	0.005304813385009766
6	15	22.0	20	[9, 7, 4, 10, 6, 3, 2, 1, 8, 5]	0.004214048385620117
6	20	10020.0	10015	[9, 7, 4, 10, 6, 3, 2, 1, 8, 5]	0.004093170166015625
6	25	20017.0	20012	[9, 7, 4, 10, 6, 3, 2, 1, 8, 5]	0.0047948360443115234
6	1	10.0	8	[3, 2, 1, 8, 5]	0.0025856494903564453
6	5	10.0	8	[3, 2, 1, 8, 5]	0.0019943714141845703
6	10	7.0	10	[3, 2, 1, 8, 5]	0.0017554759979248047
6	15	7.0	10	[3, 2, 1, 8, 5]	0.0017139911651611328
6	20	10005.0	10005	[3, 2, 1, 8, 5]	0.001466989517211914
6	25	20002.0	20002	[3, 2, 1, 8, 5]	0.0019373893737792969
6	1	38.0	30	[6, 10, 4, 7, 9, 2, 1, 8, 5, 9, 0, 12, 11, 13, 11]	0.005190849304199219
6	5	35.0	30	[6, 10, 4, 7, 9, 2, 1, 8, 5, 8, 5, 9, 0, 12, 11]	0.0054895877838134766
6	10	36.0	33	[6, 10, 4, 7, 9, 2, 1, 8, 5, 8, 1, 2, 12, 11, 0]	0.005632877349853516
6	15	33.0	32	[6, 10, 4, 7, 9, 2, 1, 8, 5, 8, 5, 9, 0, 12, 11]	0.004350423812866211
6	20	20028.0	20024	[6, 10, 4, 7, 9, 2, 1, 8, 5, 9, 0, 12, 11, 13, 0]	0.005800724029541016
6	25	20029.0	20025	[6, 10, 4, 7, 9, 2, 1, 8, 5, 8, 5, 9, 0, 12, 11]	0.004109621047973633
6	1	38.0	25	[13, 11, 12, 2, 1, 8, 5, 9, 7, 4, 10, 6, 3]	0.0047588348388671875
6	5	38.0	25	[13, 11, 12, 2, 1, 8, 5, 9, 7, 4, 10, 6, 3]	0.005089998245239258
6	10	15.0	8	[13, 11, 12, 2, 3]	0.0013360977172851562
6	15	10026.0	10026	[13, 11, 12, 2, 1, 8, 5, 9, 7, 4, 10, 6, 3]	0.005169868469238281
6	20	20024.0	20021	[13, 11, 12, 2, 1, 8, 5, 9, 7, 4, 10, 6, 3]	0.005621194839477539
6	25	40018.0	40013	[13, 11, 12, 2, 1, 8, 5, 9, 7, 4, 10, 6, 3]	0.004934787750244141
6	1	19.0	14	[8, 1, 2, 9, 7, 4, 10, 6]	0.00451207160949707
6	5	19.0	14	[8, 1, 2, 9, 7, 4, 10, 6]	0.0027430057525634766
6	10	16.0	16	[8, 1, 2, 9, 7, 4, 10, 6]	0.0028138160705566406
6	15	16.0	16	[8, 1, 2, 9, 7, 4, 10, 6]	0.004023313522338867
6	20	10014.0	10011	[8, 1, 2, 9, 7, 4, 10, 6]	0.002810955047607422
6	25	10014.0	10011	[8, 1, 2, 9, 7, 4, 10, 6]	0.0025146007537841797
6	1	17.0	14	[0, 9, 7, 4, 10, 6, 3, 2]	0.0029065608978271484
6	5	17.0	14	[0, 9, 7, 4, 10, 6, 3, 2]	0.002835512161254883
6	10	17.0	14	[0, 9, 7, 4, 10, 6, 3, 2]	0.0030188560485839844
6	15	17.0	14	[0, 9, 7, 4, 10, 6, 3, 2]	0.0024864673614501953
6	20	17.0	14	[0, 9, 7, 4, 10, 6, 3, 2]	0.0028412342071533203
6	25	17.0	14	[0, 9, 7, 4, 10, 6, 3, 2]	0.002817869186401367
6	1	38.0	30	[10, 4, 7, 9, 2, 1, 8, 5, 8, 1, 8, 5, 8, 1, 8]	0.0029740333557128906
6	5	38.0	30	[10, 4, 7, 9, 2, 1, 8, 5, 8, 1, 8, 1, 8, 5, 9]	0.0029730796813964844
6	10	20.0	21	[10, 4, 7, 9, 2, 1, 8, 5, 9, 0]	0.0035185813903808594
6	15	31.0	27	[10, 6, 3, 2, 1, 8, 5, 9, 7, 4, 7, 9, 0]	0.004531383514404297
6	20	10018.0	10016	[10, 4, 7, 9, 2, 1, 8, 5, 9, 0]	0.002874612808227539
6	25	20023.0	20023	[10, 4, 7, 9, 2, 1, 8, 5, 8, 5, 8, 5, 9, 0]	0.003922939300537109
6	1	1.0	3	[5, 9]	0.00046181678771972656
6	5	1.0	3	[5, 9]	0.0004947185516357422
6	10	1.0	3	[5, 9]	0.00045561790466308594
6	15	1.0	3	[5, 9]	0.0005311965942382812
6	20	1.0	3	[5, 9]	0.0004966259002685547
6	25	1.0	3	[5, 9]	0.0006964206695556641
6	1	24.0	16	[8, 1, 2, 9, 7, 4, 10, 6, 3]	0.0035371780395507812
6	5	24.0	16	[8, 1, 2, 9, 7, 4, 10, 6, 3]	0.004014253616333008
6	10	19.0	15	[8, 5, 9, 7, 4, 10, 6, 3]	0.002618551254272461
6	15	21.0	18	[8, 1, 2, 9, 7, 4, 10, 6, 3]	0.0033648014068603516
6	20	10019.0	10013	[8, 1, 2, 9, 7, 4, 10, 6, 3]	0.0034143924713134766
6	25	10019.0	10013	[8, 1, 2, 9, 7, 4, 10, 6, 3]	0.0033636093139648438
6	1	37.0	30	[5, 9, 7, 4, 10, 6, 3, 2, 1, 8, 1, 8, 5, 8, 1]	0.0035881996154785156
6	5	39.0	30	[5, 9, 7, 4, 10, 6, 3, 2, 1, 8, 5, 8, 1, 2, 12]	0.004416704177856445
6	10	31.0	33	[5, 9, 7, 4, 10, 6, 3, 2, 1, 8, 5, 8, 5, 9, 0]	0.005553245544433594
6	15	31.0	32	[5, 9, 7, 4, 10, 6, 3, 2, 1, 8, 5, 9, 0, 12, 11]	0.005093812942504883
6	20	30027.0	30020	[5, 9, 7, 4, 10, 6, 3, 2, 1, 8, 1, 8, 1, 2, 12]	0.006528139114379883
6	25	20026.0	20025	[5, 9, 7, 4, 10, 6, 3, 2, 1, 8, 5, 8, 5, 9, 0]	0.005258798599243164
6	1	22.0	12	[13, 11, 12, 2, 1, 8, 5]	0.0036208629608154297
6	5	22.0	12	[13, 11, 12, 2, 1, 8, 5]	0.0028204917907714844
6	10	19.0	14	[13, 11, 12, 2, 1, 8, 5]	0.0030341148376464844
6	15	10025.0	10023	[13, 11, 0, 9, 7, 4, 10, 6, 3, 2, 1, 8, 5]	0.006459951400756836
6	20	20008.0	20008	[13, 11, 12, 2, 1, 8, 5]	0.0024657249450683594
6	25	30020.0	30015	[13, 11, 0, 9, 7, 4, 10, 6, 3, 2, 1, 8, 5]	0.006108283996582031
6	1	1.0	3	[5, 9]	0.0006034374237060547
6	5	1.0	3	[5, 9]	0.0005698204040527344
6	10	1.0	3	[5, 9]	0.0005309581756591797
6	15	1.0	3	[5, 9]	5.4836273193359375e-05
6	20	1.0	3	[5, 9]	0.0006177425384521484
6	25	1.0	3	[5, 9]	0.0006875991821289062
6	1	21.0	14	[6, 10, 4, 7, 9, 2, 1, 8]	0.003599405288696289
6	5	21.0	14	[6, 10, 4, 7, 9, 2, 1, 8]	0.0042073726654052734
6	10	18.0	16	[6, 10, 4, 7, 9, 2, 1, 8]	0.0044384002685546875
6	15	18.0	16	[6, 10, 4, 7, 9, 2, 1, 8]	0.0039882659912109375
6	20	10016.0	10011	[6, 10, 4, 7, 9, 2, 1, 8]	0.0031080245971679688
6	25	20013.0	20008	[6, 10, 4, 7, 9, 2, 1, 8]	0.0039882659912109375
6	1	9.0	6	[1, 2, 9, 7]	0.0017461776733398438
6	5	14.0	12	[1, 2, 3, 6, 10, 4, 7]	0.0033681392669677734
6	10	6.0	8	[1, 2, 9, 7]	0.001714944839477539
6	15	6.0	8	[1, 2, 9, 7]	0.0017077922821044922
6	20	10004.0	10003	[1, 2, 9, 7]	0.0022504329681396484
6	25	10004.0	10003	[1, 2, 9, 7]	0.001470804214477539
6	1	15.0	10	[9, 7, 4, 10, 6, 3]	0.0018901824951171875
6	5	15.0	10	[9, 7, 4, 10, 6, 3]	0.003095865249633789
6	10	15.0	10	[9, 7, 4, 10, 6, 3]	0.0023279190063476562
6	15	15.0	10	[9, 7, 4, 10, 6, 3]	0.002374410629272461
6	20	15.0	10	[9, 7, 4, 10, 6, 3]	0.002389669418334961
6	25	15.0	10	[9, 7, 4, 10, 6, 3]	0.0034127235412597656
6	1	38.0	29	[3, 2, 1, 8, 5, 9, 7, 4, 10, 6, 10, 6, 10, 6, 3]	0.0051424503326416016
6	5	34.0	29	[3, 2, 1, 8, 5, 9, 7, 4, 10, 6, 10, 4, 7, 4, 10]	0.004431486129760742
6	10	35.0	31	[3, 2, 1, 8, 5, 9, 7, 4, 10, 6, 3, 6, 3, 2, 12]	0.006015300750732422
6	15	31.0	29	[3, 2, 1, 8, 5, 9, 7, 4, 10, 6, 3, 2, 12, 11]	0.007203817367553711
6	20	10029.0	10024	[3, 2, 1, 8, 5, 9, 7, 4, 10, 6, 3, 2, 12, 11]	0.006749391555786133
6	25	20030.0	20023	[3, 2, 1, 8, 5, 9, 7, 4, 10, 6, 3, 6, 10, 6, 10]	0.0036461353302001953
7	1	7.0	7	[3, 2, 1, 8]	0.001935720443725586
7	5	27.0	27	[3, 2, 9, 7, 4, 10, 6, 10, 6, 3, 2, 1, 8]	0.0033550262451171875
7	10	5.0	7	[3, 2, 1, 8]	0.002135038375854492
7	15	5.0	7	[3, 2, 1, 8]	0.0024566650390625
7	20	5.0	7	[3, 2, 1, 8]	0.002077341079711914
7	25	5.0	7	[3, 2, 1, 8]	0.0017595291137695312
7	1	36.0	29	[7, 9, 2, 1, 8, 5, 8, 5, 8, 5, 9, 0, 12]	0.003835439682006836
7	5	26.0	19	[7, 9, 2, 1, 8, 5, 9, 0, 12]	0.003723621368408203
7	10	24.0	19	[7, 9, 2, 1, 8, 5, 9, 0, 12]	0.0028676986694335938
7	15	24.0	19	[7, 9, 2, 1, 8, 5, 9, 0, 12]	0.0028808116912841797
7	20	21.0	22	[7, 9, 2, 1, 8, 5, 8, 1, 2, 12]	0.002694845199584961
7	25	24.0	19	[7, 9, 2, 1, 8, 5, 9, 0, 12]	0.0025942325592041016
7	1	7.0	7	[8, 1, 2, 9]	0.0013425350189208984
7	5	17.0	13	[8, 1, 2, 12, 11, 0, 9]	0.002771615982055664
7	10	7.0	7	[8, 1, 2, 9]	0.0017151832580566406
7	15	7.0	7	[8, 1, 2, 9]	0.0016183853149414062
7	20	7.0	7	[8, 1, 2, 9]	0.0016162395477294922
7	25	7.0	7	[8, 1, 2, 9]	0.0016794204711914062
7	1	45.0	31	[7, 9, 2, 1, 8, 5, 9, 0, 12, 11, 13, 11, 0, 9, 0]	0.00421142578125
7	5	40.0	32	[7, 9, 2, 1, 8, 5, 8, 5, 9, 0, 12, 11, 13, 0, 12]	0.004466533660888672
7	10	39.0	32	[7, 9, 2, 1, 8, 5, 9, 0, 12, 11, 13, 0, 11, 0, 12]	0.005160331726074219
7	15	36.0	32	[7, 9, 2, 1, 8, 5, 9, 0, 12, 11, 13, 0, 11, 0, 13]	0.004171609878540039
7	20	36.0	31	[7, 9, 2, 1, 8, 5, 9, 0, 12, 11, 13, 0, 13, 11, 12]	0.004475116729736328
7	25	34.0	31	[7, 9, 2, 1, 8, 5, 9, 0, 12, 11, 13, 11, 13, 11, 13]	0.005021810531616211
7	1	10.0	9	[3, 2, 1, 8, 5]	0.0013644695281982422
7	5	32.0	30	[3, 2, 9, 7, 4, 10, 6, 3, 6, 3, 6, 10, 6, 10, 6]	0.0024073123931884766
7	10	8.0	9	[3, 2, 1, 8, 5]	0.003053426742553711
7	15	8.0	9	[3, 2, 1, 8, 5]	0.003220796585083008
7	20	8.0	9	[3, 2, 1, 8, 5]	0.0017459392547607422
7	25	8.0	9	[3, 2, 1, 8, 5]	0.0021927356719970703
7	1	11.0	7	[7, 9, 2, 1]	0.0013608932495117188
7	5	11.0	7	[7, 9, 2, 1]	0.0012969970703125
7	10	12.0	14	[7, 4, 10, 6, 3, 2, 1]	0.002078533172607422
7	15	9.0	7	[7, 9, 2, 1]	0.001615762710571289
7	20	9.0	7	[7, 9, 2, 1]	0.0016450881958007812
7	25	9.0	7	[7, 9, 2, 1]	0.001676797866821289
7	1	16.0	15	[12, 2, 1, 8, 5, 9, 7]	0.0024268627166748047
7	5	16.0	15	[12, 2, 1, 8, 5, 9, 7]	0.002786397933959961
7	10	14.0	15	[12, 2, 1, 8, 5, 9, 7]	0.003299236297607422
7	15	14.0	15	[12, 2, 1, 8, 5, 9, 7]	0.0027608871459960938
7	20	14.0	15	[12, 2, 1, 8, 5, 9, 7]	0.0023071765899658203
7	25	12.0	16	[12, 2, 1, 8, 5, 9, 7]	0.0029420852661132812
7	1	20.0	18	[0, 9, 7, 4, 10, 6, 3, 2, 1]	0.004157066345214844
7	5	20.0	18	[0, 9, 7, 4, 10, 6, 3, 2, 1]	0.004281282424926758
7	10	18.0	18	[0, 9, 7, 4, 10, 6, 3, 2, 1]	0.004130125045776367
7	15	18.0	18	[0, 9, 7, 4, 10, 6, 3, 2, 1]	0.003594636917114258
7	20	18.0	18	[0, 9, 7, 4, 10, 6, 3, 2, 1]	0.003989696502685547
7	25	18.0	18	[0, 9, 7, 4, 10, 6, 3, 2, 1]	0.0031151771545410156
7	1	25.0	25	[11, 12, 2, 1, 8, 5, 9, 7, 4, 10, 6]	0.005452871322631836
7	5	25.0	25	[11, 12, 2, 1, 8, 5, 9, 7, 4, 10, 6]	0.004667997360229492
7	10	23.0	25	[11, 12, 2, 1, 8, 5, 9, 7, 4, 10, 6]	0.004698514938354492
7	15	23.0	25	[11, 12, 2, 1, 8, 5, 9, 7, 4, 10, 6]	0.004667520523071289
7	20	23.0	25	[11, 12, 2, 1, 8, 5, 9, 7, 4, 10, 6]	0.004796504974365234
7	25	21.0	26	[11, 12, 2, 1, 8, 5, 9, 7, 4, 10, 6]	0.004658222198486328
7	1	19.0	15	[11, 12, 2, 1, 8, 5, 9]	0.0026743412017822266
7	5	19.0	15	[11, 12, 2, 1, 8, 5, 9]	0.0026712417602539062
7	10	17.0	15	[11, 12, 2, 1, 8, 5, 9]	0.002460002899169922
7	15	17.0	15	[11, 12, 2, 1, 8, 5, 9]	0.0031585693359375
7	20	17.0	15	[11, 12, 2, 1, 8, 5, 9]	0.002560138702392578
7	25	15.0	16	[11, 12, 2, 1, 8, 5, 9]	0.0024890899658203125
7	1	14.0	17	[1, 2, 9, 7, 4, 10, 6, 3]	0.0029036998748779297
7	5	30.0	22	[1, 2, 9, 0, 12, 11, 13, 0, 12, 2, 3]	0.0028123855590820312
7	10	14.0	17	[1, 2, 9, 7, 4, 10, 6, 3]	0.002789735794067383
7	15	14.0	17	[1, 2, 9, 7, 4, 10, 6, 3]	0.003040313720703125
7	20	14.0	17	[1, 2, 9, 7, 4, 10, 6, 3]	0.0025234222412109375
7	25	14.0	17	[1, 2, 9, 7, 4, 10, 6, 3]	0.002772808074951172
7	1	18.0	17	[10, 4, 7, 9, 2, 1, 8, 5]	0.0029387474060058594
7	5	18.0	17	[10, 4, 7, 9, 2, 1, 8, 5]	0.0027883052825927734
7	10	16.0	17	[10, 4, 7, 9, 2, 1, 8, 5]	0.0028989315032958984
7	15	16.0	17	[10, 4, 7, 9, 2, 1, 8, 5]	0.0029909610748291016
7	20	16.0	17	[10, 4, 7, 9, 2, 1, 8, 5]	0.0029489994049072266
7	25	16.0	17	[10, 4, 7, 9, 2, 1, 8, 5]	0.003059864044189453
7	1	9.0	7	[2, 1, 8, 5]	0.0013463497161865234
7	5	9.0	7	[2, 1, 8, 5]	0.0012879371643066406
7	10	7.0	7	[2, 1, 8, 5]	0.0013704299926757812
7	15	7.0	7	[2, 1, 8, 5]	0.0013387203216552734
7	20	7.0	7	[2, 1, 8, 5]	0.001337289810180664
7	25	7.0	7	[2, 1, 8, 5]	0.0014867782592773438
7	1	11.0	14	[9, 7, 4, 10, 6, 3, 2]	0.0025649070739746094
7	5	11.0	14	[9, 7, 4, 10, 6, 3, 2]	0.0025949478149414062
7	10	11.0	14	[9, 7, 4, 10, 6, 3, 2]	0.0017576217651367188
7	15	11.0	14	[9, 7, 4, 10, 6, 3, 2]	0.002440214157104492
7	20	11.0	14	[9, 7, 4, 10, 6, 3, 2]	0.0024781227111816406
7	25	11.0	14	[9, 7, 4, 10, 6, 3, 2]	0.0029931068420410156
7	1	17.0	12	[11, 12, 2, 1, 8, 5]	0.0022449493408203125
7	5	17.0	12	[11, 12, 2, 1, 8, 5]	0.0020799636840820312
7	10	15.0	12	[11, 12, 2, 1, 8, 5]	0.0018968582153320312
7	15	15.0	12	[11, 12, 2, 1, 8, 5]	0.002317190170288086
7	20	15.0	12	[11, 12, 2, 1, 8, 5]	0.002076387405395508
7	25	13.0	13	[11, 12, 2, 1, 8, 5]	0.0021746158599853516
7	1	16.0	20	[3, 2, 1, 8, 5, 9, 7, 4, 10]	0.003712892532348633
7	5	16.0	20	[3, 2, 1, 8, 5, 9, 7, 4, 10]	0.0028526782989501953
7	10	14.0	20	[3, 2, 1, 8, 5, 9, 7, 4, 10]	0.004689693450927734
7	15	14.0	20	[3, 2, 1, 8, 5, 9, 7, 4, 10]	0.004637241363525391
7	20	14.0	20	[3, 2, 1, 8, 5, 9, 7, 4, 10]	0.0040247440338134766
7	25	14.0	20	[3, 2, 1, 8, 5, 9, 7, 4, 10]	0.0047338008880615234
7	1	32.0	34	[5, 9, 7, 4, 10, 6, 3, 2, 1, 8, 5, 8, 5, 8, 5]	0.006628990173339844
7	5	20.0	16	[5, 8, 1, 2, 9, 0, 12, 11]	0.0027289390563964844
7	10	25.0	31	[5, 9, 7, 4, 10, 6, 3, 2, 1, 8, 1, 2, 12, 11]	0.004242420196533203
7	15	27.0	34	[5, 9, 7, 4, 10, 6, 3, 2, 1, 8, 1, 8, 1, 2, 12]	0.00435328483581543
7	20	30.0	34	[5, 9, 7, 4, 10, 6, 3, 2, 1, 8, 5, 8, 5, 8, 5]	0.0046041011810302734
7	25	28.0	34	[5, 9, 7, 4, 10, 6, 3, 2, 1, 8, 1, 8, 1, 8, 5]	0.005096435546875
7	1	26.0	27	[10, 4, 7, 9, 2, 1, 8, 5, 8, 1, 2, 12]	0.004739999771118164
7	5	29.0	24	[10, 4, 7, 9, 2, 1, 8, 5, 9, 0, 12]	0.00446319580078125
7	10	27.0	24	[10, 4, 7, 9, 2, 1, 8, 5, 9, 0, 12]	0.003896951675415039
7	15	27.0	24	[10, 4, 7, 9, 2, 1, 8, 5, 9, 0, 12]	0.003920793533325195
7	20	31.0	35	[10, 4, 7, 9, 2, 1, 8, 5, 8, 5, 8, 1, 8, 1, 2]	0.004285097122192383
7	25	27.0	24	[10, 4, 7, 9, 2, 1, 8, 5, 9, 0, 12]	0.0046160221099853516
7	1	13.0	17	[5, 9, 7, 4, 10, 6, 3, 2]	0.004278898239135742
7	5	13.0	17	[5, 9, 7, 4, 10, 6, 3, 2]	0.0033190250396728516
7	10	13.0	17	[5, 9, 7, 4, 10, 6, 3, 2]	0.0030455589294433594
7	15	13.0	17	[5, 9, 7, 4, 10, 6, 3, 2]	0.004201412200927734
7	20	13.0	17	[5, 9, 7, 4, 10, 6, 3, 2]	0.004285097122192383
7	25	13.0	17	[5, 9, 7, 4, 10, 6, 3, 2]	0.0030443668365478516
7	1	6.0	4	[3, 2, 1]	0.0016481876373291016
7	5	6.0	4	[3, 2, 1]	0.0012333393096923828
7	10	4.0	4	[3, 2, 1]	0.0011067390441894531
7	15	4.0	4	[3, 2, 1]	0.0009889602661132812
7	20	4.0	4	[3, 2, 1]	0.0006003379821777344
7	25	4.0	4	[3, 2, 1]	0.0020537376403808594
8	1	30.0	30	[12, 2, 1, 8, 5, 9, 7, 4, 10, 6, 3, 6, 3, 2, 1]	0.005969047546386719
8	5	30.0	31	[12, 2, 1, 8, 5, 9, 7, 4, 10, 6, 3, 2, 1, 2, 1]	0.007288932800292969
8	10	25.0	32	[12, 2, 1, 8, 5, 9, 7, 4, 10, 6, 3, 2, 12, 11, 13]	0.006656169891357422
8	15	24.0	32	[12, 2, 1, 8, 5, 9, 7, 4, 10, 6, 3, 6, 10, 6, 3]	0.007554769515991211
8	20	29.0	30	[12, 2, 1, 8, 5, 9, 7, 4, 10, 6, 3, 2, 9, 0]	0.005228996276855469
8	25	30.0	32	[12, 2, 1, 8, 5, 9, 7, 4, 10, 6, 3, 6, 10, 4, 10]	0.007013082504272461
8	1	11.0	15	[13, 11, 12, 2, 1, 8, 5]	0.003534555435180664
8	5	11.0	15	[13, 11, 12, 2, 1, 8, 5]	0.005008220672607422
8	10	8.0	16	[13, 11, 12, 2, 1, 8, 5]	0.003406047821044922
8	15	8.0	16	[13, 11, 12, 2, 1, 8, 5]	0.005561113357543945
8	20	9.0	16	[13, 11, 12, 2, 1, 8, 5]	0.003267049789428711
8	25	9.0	16	[13, 11, 12, 2, 1, 8, 5]	0.004441261291503906
8	1	3.0	5	[2, 1, 8]	0.0022721290588378906
8	5	3.0	5	[2, 1, 8]	0.0010521411895751953
8	10	3.0	5	[2, 1, 8]	0.0011992454528808594
8	15	3.0	5	[2, 1, 8]	0.0011076927185058594
8	20	38.0	29	[2, 3, 6, 10, 4, 7, 9, 0, 12, 11, 13, 0, 12, 11, 0]	0.007897615432739258
8	25	3.0	5	[2, 1, 8]	0.0011637210845947266
8	1	45.0	30	[10, 4, 7, 9, 2, 1, 8, 5, 8, 5, 8, 5, 8, 1, 2]	0.006829500198364258
8	5	45.0	29	[10, 4, 7, 9, 2, 1, 8, 5, 8, 5, 9, 0, 12, 11, 13]	0.00875997543334961
8	10	33.0	27	[10, 4, 7, 9, 2, 1, 8, 5, 9, 0, 12, 11, 13]	0.0071926116943359375
8	15	33.0	27	[10, 4, 7, 9, 2, 1, 8, 5, 9, 0, 12, 11, 13]	0.006672382354736328
8	20	39.0	33	[10, 4, 7, 9, 2, 1, 8, 5, 8, 5, 9, 0, 12, 11, 13]	0.009531497955322266
8	25	31.0	38	[10, 4, 7, 9, 2, 1, 8, 5, 8, 5, 8, 5, 8, 1, 8]	0.005322694778442383
8	1	9.0	6	[5, 9, 2, 1]	0.0022122859954833984
8	5	19.0	16	[5, 9, 7, 4, 10, 6, 3, 2, 1]	0.004480123519897461
8	10	17.0	17	[5, 9, 7, 4, 10, 6, 3, 2, 1]	0.004668712615966797
8	15	17.0	17	[5, 9, 7, 4, 10, 6, 3, 2, 1]	0.0046460628509521484
8	20	18.0	17	[5, 9, 7, 4, 10, 6, 3, 2, 1]	0.006054401397705078
8	25	18.0	17	[5, 9, 7, 4, 10, 6, 3, 2, 1]	0.0047380924224853516
8	1	20.0	21	[13, 11, 12, 2, 1, 8, 5, 9, 7, 4]	0.0055081844329833984
8	5	20.0	21	[13, 11, 12, 2, 1, 8, 5, 9, 7, 4]	0.005002021789550781
8	10	15.0	23	[13, 11, 12, 2, 1, 8, 5, 9, 7, 4]	0.00542902946472168
8	15	15.0	23	[13, 11, 12, 2, 1, 8, 5, 9, 7, 4]	0.00473332405090332
8	20	29.0	33	[13, 11, 12, 2, 1, 8, 5, 9, 0, 11, 13, 0, 12, 11, 13]	0.005759239196777344
8	25	17.0	23	[13, 11, 12, 2, 1, 8, 5, 9, 7, 4]	0.005030393600463867
8	1	7.0	6	[6, 10, 4, 7]	0.001832723617553711
8	5	7.0	6	[6, 10, 4, 7]	0.001992940902709961
8	10	7.0	6	[6, 10, 4, 7]	0.0026509761810302734
8	15	7.0	6	[6, 10, 4, 7]	0.0022292137145996094
8	20	7.0	6	[6, 10, 4, 7]	0.0016257762908935547
8	25	7.0	6	[6, 10, 4, 7]	0.0020294189453125
8	1	1.0	2	[0, 9]	0.001188516616821289
8	5	1.0	2	[0, 9]	0.001669168472290039
8	10	1.0	2	[0, 9]	0.0012025833129882812
8	15	1.0	2	[0, 9]	0.0008783340454101562
8	20	1.0	2	[0, 9]	0.0012314319610595703
8	25	1.0	2	[0, 9]	0.001026153564453125
8	1	39.0	29	[9, 7, 4, 10, 6, 3, 2, 1, 8, 5, 8, 5, 8, 5, 9]	0.005376577377319336
8	5	35.0	25	[9, 7, 4, 10, 6, 3, 2, 1, 8, 5, 9, 0, 12]	0.005994319915771484
8	10	25.0	35	[9, 7, 4, 10, 6, 3, 2, 1, 8, 5, 8, 1, 8, 5, 8]	0.00580143928527832
8	15	9.0	13	[9, 5, 8, 1, 2, 12]	0.0025267601013183594
8	20	30.0	35	[9, 7, 4, 10, 6, 3, 2, 1, 8, 5, 8, 1, 8, 1, 2]	0.007709980010986328
8	25	30.0	35	[9, 7, 4, 10, 6, 3, 2, 1, 8, 5, 8, 1, 8, 5, 8]	0.006389617919921875
8	1	30.0	30	[12, 2, 1, 8, 5, 9, 7, 4, 10, 6, 3, 2, 12, 11, 0]	0.01189732551574707
8	5	30.0	30	[12, 2, 1, 8, 5, 9, 7, 4, 10, 6, 3, 6, 3, 2, 9]	0.006979942321777344
8	10	25.0	33	[12, 2, 1, 8, 5, 9, 7, 4, 10, 6, 3, 2, 3, 6, 3]	0.006388425827026367
8	15	24.0	32	[12, 2, 1, 8, 5, 9, 7, 4, 10, 6, 3, 6, 10, 6, 3]	0.006665468215942383
8	20	27.0	32	[12, 2, 1, 8, 5, 9, 7, 4, 10, 6, 3, 2, 12, 11, 0]	0.006905317306518555
8	25	28.0	33	[12, 0, 9, 7, 4, 10, 6, 3, 2, 1, 8, 5, 8, 1, 8]	0.007349491119384766
8	1	29.0	30	[12, 2, 1, 8, 5, 9, 7, 4, 10, 6, 3, 6, 10, 6, 10]	0.006875753402709961
8	5	33.0	30	[12, 2, 1, 8, 5, 9, 7, 4, 10, 6, 3, 2, 9, 0, 11]	0.007767200469970703
8	10	28.0	32	[12, 2, 1, 8, 5, 9, 7, 4, 10, 6, 3, 2, 9, 0, 11]	0.010973930358886719
8	15	26.0	33	[12, 2, 1, 8, 5, 9, 7, 4, 10, 6, 3, 2, 3, 2, 1]	0.00732111930847168
8	20	29.0	34	[12, 2, 1, 8, 5, 9, 7, 4, 10, 6, 3, 2, 3, 2, 3]	0.005958080291748047
8	25	27.0	32	[12, 2, 1, 8, 5, 9, 7, 4, 10, 6, 3, 2, 12, 11, 0]	0.0073320865631103516
8	1	32.0	28	[9, 7, 4, 10, 6, 3, 2, 1, 8, 5, 8, 1, 2, 12]	0.005761623382568359
8	5	35.0	25	[9, 7, 4, 10, 6, 3, 2, 1, 8, 5, 9, 0, 12]	0.009462356567382812
8	10	25.0	35	[9, 7, 4, 10, 6, 3, 2, 1, 8, 5, 8, 5, 8, 1, 2]	0.006313800811767578
8	15	24.0	31	[9, 7, 4, 10, 6, 3, 2, 1, 8, 5, 8, 1, 2, 12]	0.007349491119384766
8	20	32.0	27	[9, 7, 4, 10, 6, 3, 2, 1, 8, 5, 9, 0, 12]	0.00756072998046875
8	25	30.0	35	[9, 7, 4, 10, 6, 3, 2, 1, 8, 5, 8, 1, 8, 1, 8]	0.006285905838012695
8	1	8.0	10	[12, 2, 1, 8, 5]	0.0021657943725585938
8	5	8.0	10	[12, 2, 1, 8, 5]	0.003045320510864258
8	10	5.0	11	[12, 2, 1, 8, 5]	0.002837657928466797
8	15	31.0	28	[12, 2, 3, 6, 10, 4, 7, 9, 0, 11, 13, 0, 9, 5]	0.0072479248046875
8	20	6.0	11	[12, 2, 1, 8, 5]	0.0028378963470458984
8	25	6.0	11	[12, 2, 1, 8, 5]	0.0021445751190185547
8	1	36.0	23	[10, 4, 7, 9, 2, 1, 8, 5, 9, 0, 12, 11]	0.006407499313354492
8	5	36.0	23	[10, 4, 7, 9, 2, 1, 8, 5, 9, 0, 12, 11]	0.005879402160644531
8	10	33.0	31	[10, 4, 7, 9, 2, 1, 8, 5, 8, 5, 9, 0, 12, 11]	0.007462978363037109
8	15	31.0	25	[10, 4, 7, 9, 2, 1, 8, 5, 9, 0, 12, 11]	0.0062198638916015625
8	20	33.0	25	[10, 4, 7, 9, 2, 1, 8, 5, 9, 0, 12, 11]	0.007086277008056641
8	25	22.0	25	[10, 4, 7, 9, 2, 1, 8, 5, 9, 0, 11]	0.005567073822021484
8	1	16.0	15	[1, 2, 9, 7, 4, 10, 6, 3]	0.00492095947265625
8	5	16.0	15	[1, 2, 9, 7, 4, 10, 6, 3]	0.0039861202239990234
8	10	16.0	15	[1, 2, 9, 7, 4, 10, 6, 3]	0.003826141357421875
8	15	17.0	19	[1, 8, 5, 9, 7, 4, 10, 6, 3]	0.003210306167602539
8	20	33.0	32	[1, 2, 9, 5, 8, 1, 2, 12, 11, 0, 13, 0, 13, 11, 13]	0.005564212799072266
8	25	16.0	15	[1, 2, 9, 7, 4, 10, 6, 3]	0.004644632339477539
8	1	15.0	10	[5, 9, 7, 4, 10, 6]	0.003368377685546875
8	5	15.0	10	[5, 9, 7, 4, 10, 6]	0.0035333633422851562
8	10	13.0	11	[5, 9, 7, 4, 10, 6]	0.0028274059295654297
8	15	13.0	11	[5, 9, 7, 4, 10, 6]	0.002791166305541992
8	20	14.0	11	[5, 9, 7, 4, 10, 6]	0.0031681060791015625
8	25	14.0	11	[5, 9, 7, 4, 10, 6]	0.0029191970825195312
8	1	48.0	31	[7, 9, 2, 1, 8, 5, 8, 1, 8, 1, 8, 5, 9, 0, 12]	0.0057353973388671875
8	5	33.0	24	[7, 9, 2, 1, 8, 5, 8, 5, 8, 1, 2, 12]	0.004013776779174805
8	10	24.0	19	[7, 9, 2, 1, 8, 5, 9, 0, 12]	0.005499124526977539
8	15	21.0	29	[7, 9, 2, 1, 8, 5, 8, 1, 8, 1, 2, 12]	0.006356477737426758
8	20	34.0	31	[7, 9, 2, 1, 8, 5, 8, 5, 8, 5, 9, 0, 12]	0.0063211917877197266
8	25	20.0	21	[7, 9, 2, 1, 8, 5, 9, 0, 12]	0.005847930908203125
8	1	20.0	21	[13, 11, 12, 2, 1, 8, 5, 9, 7, 4]	0.004561424255371094
8	5	20.0	21	[13, 11, 12, 2, 1, 8, 5, 9, 7, 4]	0.005567073822021484
8	10	15.0	23	[13, 11, 12, 2, 1, 8, 5, 9, 7, 4]	0.004924297332763672
8	15	15.0	23	[13, 11, 12, 2, 1, 8, 5, 9, 7, 4]	0.00460362434387207
8	20	17.0	23	[13, 11, 12, 2, 1, 8, 5, 9, 7, 4]	0.004556179046630859
8	25	17.0	23	[13, 11, 12, 2, 1, 8, 5, 9, 7, 4]	0.0049479007720947266
8	1	14.0	11	[1, 2, 9, 7, 4, 10]	0.0026557445526123047
8	5	14.0	11	[1, 2, 9, 7, 4, 10]	0.002340078353881836
8	10	14.0	11	[1, 2, 9, 7, 4, 10]	0.0026895999908447266
8	15	14.0	11	[1, 2, 9, 7, 4, 10]	0.0026197433471679688
8	20	14.0	11	[1, 2, 9, 7, 4, 10]	0.0023355484008789062
8	25	14.0	11	[1, 2, 9, 7, 4, 10]	0.0024347305297851562
8	1	30.0	31	[13, 11, 12, 2, 1, 8, 5, 9, 7, 4, 10, 6, 3, 6, 10]	0.007022380828857422
8	5	30.0	32	[13, 11, 12, 2, 1, 8, 5, 9, 7, 4, 10, 6, 3, 2, 3]	0.00683903694152832
8	10	4.0	4	[13, 11, 0]	0.0010886192321777344
8	15	25.0	33	[13, 11, 12, 2, 1, 8, 5, 9, 7, 4, 10, 6, 3, 6, 10]	0.007308244705200195
8	20	27.0	33	[13, 11, 12, 2, 1, 8, 5, 9, 7, 4, 10, 6, 3, 2, 1]	0.007775306701660156
8	25	27.0	33	[13, 11, 12, 2, 1, 8, 5, 9, 7, 4, 10, 6, 3, 6, 3]	0.00688624382019043
9	1	36.0	30	[12, 2, 1, 8, 5, 9, 7, 4, 10, 6, 3, 2, 12, 11, 0]	0.013343334197998047
9	5	37.0	29	[12, 2, 1, 8, 5, 9, 7, 4, 10, 6, 3, 2, 3, 2, 1]	0.017249107360839844
9	10	38.0	29	[12, 2, 1, 8, 5, 9, 7, 4, 10, 6, 3, 6, 3, 2, 3]	0.012925386428833008
9	15	34.0	31	[12, 2, 1, 8, 5, 9, 7, 4, 10, 6, 3, 6, 10, 6, 10]	0.012649774551391602
9	20	39.0	32	[12, 2, 1, 8, 5, 9, 7, 4, 10, 6, 3, 2, 9, 0, 11]	0.016640901565551758
9	25	40.0	33	[12, 2, 1, 8, 5, 9, 7, 4, 10, 6, 3, 6, 3, 6, 3]	0.01301121711730957
9	1	15.0	16	[13, 0, 9, 7, 4, 10, 6, 3]	0.008797407150268555
9	5	31.0	27	[13, 11, 12, 2, 1, 8, 5, 9, 7, 4, 10, 6, 3]	0.01804828643798828
9	10	31.0	27	[13, 11, 12, 2, 1, 8, 5, 9, 7, 4, 10, 6, 3]	0.015598535537719727
9	15	29.0	29	[13, 11, 12, 2, 1, 8, 5, 9, 7, 4, 10, 6, 3]	0.013935565948486328
9	20	30.0	29	[13, 11, 12, 2, 1, 8, 5, 9, 7, 4, 10, 6, 3]	0.014308691024780273
9	25	32.0	31	[13, 11, 12, 2, 1, 8, 5, 9, 7, 4, 10, 6, 3]	0.012792348861694336
9	1	19.0	17	[0, 9, 7, 4, 10, 6, 3, 2, 1]	0.013041019439697266
9	5	9.0	8	[0, 9, 5, 8, 1]	0.00438380241394043
9	10	19.0	17	[0, 9, 7, 4, 10, 6, 3, 2, 1]	0.011041402816772461
9	15	19.0	17	[0, 9, 7, 4, 10, 6, 3, 2, 1]	0.008127212524414062
9	20	23.0	18	[0, 9, 7, 4, 10, 6, 3, 2, 1]	0.0074846744537353516
9	25	24.0	19	[0, 9, 7, 4, 10, 6, 3, 2, 1]	0.008884906768798828
9	1	27.0	29	[6, 10, 4, 7, 9, 2, 1, 8, 5, 8, 5, 8, 5, 8, 5]	0.011180877685546875
9	5	28.0	27	[6, 10, 4, 7, 9, 2, 1, 8, 5, 8, 5, 9, 0, 12]	0.012417316436767578
9	10	30.0	31	[6, 3, 2, 1, 8, 5, 9, 7, 4, 10, 4, 10, 4, 10, 6]	0.014690399169921875
9	15	23.0	25	[6, 10, 4, 7, 9, 2, 1, 8, 5, 9, 0, 12]	0.01240229606628418
9	20	22.0	30	[6, 10, 4, 7, 9, 2, 1, 8, 5, 8, 1, 2, 12]	0.013319969177246094
9	25	37.0	34	[6, 3, 2, 1, 8, 5, 9, 7, 4, 10, 6, 10, 6, 3, 2]	0.011838674545288086
9	1	6.0	4	[9, 7, 4]	0.0029430389404296875
9	5	6.0	4	[9, 7, 4]	0.0019030570983886719
9	10	6.0	4	[9, 7, 4]	0.0019245147705078125
9	15	6.0	4	[9, 7, 4]	0.0017440319061279297
9	20	6.0	4	[9, 7, 4]	0.003534078598022461
9	25	6.0	4	[9, 7, 4]	0.003057241439819336
9	1	27.0	23	[13, 11, 12, 2, 1, 8, 5, 9, 7, 4, 10]	0.012034177780151367
9	5	11.0	12	[13, 0, 9, 7, 4, 10]	0.005242586135864258
9	10	20.0	17	[13, 11, 12, 0, 9, 7, 4, 10]	0.00778508186340332
9	15	25.0	25	[13, 11, 12, 2, 1, 8, 5, 9, 7, 4, 10]	0.009176015853881836
9	20	26.0	25	[13, 11, 12, 2, 1, 8, 5, 9, 7, 4, 10]	0.012485980987548828
9	25	35.0	31	[13, 11, 12, 2, 1, 8, 5, 9, 0, 9, 7, 4, 10]	0.011732339859008789
9	1	35.0	30	[4, 7, 9, 2, 1, 8, 5, 9, 0, 12, 11, 13, 0, 12, 11]	0.01677393913269043
9	5	29.0	29	[4, 7, 9, 2, 1, 8, 5, 8, 1, 8, 1, 8, 1, 8, 1]	0.012827634811401367
9	10	32.0	30	[4, 7, 9, 2, 1, 8, 5, 8, 5, 9, 0, 12, 11, 13, 11]	0.02033209800720215
9	15	33.0	32	[4, 7, 9, 2, 1, 8, 5, 9, 0, 12, 11, 13, 0, 12, 11]	0.0169985294342041
9	20	31.0	36	[4, 7, 9, 2, 1, 8, 5, 8, 1, 2, 12, 11, 0, 13, 11]	0.020060300827026367
9	25	43.0	36	[4, 7, 9, 2, 1, 8, 5, 9, 0, 12, 11, 13, 11, 12, 11]	0.018596887588500977
9	1	5.0	4	[0, 9, 7]	0.005772590637207031
9	5	5.0	4	[0, 9, 7]	0.0046079158782958984
9	10	5.0	4	[0, 9, 7]	0.004877328872680664
9	15	5.0	4	[0, 9, 7]	0.0033876895904541016
9	20	8.0	5	[0, 9, 7]	0.0028533935546875
9	25	8.0	5	[0, 9, 7]	0.0035572052001953125
9	1	26.0	22	[11, 12, 2, 1, 8, 5, 9, 7, 4, 10, 6]	0.011980295181274414
9	5	26.0	22	[11, 12, 2, 1, 8, 5, 9, 7, 4, 10, 6]	0.012752294540405273
9	10	26.0	22	[11, 12, 2, 1, 8, 5, 9, 7, 4, 10, 6]	0.013469219207763672
9	15	24.0	24	[11, 12, 2, 1, 8, 5, 9, 7, 4, 10, 6]	0.010329008102416992
9	20	25.0	24	[11, 12, 2, 1, 8, 5, 9, 7, 4, 10, 6]	0.010028362274169922
9	25	27.0	26	[11, 12, 2, 1, 8, 5, 9, 7, 4, 10, 6]	0.011010169982910156
9	1	23.0	19	[5, 9, 7, 4, 10, 6, 3, 2, 1, 8]	0.008668661117553711
9	5	23.0	19	[5, 9, 7, 4, 10, 6, 3, 2, 1, 8]	0.01125478744506836
9	10	23.0	19	[5, 9, 7, 4, 10, 6, 3, 2, 1, 8]	0.011195898056030273
9	15	21.0	21	[5, 9, 7, 4, 10, 6, 3, 2, 1, 8]	0.011054277420043945
9	20	22.0	21	[5, 9, 7, 4, 10, 6, 3, 2, 1, 8]	0.010441303253173828
9	25	24.0	23	[5, 9, 7, 4, 10, 6, 3, 2, 1, 8]	0.010173320770263672
9	1	6.0	7	[6, 10, 4, 7]	0.0025787353515625
9	5	6.0	7	[6, 10, 4, 7]	0.00266265869140625
9	10	6.0	7	[6, 10, 4, 7]	0.002446413040161133
9	15	6.0	7	[6, 10, 4, 7]	0.0032880306243896484
9	20	6.0	7	[6, 10, 4, 7]	0.0035521984100341797
9	25	7.0	8	[6, 10, 4, 7]	0.0036618709564208984
9	1	6.0	6	[2, 1, 8, 5]	0.0038797855377197266
9	5	6.0	6	[2, 1, 8, 5]	0.004770755767822266
9	10	6.0	6	[2, 1, 8, 5]	0.0034863948822021484
9	15	4.0	8	[2, 1, 8, 5]	0.0035505294799804688
9	20	38.0	33	[2, 12, 11, 0, 9, 7, 4, 10, 6, 3, 6, 10, 4, 7, 4]	0.011942863464355469
9	25	5.0	8	[2, 1, 8, 5]	0.003762960433959961
9	1	24.0	22	[8, 1, 2, 9, 7, 4, 10, 6, 3, 2, 12]	0.01114964485168457
9	5	24.0	22	[8, 1, 2, 9, 7, 4, 10, 6, 3, 2, 12]	0.015417098999023438
9	10	24.0	22	[8, 1, 2, 9, 7, 4, 10, 6, 3, 2, 12]	0.013998746871948242
9	15	22.0	24	[8, 1, 2, 9, 7, 4, 10, 6, 3, 2, 12]	0.01006627082824707
9	20	22.0	24	[8, 1, 2, 9, 7, 4, 10, 6, 3, 2, 12]	0.009514808654785156
9	25	23.0	25	[8, 1, 2, 9, 7, 4, 10, 6, 3, 2, 12]	0.009109020233154297
9	1	14.0	11	[1, 2, 9, 7, 4, 10]	0.005147218704223633
9	5	14.0	11	[1, 2, 9, 7, 4, 10]	0.006829738616943359
9	10	14.0	11	[1, 2, 9, 7, 4, 10]	0.006496906280517578
9	15	12.0	13	[1, 2, 9, 7, 4, 10]	0.006310224533081055
9	20	12.0	13	[1, 2, 9, 7, 4, 10]	0.0051174163818359375
9	25	12.0	13	[1, 2, 9, 7, 4, 10]	0.004949331283569336
9	1	14.0	13	[5, 9, 7, 4, 10, 6, 3]	0.006318092346191406
9	5	14.0	13	[5, 9, 7, 4, 10, 6, 3]	0.0061855316162109375
9	10	14.0	13	[5, 9, 7, 4, 10, 6, 3]	0.006314277648925781
9	15	14.0	13	[5, 9, 7, 4, 10, 6, 3]	0.0058879852294921875
9	20	14.0	13	[5, 9, 7, 4, 10, 6, 3]	0.006036043167114258
9	25	16.0	15	[5, 9, 7, 4, 10, 6, 3]	0.006012916564941406
9	1	8.0	7	[4, 7, 9, 2]	0.002741098403930664
9	5	10.0	9	[4, 10, 6, 3, 2]	0.0034606456756591797
9	10	8.0	7	[4, 7, 9, 2]	0.002986907958984375
9	15	8.0	7	[4, 7, 9, 2]	0.004198551177978516
9	20	8.0	7	[4, 7, 9, 2]	0.0027794837951660156
9	25	8.0	7	[4, 7, 9, 2]	0.0033447742462158203
9	1	19.0	17	[8, 1, 2, 9, 7, 4, 10, 6, 3]	0.00797414779663086
9	5	19.0	17	[8, 1, 2, 9, 7, 4, 10, 6, 3]	0.009375333786010742
9	10	19.0	17	[8, 1, 2, 9, 7, 4, 10, 6, 3]	0.009618759155273438
9	15	17.0	19	[8, 1, 2, 9, 7, 4, 10, 6, 3]	0.00853419303894043
9	20	15.0	15	[8, 5, 9, 7, 4, 10, 6, 3]	0.006781578063964844
9	25	18.0	20	[8, 1, 2, 9, 7, 4, 10, 6, 3]	0.009196758270263672
9	1	38.0	30	[11, 12, 2, 1, 8, 5, 9, 7, 4, 10, 6, 3, 2, 1, 2]	0.014881610870361328
9	5	39.0	30	[11, 12, 2, 1, 8, 5, 9, 7, 4, 10, 6, 3, 2, 3, 6]	0.013011693954467773
9	10	21.0	15	[11, 12, 2, 1, 8, 5, 9, 0]	0.012107372283935547
9	15	38.0	32	[11, 12, 2, 1, 8, 5, 9, 7, 4, 10, 6, 3, 6, 3, 6]	0.013989925384521484
9	20	37.0	33	[11, 12, 2, 1, 8, 5, 9, 7, 4, 10, 6, 3, 2, 3, 6]	0.01882791519165039
9	25	40.0	35	[11, 12, 2, 1, 8, 5, 9, 7, 4, 10, 6, 3, 2, 12, 0]	0.01578688621520996
9	1	24.0	21	[6, 10, 4, 7, 9, 2, 1, 8, 5, 9, 0]	0.011657953262329102
9	5	24.0	21	[6, 10, 4, 7, 9, 2, 1, 8, 5, 9, 0]	0.011045694351196289
9	10	35.0	29	[6, 3, 2, 1, 8, 5, 9, 7, 4, 10, 6, 10, 6, 3, 6]	0.011335134506225586
9	15	22.0	23	[6, 10, 4, 7, 9, 2, 1, 8, 5, 9, 0]	0.011071205139160156
9	20	23.0	23	[6, 10, 4, 7, 9, 2, 1, 8, 5, 9, 0]	0.009442329406738281
9	25	29.0	30	[6, 10, 4, 7, 9, 2, 1, 8, 5, 8, 5, 9, 0]	0.011759757995605469
9	1	34.0	31	[8, 1, 2, 9, 7, 4, 10, 6, 3, 2, 12, 11, 0, 13, 11]	0.01508784294128418
9	5	37.0	30	[8, 1, 2, 9, 7, 4, 10, 6, 3, 6, 3, 2, 12, 11, 0]	0.015157938003540039
9	10	34.0	31	[8, 1, 2, 9, 7, 4, 10, 6, 3, 2, 12, 11, 0, 13, 0]	0.013893365859985352
9	15	32.0	33	[8, 1, 2, 9, 7, 4, 10, 6, 3, 2, 12, 11, 0, 13, 11]	0.018608570098876953
9	20	38.0	33	[8, 1, 2, 9, 7, 4, 10, 6, 3, 6, 3, 2, 12, 11, 0]	0.015271186828613281
9	25	36.0	35	[8, 1, 2, 9, 7, 4, 10, 6, 3, 2, 12, 11, 0, 13, 11]	0.01564192771911621
10	1	25.0	21	[10, 4, 7, 9, 2, 1, 8, 5, 9, 0]	0.028322696685791016
10	5	29.0	25	[10, 4, 7, 9, 2, 1, 8, 5, 8, 5, 9, 0]	0.0319514274597168
10	10	25.0	21	[10, 4, 7, 9, 2, 1, 8, 5, 9, 0]	0.029445648193359375
10	15	37.0	34	[10, 4, 7, 9, 2, 1, 8, 5, 8, 1, 2, 12, 11, 13, 0]	0.0365290641784668
10	20	10020.0	10018	[10, 4, 7, 9, 2, 1, 8, 5, 9, 0]	0.04130244255065918
10	25	10020.0	10019	[10, 4, 7, 9, 2, 1, 8, 5, 9, 0]	0.0490567684173584
10	1	33.0	27	[6, 10, 4, 7, 9, 2, 1, 8, 5, 9, 0, 12, 11]	0.04751849174499512
10	5	34.0	31	[6, 10, 4, 7, 9, 2, 1, 8, 5, 8, 5, 8, 5, 9, 0]	0.04522562026977539
10	10	36.0	30	[6, 10, 4, 7, 9, 2, 1, 8, 5, 8, 1, 2, 12, 11]	0.046872615814208984
10	15	37.0	31	[6, 10, 4, 7, 9, 2, 1, 8, 5, 8, 5, 8, 1, 2, 12]	0.05401444435119629
10	20	10026.0	10026	[6, 10, 4, 7, 9, 2, 1, 8, 5, 9, 0, 12, 11]	0.043230533599853516
10	25	10030.0	10031	[6, 10, 4, 7, 9, 2, 1, 8, 5, 8, 5, 9, 0, 12, 11]	0.04600858688354492
10	1	19.0	17	[10, 4, 7, 9, 2, 1, 8, 5]	0.02517414093017578
10	5	19.0	17	[10, 4, 7, 9, 2, 1, 8, 5]	0.023539066314697266
10	10	19.0	17	[10, 4, 7, 9, 2, 1, 8, 5]	0.021558761596679688
10	15	19.0	17	[10, 4, 7, 9, 2, 1, 8, 5]	0.0213165283203125
10	20	10014.0	10014	[10, 4, 7, 9, 2, 1, 8, 5]	0.021333932876586914
10	25	10014.0	10015	[10, 4, 7, 9, 2, 1, 8, 5]	0.022504091262817383
10	1	9.0	13	[6, 10, 4, 7, 9, 2]	0.01673412322998047
10	5	9.0	13	[6, 10, 4, 7, 9, 2]	0.014483451843261719
10	10	9.0	13	[6, 10, 4, 7, 9, 2]	0.013658285140991211
10	15	9.0	13	[6, 10, 4, 7, 9, 2]	0.013620138168334961
10	20	10007.0	10009	[6, 10, 4, 7, 9, 2]	0.013585090637207031
10	25	6.0	4	[6, 3, 2]	0.00481724739074707
10	1	16.0	13	[8, 1, 2, 9, 7, 4, 10]	0.020890474319458008
10	5	16.0	13	[8, 1, 2, 9, 7, 4, 10]	0.026919841766357422
10	10	9.0	12	[8, 5, 9, 7, 4, 10]	0.019713640213012695
10	15	14.0	14	[8, 1, 2, 9, 7, 4, 10]	0.017393827438354492
10	20	10009.0	10011	[8, 1, 2, 9, 7, 4, 10]	0.017224788665771484
10	25	10009.0	10012	[8, 1, 2, 9, 7, 4, 10]	0.018361330032348633
10	1	22.0	12	[3, 2, 1, 8, 5, 9, 7]	0.01681804656982422
10	5	38.0	32	[3, 2, 1, 8, 5, 9, 0, 12, 11, 13, 11, 12, 11, 13, 11]	0.04474306106567383
10	10	20.0	13	[3, 2, 1, 8, 5, 9, 7]	0.02654290199279785
10	15	20.0	13	[3, 2, 1, 8, 5, 9, 7]	0.024137258529663086
10	20	17.0	14	[3, 2, 1, 8, 5, 9, 7]	0.024083852767944336
10	25	17.0	15	[3, 2, 1, 8, 5, 9, 7]	0.02276015281677246
10	1	10.0	9	[11, 12, 2, 1, 8]	0.012746095657348633
10	5	10.0	9	[11, 12, 2, 1, 8]	0.015734434127807617
10	10	10.0	9	[11, 12, 2, 1, 8]	0.012410640716552734
10	15	10.0	9	[11, 12, 2, 1, 8]	0.010904312133789062
10	20	10021.0	10023	[11, 12, 0, 9, 7, 4, 10, 6, 3, 2, 1, 8]	0.03881573677062988
10	25	11.0	12	[11, 12, 2, 1, 8]	0.01039266586303711
10	1	25.0	20	[8, 5, 9, 7, 4, 10, 6, 3, 2, 1]	0.02868962287902832
10	5	3.0	2	[8, 1]	0.0031800270080566406
10	10	3.0	2	[8, 1]	0.0039463043212890625
10	15	3.0	2	[8, 1]	0.0048007965087890625
10	20	3.0	2	[8, 1]	0.0036306381225585938
10	25	3.0	2	[8, 1]	0.0026292800903320312
10	1	37.0	30	[7, 9, 2, 1, 8, 5, 8, 1, 8, 1, 8, 5, 8, 5, 8]	0.03778839111328125
10	5	35.0	32	[7, 9, 2, 1, 8, 5, 8, 1, 2, 12, 11, 0, 13, 11, 13]	0.04377388954162598
10	10	34.0	33	[7, 9, 2, 1, 8, 5, 8, 5, 8, 5, 9, 0, 12, 11, 13]	0.04765963554382324
10	15	33.0	35	[7, 9, 2, 1, 8, 5, 9, 0, 12, 11, 13, 11, 0, 13, 0]	0.05714225769042969
10	20	10030.0	10031	[7, 9, 2, 1, 8, 5, 8, 5, 9, 0, 12, 11, 13, 11, 12]	0.049416542053222656
10	25	10033.0	10033	[7, 9, 2, 1, 8, 5, 8, 5, 9, 0, 12, 11, 13, 11, 13]	0.04540252685546875
10	1	1.0	2	[0, 9]	0.0037195682525634766
10	5	1.0	2	[0, 9]	0.002881765365600586
10	10	1.0	2	[0, 9]	0.0025000572204589844
10	15	1.0	2	[0, 9]	0.004027128219604492
10	20	1.0	2	[0, 9]	0.002629518508911133
10	25	1.0	2	[0, 9]	0.0024230480194091797
10	1	12.0	12	[5, 9, 7, 4, 10, 6]	0.022495508193969727
10	5	12.0	12	[5, 9, 7, 4, 10, 6]	0.015422344207763672
10	10	10.0	13	[5, 9, 7, 4, 10, 6]	0.01517796516418457
10	15	33.0	22	[5, 9, 0, 12, 2, 1, 8, 1, 2, 3, 6]	0.030543088912963867
10	20	10008.0	10009	[5, 9, 7, 4, 10, 6]	0.012093544006347656
10	25	10008.0	10009	[5, 9, 7, 4, 10, 6]	0.016805648803710938
10	1	20.0	16	[7, 9, 2, 1, 8, 5, 9, 0]	0.02064800262451172
10	5	31.0	24	[7, 9, 2, 1, 8, 5, 8, 1, 8, 5, 9, 0]	0.03722238540649414
10	10	29.0	22	[7, 4, 10, 6, 3, 2, 1, 8, 5, 9, 0]	0.03776264190673828
10	15	20.0	16	[7, 9, 2, 1, 8, 5, 9, 0]	0.029378652572631836
10	20	10020.0	10021	[7, 9, 2, 1, 8, 5, 8, 1, 2, 12, 0]	0.02428150177001953
10	25	10014.0	10018	[7, 9, 5, 8, 1, 2, 12, 11, 0]	0.021303176879882812
10	1	12.0	9	[1, 2, 9, 7, 4]	0.018816471099853516
10	5	14.0	11	[1, 8, 5, 9, 7, 4]	0.020751953125
10	10	10.0	10	[1, 2, 9, 7, 4]	0.012563228607177734
10	15	10.0	10	[1, 2, 9, 7, 4]	0.011187553405761719
10	20	10005.0	10007	[1, 2, 9, 7, 4]	0.011164188385009766
10	25	10005.0	10008	[1, 2, 9, 7, 4]	0.011824369430541992
10	1	33.0	27	[6, 10, 4, 7, 9, 2, 1, 8, 5, 9, 0, 12, 11]	0.03721809387207031
10	5	35.0	31	[6, 10, 4, 7, 9, 2, 1, 8, 5, 8, 1, 8, 5, 8, 5]	0.03714275360107422
10	10	36.0	30	[6, 10, 4, 7, 9, 2, 1, 8, 5, 8, 1, 2, 12, 11]	0.03948855400085449
10	15	31.0	29	[6, 10, 4, 7, 9, 2, 1, 8, 5, 9, 0, 12, 11]	0.047775983810424805
10	20	10029.0	10028	[6, 10, 4, 7, 9, 2, 1, 8, 5, 8, 5, 8, 5, 9, 0]	0.04069256782531738
10	25	10025.0	10034	[6, 10, 4, 7, 9, 2, 1, 8, 5, 8, 1, 8, 1, 2, 12]	0.041342973709106445
10	1	40.0	30	[8, 1, 2, 9, 7, 4, 10, 6, 3, 6, 3, 6, 3, 2, 12]	0.048714637756347656
10	5	40.0	30	[8, 1, 2, 9, 7, 4, 10, 6, 3, 6, 3, 6, 3, 2, 12]	0.05746197700500488
10	10	32.0	26	[8, 1, 2, 9, 7, 4, 10, 6, 3, 2, 12, 11]	0.037061214447021484
10	15	32.0	26	[8, 1, 2, 9, 7, 4, 10, 6, 3, 2, 12, 11]	0.0342707633972168
10	20	10033.0	10027	[8, 1, 2, 9, 7, 4, 10, 6, 3, 6, 3, 2, 12, 11]	0.03497481346130371
10	25	10033.0	10030	[8, 5, 9, 7, 4, 10, 6, 3, 2, 1, 8, 5, 9, 0, 12]	0.04138636589050293
10	1	12.0	12	[5, 9, 7, 4, 10, 6]	0.015723228454589844
10	5	12.0	12	[5, 9, 7, 4, 10, 6]	0.02019953727722168
10	10	10.0	13	[5, 9, 7, 4, 10, 6]	0.01737666130065918
10	15	10.0	13	[5, 9, 7, 4, 10, 6]	0.017124652862548828
10	20	10008.0	10009	[5, 9, 7, 4, 10, 6]	0.015497207641601562
10	25	10008.0	10009	[5, 9, 7, 4, 10, 6]	0.013550758361816406
10	1	11.0	10	[9, 7, 4, 10, 6]	0.013051748275756836
10	5	11.0	10	[9, 7, 4, 10, 6]	0.012676477432250977
10	10	9.0	11	[9, 7, 4, 10, 6]	0.012429475784301758
10	15	9.0	11	[9, 7, 4, 10, 6]	0.01129770278930664
10	20	10007.0	10007	[9, 7, 4, 10, 6]	0.010284662246704102
10	25	10007.0	10007	[9, 7, 4, 10, 6]	0.010166645050048828
10	1	7.0	4	[8, 1, 2]	0.005491971969604492
10	5	7.0	4	[8, 1, 2]	0.005792140960693359
10	10	7.0	4	[8, 1, 2]	0.0057926177978515625
10	15	7.0	4	[8, 1, 2]	0.005499839782714844
10	20	4.0	5	[8, 1, 2]	0.00632023811340332
10	25	4.0	6	[8, 1, 2]	0.0055234432220458984
10	1	14.0	14	[13, 11, 12, 2, 1, 8, 5]	0.02025747299194336
10	5	30.0	25	[13, 0, 9, 7, 4, 10, 6, 3, 2, 1, 8, 5]	0.037367820739746094
10	10	30.0	31	[13, 11, 12, 0, 9, 7, 4, 10, 6, 3, 2, 1, 8, 5]	0.03966546058654785
10	15	14.0	14	[13, 11, 12, 2, 1, 8, 5]	0.021235227584838867
10	20	11.0	15	[13, 11, 12, 2, 1, 8, 5]	0.018340349197387695
10	25	15.0	17	[13, 11, 12, 2, 1, 8, 5]	0.015828609466552734
10	1	40.0	30	[4, 7, 9, 0, 12, 2, 1, 8, 5, 8, 1, 8, 1, 8, 5]	0.04349803924560547
10	5	36.0	30	[4, 7, 9, 2, 1, 8, 5, 8, 5, 8, 1, 8, 1, 2, 12]	0.056830644607543945
10	10	31.0	25	[4, 7, 9, 2, 1, 8, 5, 8, 1, 2, 12, 11]	0.05175638198852539
10	15	26.0	24	[4, 7, 9, 2, 1, 8, 5, 9, 0, 12, 11]	0.04854941368103027
10	20	10021.0	10021	[4, 7, 9, 2, 1, 8, 5, 9, 0, 12, 11]	0.044237613677978516
10	25	10025.0	10026	[4, 7, 9, 2, 1, 8, 5, 8, 5, 9, 0, 12, 11]	0.04809713363647461
