Num of Nodes	BW	Delay	Num of Hops	Path	Execution Time (seconds)
5	1	15.0	11	[3, 2, 12, 0, 11, 13]	0.023464202880859375
5	5	15.0	11	[3, 2, 12, 0, 11, 13]	0.001810312271118164
5	10	15.0	11	[3, 2, 12, 0, 11, 13]	0.0014889240264892578
5	15	15.0	11	[3, 2, 12, 0, 11, 13]	0.0019502639770507812
5	20	15.0	11	[3, 2, 12, 0, 11, 13]	0.002446889877319336
5	25	15.0	11	[3, 2, 12, 0, 11, 13]	0.0015454292297363281
5	1	43.0	33	[0, 11, 12, 2, 9, 7, 4, 10, 6, 3, 2, 1, 8, 5, 9]	0.004028797149658203
5	5	44.0	34	[0, 11, 12, 2, 3, 6, 10, 4, 7, 9, 5, 8, 1, 8, 5]	0.005576372146606445
5	10	40.0	33	[0, 11, 12, 2, 3, 6, 10, 4, 7, 9, 5, 8, 1, 2, 9]	0.005101442337036133
5	15	39.0	34	[0, 11, 12, 2, 3, 6, 10, 4, 7, 9, 5, 8, 1, 2, 12]	0.005613565444946289
5	20	38.0	34	[0, 11, 12, 2, 1, 8, 5, 9, 7, 4, 10, 6, 3, 6, 10]	0.004551410675048828
5	25	39.0	38	[0, 11, 12, 2, 3, 6, 10, 4, 7, 9, 5, 8, 1, 8, 1]	0.005597352981567383
5	1	12.0	7	[4, 7, 9, 5]	0.002196788787841797
5	5	12.0	7	[4, 7, 9, 5]	0.0015366077423095703
5	10	9.0	7	[4, 7, 9, 5]	0.001348257064819336
5	15	9.0	7	[4, 7, 9, 5]	0.002115964889526367
5	20	30.0	32	[4, 7, 9, 0, 11, 12, 2, 3, 6, 10, 4, 7, 9, 5]	0.004569292068481445
5	25	9.0	7	[4, 7, 9, 5]	0.0014982223510742188
5	1	44.0	36	[10, 4, 7, 9, 5, 8, 1, 2, 3, 6, 10, 4, 10, 4, 10]	0.003384113311767578
5	5	45.0	35	[10, 4, 7, 9, 5, 8, 1, 2, 3, 6, 10, 4, 7, 4, 10]	0.003796100616455078
5	10	38.0	31	[10, 4, 7, 9, 5, 8, 1, 2, 3, 6, 3, 2, 12, 0]	0.005372285842895508
5	15	31.0	37	[10, 4, 7, 9, 5, 8, 1, 2, 3, 6, 10, 4, 10, 4, 7]	0.005220890045166016
5	20	32.0	38	[10, 4, 7, 9, 5, 8, 1, 2, 3, 6, 10, 4, 10, 4, 7]	0.003945350646972656
5	25	33.0	37	[10, 4, 7, 9, 5, 8, 1, 2, 3, 6, 10, 6, 3, 6, 3]	0.004309654235839844
5	1	21.0	17	[12, 2, 3, 6, 10, 4, 7, 9]	0.003639698028564453
5	5	21.0	17	[12, 2, 3, 6, 10, 4, 7, 9]	0.0031392574310302734
5	10	18.0	17	[12, 2, 3, 6, 10, 4, 7, 9]	0.004141092300415039
5	15	14.0	18	[12, 2, 3, 6, 10, 4, 7, 9]	0.0033805370330810547
5	20	14.0	18	[12, 2, 3, 6, 10, 4, 7, 9]	0.003721475601196289
5	25	14.0	19	[12, 2, 3, 6, 10, 4, 7, 9]	0.0029714107513427734
5	1	10.0	7	[12, 2, 3, 6]	0.0013949871063232422
5	5	10.0	7	[12, 2, 3, 6]	0.0017027854919433594
5	10	10.0	7	[12, 2, 3, 6]	0.0011014938354492188
5	15	6.0	8	[12, 2, 3, 6]	0.0016410350799560547
5	20	6.0	8	[12, 2, 3, 6]	0.0018756389617919922
5	25	6.0	9	[12, 2, 3, 6]	0.0013256072998046875
5	1	30.0	22	[3, 2, 12, 0, 11, 13, 0, 9, 7, 4, 10]	0.004354000091552734
5	5	14.0	12	[3, 2, 9, 7, 4, 10]	0.001924753189086914
5	10	27.0	22	[3, 2, 12, 0, 11, 13, 0, 9, 7, 4, 10]	0.00386810302734375
5	15	21.0	18	[3, 2, 12, 11, 0, 9, 7, 4, 10]	0.0028781890869140625
5	20	27.0	22	[3, 2, 12, 0, 11, 13, 0, 9, 7, 4, 10]	0.0036089420318603516
5	25	25.0	22	[3, 2, 12, 0, 11, 13, 0, 9, 7, 4, 10]	0.0035016536712646484
5	1	34.0	23	[11, 0, 12, 2, 3, 6, 10, 4, 7, 9, 5]	0.0032317638397216797
5	5	34.0	23	[11, 0, 12, 2, 3, 6, 10, 4, 7, 9, 5]	0.0053212642669677734
5	10	31.0	23	[11, 0, 12, 2, 3, 6, 10, 4, 7, 9, 5]	0.005560636520385742
5	15	27.0	24	[11, 0, 12, 2, 3, 6, 10, 4, 7, 9, 5]	0.003935575485229492
5	20	27.0	24	[11, 0, 12, 2, 3, 6, 10, 4, 7, 9, 5]	0.003935575485229492
5	25	27.0	25	[11, 0, 12, 2, 3, 6, 10, 4, 7, 9, 5]	0.004189014434814453
5	1	16.0	12	[0, 11, 12, 2, 3, 6]	0.0019168853759765625
5	5	16.0	12	[0, 11, 12, 2, 3, 6]	0.003021240234375
5	10	16.0	12	[0, 11, 12, 2, 3, 6]	0.0025076866149902344
5	15	32.0	26	[0, 11, 12, 2, 1, 8, 5, 9, 7, 4, 10, 6]	0.004115104675292969
5	20	12.0	13	[0, 11, 12, 2, 3, 6]	0.002068042755126953
5	25	12.0	14	[0, 11, 12, 2, 3, 6]	0.001987457275390625
5	1	8.0	8	[6, 10, 4, 7]	0.0018978118896484375
5	5	8.0	8	[6, 10, 4, 7]	0.001241922378540039
5	10	5.0	8	[6, 10, 4, 7]	0.001836538314819336
5	15	5.0	8	[6, 10, 4, 7]	0.0013532638549804688
5	20	5.0	8	[6, 10, 4, 7]	0.0018606185913085938
5	25	5.0	8	[6, 10, 4, 7]	0.0019783973693847656
5	1	11.0	7	[8, 5, 9, 7]	0.001744985580444336
5	5	11.0	7	[8, 5, 9, 7]	0.0020945072174072266
5	10	11.0	7	[8, 5, 9, 7]	0.0014133453369140625
5	15	11.0	7	[8, 5, 9, 7]	0.0019388198852539062
5	20	12.0	8	[8, 5, 9, 7]	0.0013566017150878906
5	25	10.0	8	[8, 5, 9, 7]	0.0014488697052001953
5	1	16.0	9	[5, 9, 7, 4, 10]	0.0016758441925048828
5	5	16.0	9	[5, 9, 7, 4, 10]	0.0015854835510253906
5	10	13.0	9	[5, 9, 7, 4, 10]	0.0022940635681152344
5	15	13.0	9	[5, 9, 7, 4, 10]	0.002275705337524414
5	20	13.0	9	[5, 9, 7, 4, 10]	0.001543283462524414
5	25	11.0	9	[5, 9, 7, 4, 10]	0.0017702579498291016
5	1	8.0	8	[6, 10, 4, 7]	0.0009319782257080078
5	5	8.0	8	[6, 10, 4, 7]	0.0012476444244384766
5	10	25.0	19	[6, 3, 2, 12, 0, 11, 13, 0, 9, 7]	0.003280162811279297
5	15	5.0	8	[6, 10, 4, 7]	0.0012466907501220703
5	20	5.0	8	[6, 10, 4, 7]	0.0008707046508789062
5	25	5.0	8	[6, 10, 4, 7]	0.001741647720336914
5	1	38.0	25	[11, 0, 12, 2, 3, 6, 10, 4, 7, 9, 5, 8]	0.004871368408203125
5	5	38.0	25	[11, 0, 12, 2, 3, 6, 10, 4, 7, 9, 5, 8]	0.0035822391510009766
5	10	35.0	25	[11, 0, 12, 2, 3, 6, 10, 4, 7, 9, 5, 8]	0.004212856292724609
5	15	31.0	26	[11, 0, 12, 2, 3, 6, 10, 4, 7, 9, 5, 8]	0.004041910171508789
5	20	31.0	26	[11, 0, 12, 2, 3, 6, 10, 4, 7, 9, 5, 8]	0.006234407424926758
5	25	31.0	27	[11, 0, 12, 2, 3, 6, 10, 4, 7, 9, 5, 8]	0.006690263748168945
5	1	18.0	14	[13, 0, 11, 12, 2, 3, 6]	0.003492593765258789
5	5	18.0	14	[13, 0, 11, 12, 2, 3, 6]	0.0035979747772216797
5	10	18.0	14	[13, 0, 11, 12, 2, 3, 6]	0.004246950149536133
5	15	14.0	15	[13, 0, 11, 12, 2, 3, 6]	0.0042667388916015625
5	20	14.0	15	[13, 0, 11, 12, 2, 3, 6]	0.003220796585083008
5	25	14.0	16	[13, 0, 11, 12, 2, 3, 6]	0.004122495651245117
5	1	40.0	26	[1, 2, 12, 0, 11, 13, 11, 0, 9, 7, 4, 10, 6]	0.0042264461517333984
5	5	10.0	7	[1, 2, 3, 6]	0.0016705989837646484
5	10	10.0	7	[1, 2, 3, 6]	0.00145721435546875
5	15	6.0	8	[1, 2, 3, 6]	0.0012593269348144531
5	20	6.0	8	[1, 2, 3, 6]	0.001268625259399414
5	25	6.0	9	[1, 2, 3, 6]	0.0011322498321533203
5	1	32.0	23	[9, 7, 4, 10, 6, 3, 2, 12, 0, 13, 11]	0.003072023391723633
5	5	26.0	21	[9, 7, 4, 10, 6, 3, 2, 12, 0, 11]	0.003419160842895508
5	10	23.0	21	[9, 7, 4, 10, 6, 3, 2, 12, 0, 11]	0.0038390159606933594
5	15	23.0	21	[9, 7, 4, 10, 6, 3, 2, 12, 0, 11]	0.005525112152099609
5	20	23.0	21	[9, 7, 4, 10, 6, 3, 2, 12, 0, 11]	0.004903078079223633
5	25	21.0	21	[9, 7, 4, 10, 6, 3, 2, 12, 0, 11]	0.004269838333129883
5	1	17.0	8	[11, 0, 12, 2, 3]	0.002024412155151367
5	5	17.0	8	[11, 0, 12, 2, 3]	0.002058744430541992
5	10	17.0	8	[11, 0, 12, 2, 3]	0.002262592315673828
5	15	13.0	9	[11, 0, 12, 2, 3]	0.00215911865234375
5	20	13.0	9	[11, 0, 12, 2, 3]	0.0022051334381103516
5	25	13.0	10	[11, 0, 12, 2, 3]	0.0020592212677001953
5	1	22.0	14	[4, 7, 9, 5, 8, 1, 2]	0.0035479068756103516
5	5	22.0	14	[4, 7, 9, 5, 8, 1, 2]	0.002561807632446289
5	10	19.0	14	[4, 7, 9, 5, 8, 1, 2]	0.002796649932861328
5	15	19.0	14	[4, 7, 9, 5, 8, 1, 2]	0.0029463768005371094
5	20	20.0	15	[4, 7, 9, 5, 8, 1, 2]	0.004010677337646484
5	25	20.0	15	[4, 7, 9, 5, 8, 1, 2]	0.0026755332946777344
5	1	41.0	33	[4, 7, 9, 5, 8, 1, 2, 3, 6, 10, 4, 7, 9, 0, 11]	0.006158113479614258
5	5	45.0	35	[4, 7, 9, 5, 8, 1, 2, 3, 6, 10, 4, 10, 4, 7, 9]	0.005282402038574219
5	10	37.0	34	[4, 7, 9, 5, 8, 1, 2, 3, 6, 10, 4, 7, 4, 7, 9]	0.00545191764831543
5	15	32.0	36	[4, 7, 9, 5, 8, 1, 2, 3, 6, 10, 4, 10, 4, 7, 4]	0.006327152252197266
5	20	33.0	36	[4, 7, 9, 5, 8, 1, 2, 3, 6, 10, 6, 3, 6, 10, 4]	0.008146524429321289
5	25	33.0	38	[4, 7, 9, 5, 8, 1, 2, 3, 6, 10, 4, 7, 4, 10, 6]	0.004361391067504883
6	1	12.0	8	[6, 10, 4, 7, 9]	0.005462169647216797
6	5	12.0	8	[6, 10, 4, 7, 9]	0.0028121471405029297
6	10	12.0	8	[6, 10, 4, 7, 9]	0.0029478073120117188
6	15	12.0	8	[6, 10, 4, 7, 9]	0.0030465126037597656
6	20	12.0	8	[6, 10, 4, 7, 9]	0.0023119449615478516
6	25	12.0	8	[6, 10, 4, 7, 9]	0.0024700164794921875
6	1	15.0	12	[12, 2, 3, 6, 10, 4, 7]	0.0054242610931396484
6	5	15.0	12	[12, 2, 3, 6, 10, 4, 7]	0.0030150413513183594
6	10	15.0	12	[12, 2, 3, 6, 10, 4, 7]	0.0033054351806640625
6	15	12.0	14	[12, 2, 3, 6, 10, 4, 7]	0.003251314163208008
6	20	12.0	14	[12, 2, 3, 6, 10, 4, 7]	0.003144502639770508
6	25	10009.0	10009	[12, 2, 3, 6, 10, 4, 7]	0.0027654170989990234
6	1	13.0	10	[1, 2, 3, 6, 10, 4]	0.002669095993041992
6	5	13.0	10	[1, 2, 3, 6, 10, 4]	0.0027680397033691406
6	10	10.0	12	[1, 2, 3, 6, 10, 4]	0.0026383399963378906
6	15	10.0	12	[1, 2, 3, 6, 10, 4]	0.003090381622314453
6	20	20024.0	20019	[1, 2, 12, 0, 11, 13, 11, 12, 0, 9, 7, 4]	0.0037212371826171875
6	25	10008.0	10007	[1, 2, 3, 6, 10, 4]	0.002573728561401367
6	1	26.0	18	[7, 9, 0, 11, 12, 2, 3, 6, 10, 4]	0.0038979053497314453
6	5	24.0	19	[7, 9, 5, 8, 1, 2, 3, 6, 10, 4]	0.005507707595825195
6	10	21.0	21	[7, 9, 5, 8, 1, 2, 3, 6, 10, 4]	0.003625154495239258
6	15	21.0	21	[7, 9, 5, 8, 1, 2, 3, 6, 10, 4]	0.005243778228759766
6	20	10019.0	10016	[7, 9, 5, 8, 1, 2, 3, 6, 10, 4]	0.0037093162536621094
6	25	10019.0	10016	[7, 9, 5, 8, 1, 2, 3, 6, 10, 4]	0.004410982131958008
6	1	42.0	30	[9, 7, 4, 10, 6, 3, 2, 12, 0, 11, 13, 0, 11, 13, 0]	0.00540924072265625
6	5	43.0	29	[9, 7, 4, 10, 6, 3, 2, 12, 0, 11, 13, 11, 0, 12, 0]	0.0066585540771484375
6	10	37.0	27	[9, 7, 4, 10, 6, 3, 2, 12, 0, 11, 13, 0, 9, 5]	0.0062944889068603516
6	15	10032.0	10027	[9, 7, 4, 10, 6, 3, 2, 12, 0, 11, 13, 11, 0, 9, 5]	0.005248546600341797
6	20	10033.0	10028	[9, 7, 4, 10, 6, 3, 2, 12, 0, 11, 13, 0, 11, 12, 0]	0.005301237106323242
6	25	20031.0	20024	[9, 7, 4, 10, 6, 3, 2, 12, 0, 11, 13, 11, 0, 13, 11]	0.004813194274902344
6	1	37.0	28	[3, 2, 9, 7, 4, 10, 6, 10, 6, 3, 6, 10, 6, 3, 2]	0.002796173095703125
6	5	37.0	29	[3, 2, 12, 0, 11, 13, 0, 9, 7, 4, 10, 6, 10, 4, 7]	0.005860328674316406
6	10	25.0	19	[3, 2, 12, 0, 11, 13, 11, 0, 9, 5]	0.004651546478271484
6	15	10033.0	10027	[3, 2, 12, 0, 11, 13, 0, 9, 7, 4, 10, 6, 3, 6, 3]	0.006511688232421875
6	20	10032.0	10028	[3, 2, 12, 0, 11, 13, 11, 12, 11, 12, 0, 9, 7, 4, 10]	0.005369424819946289
6	25	20029.0	20024	[3, 2, 12, 0, 13, 11, 13, 0, 9, 7, 4, 10, 6, 10, 4]	0.0053288936614990234
6	1	24.0	19	[6, 10, 4, 7, 9, 5, 8, 1, 2, 3]	0.004683732986450195
6	5	24.0	19	[6, 10, 4, 7, 9, 5, 8, 1, 2, 3]	0.004407405853271484
6	10	21.0	21	[6, 10, 4, 7, 9, 5, 8, 1, 2, 3]	0.004410982131958008
6	15	21.0	21	[6, 10, 4, 7, 9, 5, 8, 1, 2, 3]	0.004452943801879883
6	20	10019.0	10016	[6, 10, 4, 7, 9, 5, 8, 1, 2, 3]	0.004687786102294922
6	25	10019.0	10016	[6, 10, 4, 7, 9, 5, 8, 1, 2, 3]	0.005680084228515625
6	1	16.0	10	[13, 0, 11, 12, 2, 3]	0.002392292022705078
6	5	16.0	10	[13, 0, 11, 12, 2, 3]	0.0022742748260498047
6	10	16.0	10	[13, 0, 11, 12, 2, 3]	0.0017709732055664062
6	15	10007.0	10009	[13, 0, 11, 12, 2, 3]	0.003015756607055664
6	20	10007.0	10009	[13, 0, 11, 12, 2, 3]	0.002415895462036133
6	25	20004.0	20004	[13, 0, 11, 12, 2, 3]	0.001998424530029297
6	1	14.0	13	[8, 5, 9, 7, 4, 10, 6]	0.003509521484375
6	5	10.0	8	[8, 1, 2, 3, 6]	0.0016410350799560547
6	10	10.0	11	[8, 5, 9, 2, 3, 6]	0.001955747604370117
6	15	14.0	13	[8, 5, 9, 7, 4, 10, 6]	0.002971649169921875
6	20	14.0	13	[8, 5, 9, 7, 4, 10, 6]	0.0028047561645507812
6	25	14.0	13	[8, 5, 9, 7, 4, 10, 6]	0.003335714340209961
6	1	9.0	6	[0, 11, 12, 2]	0.0018739700317382812
6	5	9.0	6	[0, 11, 12, 2]	0.0022864341735839844
6	10	9.0	6	[0, 11, 12, 2]	0.001645803451538086
6	15	6.0	8	[0, 11, 12, 2]	0.001733541488647461
6	20	6.0	8	[0, 11, 12, 2]	0.0016736984252929688
6	25	10003.0	10003	[0, 11, 12, 2]	0.001649618148803711
6	1	35.0	29	[10, 4, 7, 9, 5, 8, 1, 2, 3, 6, 10, 4, 7, 9, 0]	0.0052509307861328125
6	5	36.0	27	[10, 4, 7, 9, 5, 8, 1, 2, 3, 6, 3, 2, 12, 0]	0.0047991275787353516
6	10	26.0	31	[10, 4, 7, 9, 5, 8, 1, 2, 3, 6, 10, 4, 10, 4, 7]	0.003933429718017578
6	15	30.0	31	[10, 4, 7, 9, 5, 8, 1, 2, 3, 6, 10, 4, 7, 4, 7]	0.0064144134521484375
6	20	15.0	11	[10, 6, 3, 2, 12, 0]	0.0019588470458984375
6	25	10032.0	10026	[10, 4, 7, 9, 5, 8, 1, 2, 3, 6, 3, 6, 3, 6, 10]	0.004388570785522461
6	1	1.0	3	[5, 9]	0.0007638931274414062
6	5	1.0	3	[5, 9]	0.0006182193756103516
6	10	1.0	3	[5, 9]	0.0006740093231201172
6	15	1.0	3	[5, 9]	0.0005931854248046875
6	20	1.0	3	[5, 9]	0.0007703304290771484
6	25	1.0	3	[5, 9]	0.0012676715850830078
6	1	19.0	15	[8, 5, 9, 7, 4, 10, 6, 3]	0.0041391849517822266
6	5	19.0	15	[8, 5, 9, 7, 4, 10, 6, 3]	0.003969430923461914
6	10	19.0	15	[8, 5, 9, 7, 4, 10, 6, 3]	0.0042307376861572266
6	15	19.0	15	[8, 5, 9, 7, 4, 10, 6, 3]	0.0033473968505859375
6	20	19.0	15	[8, 5, 9, 7, 4, 10, 6, 3]	0.004105091094970703
6	25	19.0	15	[8, 5, 9, 7, 4, 10, 6, 3]	0.003731966018676758
6	1	30.0	24	[5, 9, 7, 4, 10, 6, 3, 2, 12, 0, 11, 13]	0.005961418151855469
6	5	30.0	24	[5, 9, 7, 4, 10, 6, 3, 2, 12, 0, 11, 13]	0.006445646286010742
6	10	30.0	24	[5, 9, 7, 4, 10, 6, 3, 2, 12, 0, 11, 13]	0.004384279251098633
6	15	28.0	25	[5, 9, 7, 4, 10, 6, 3, 2, 12, 0, 11, 13]	0.005835056304931641
6	20	28.0	25	[5, 9, 7, 4, 10, 6, 3, 2, 12, 0, 11, 13]	0.005002021789550781
6	25	28.0	25	[5, 9, 7, 4, 10, 6, 3, 2, 12, 0, 11, 13]	0.005063533782958984
6	1	31.0	22	[13, 0, 11, 12, 2, 3, 6, 10, 4, 7, 9, 5]	0.0041942596435546875
6	5	31.0	22	[13, 0, 11, 12, 2, 3, 6, 10, 4, 7, 9, 5]	0.005077838897705078
6	10	31.0	22	[13, 0, 11, 12, 2, 3, 6, 10, 4, 7, 9, 5]	0.0040285587310791016
6	15	10022.0	10021	[13, 0, 11, 12, 2, 3, 6, 10, 4, 7, 9, 5]	0.005003452301025391
6	20	10022.0	10021	[13, 0, 11, 12, 2, 3, 6, 10, 4, 7, 9, 5]	0.005592823028564453
6	25	20019.0	20016	[13, 0, 11, 12, 2, 3, 6, 10, 4, 7, 9, 5]	0.005455493927001953
6	1	1.0	3	[5, 9]	0.0005245208740234375
6	5	1.0	3	[5, 9]	0.0007464885711669922
6	10	1.0	3	[5, 9]	0.0005087852478027344
6	15	1.0	3	[5, 9]	0.000492095947265625
6	20	1.0	3	[5, 9]	0.0006062984466552734
6	25	1.0	3	[5, 9]	0.0006878376007080078
6	1	15.0	13	[6, 10, 4, 7, 9, 5, 8]	0.0036575794219970703
6	5	15.0	13	[6, 10, 4, 7, 9, 5, 8]	0.0035653114318847656
6	10	15.0	13	[6, 10, 4, 7, 9, 5, 8]	0.003970146179199219
6	15	15.0	13	[6, 10, 4, 7, 9, 5, 8]	0.0038976669311523438
6	20	15.0	13	[6, 10, 4, 7, 9, 5, 8]	0.004243135452270508
6	25	15.0	13	[6, 10, 4, 7, 9, 5, 8]	0.0024890899658203125
6	1	14.0	12	[1, 2, 3, 6, 10, 4, 7]	0.003061056137084961
6	5	14.0	12	[1, 2, 3, 6, 10, 4, 7]	0.004583835601806641
6	10	11.0	14	[1, 2, 3, 6, 10, 4, 7]	0.0036361217498779297
6	15	11.0	14	[1, 2, 3, 6, 10, 4, 7]	0.003831624984741211
6	20	10009.0	10009	[1, 2, 3, 6, 10, 4, 7]	0.0032033920288085938
6	25	10009.0	10009	[1, 2, 3, 6, 10, 4, 7]	0.004230499267578125
6	1	15.0	10	[9, 7, 4, 10, 6, 3]	0.002422809600830078
6	5	15.0	10	[9, 7, 4, 10, 6, 3]	0.002249479293823242
6	10	15.0	10	[9, 7, 4, 10, 6, 3]	0.0023047924041748047
6	15	5.0	4	[9, 2, 3]	0.0007784366607666016
6	20	15.0	10	[9, 7, 4, 10, 6, 3]	0.002926349639892578
6	25	15.0	10	[9, 7, 4, 10, 6, 3]	0.0020532608032226562
6	1	8.0	6	[3, 2, 12, 11]	0.0008766651153564453
6	5	12.0	8	[3, 2, 12, 0, 11]	0.001739501953125
6	10	12.0	8	[3, 2, 12, 0, 11]	0.0019102096557617188
6	15	10.0	9	[3, 2, 12, 0, 11]	0.0017242431640625
6	20	10.0	9	[3, 2, 12, 0, 11]	0.0016057491302490234
6	25	10.0	9	[3, 2, 12, 0, 11]	0.001708984375
7	1	28.0	32	[3, 2, 12, 0, 11, 13, 11, 12, 11, 13, 0, 9, 7, 4, 10]	0.004773378372192383
7	5	30.0	32	[3, 2, 12, 0, 11, 13, 0, 9, 7, 4, 10, 6, 10, 6, 10]	0.004715681076049805
7	10	28.0	32	[3, 2, 12, 0, 11, 13, 0, 9, 7, 4, 10, 6, 3, 2, 1]	0.004174470901489258
7	15	30.0	32	[3, 2, 12, 0, 11, 13, 11, 0, 9, 7, 4, 10, 6, 3, 6]	0.006205320358276367
7	20	34.0	30	[3, 2, 12, 11, 0, 9, 7, 4, 10, 6, 10, 6, 3, 2, 1]	0.005223751068115234
7	25	25.0	33	[3, 2, 12, 0, 11, 13, 11, 13, 0, 9, 7, 4, 10, 6, 3]	0.005995988845825195
7	1	28.0	36	[7, 9, 5, 8, 1, 2, 3, 6, 10, 4, 7, 4, 7, 4, 10]	0.005673408508300781
7	5	29.0	35	[7, 9, 5, 8, 1, 2, 3, 6, 10, 4, 10, 4, 7, 4, 10]	0.00582575798034668
7	10	12.0	10	[7, 9, 0, 11, 12]	0.0023522377014160156
7	15	28.0	37	[7, 9, 5, 8, 1, 2, 3, 6, 10, 4, 7, 4, 7, 4, 10]	0.004753828048706055
7	20	32.0	35	[7, 9, 5, 8, 1, 2, 3, 6, 10, 4, 7, 4, 10, 6, 3]	0.005068540573120117
7	25	36.0	35	[7, 9, 5, 8, 1, 2, 3, 6, 10, 4, 7, 9, 0, 11, 12]	0.00638270378112793
7	1	5.0	5	[8, 5, 9]	0.0011229515075683594
7	5	5.0	5	[8, 5, 9]	0.0014107227325439453
7	10	5.0	5	[8, 5, 9]	0.0013620853424072266
7	15	5.0	5	[8, 5, 9]	0.0007517337799072266
7	20	5.0	5	[8, 5, 9]	0.0005908012390136719
7	25	5.0	5	[8, 5, 9]	0.000988006591796875
7	1	4.0	8	[7, 4, 10, 6]	0.0012829303741455078
7	5	17.0	17	[7, 9, 5, 8, 1, 2, 3, 6]	0.004973649978637695
7	10	17.0	18	[7, 9, 5, 8, 1, 2, 3, 6]	0.0036656856536865234
7	15	17.0	18	[7, 9, 5, 8, 1, 2, 3, 6]	0.003980875015258789
7	20	17.0	18	[7, 9, 5, 8, 1, 2, 3, 6]	0.004164695739746094
7	25	17.0	18	[7, 9, 5, 8, 1, 2, 3, 6]	0.0031731128692626953
7	1	27.0	33	[3, 2, 12, 0, 11, 13, 0, 9, 7, 4, 10, 6, 10, 4, 10]	0.006023406982421875
7	5	30.0	32	[3, 2, 12, 0, 11, 13, 0, 9, 7, 4, 10, 6, 10, 6, 10]	0.0034492015838623047
7	10	30.0	32	[3, 2, 12, 0, 11, 13, 11, 0, 9, 7, 4, 10, 6, 3, 6]	0.006819725036621094
7	15	30.0	32	[3, 2, 12, 0, 11, 13, 0, 9, 7, 4, 10, 6, 10, 6, 3]	0.004582643508911133
7	20	28.0	32	[3, 2, 12, 0, 11, 13, 0, 9, 7, 4, 10, 6, 3, 2, 1]	0.0061299800872802734
7	25	21.0	28	[3, 2, 12, 0, 11, 13, 11, 12, 2, 1, 8, 5]	0.004721403121948242
7	1	10.0	10	[7, 9, 5, 8, 1]	0.002012014389038086
7	5	10.0	10	[7, 9, 5, 8, 1]	0.003009796142578125
7	10	10.0	10	[7, 9, 5, 8, 1]	0.0017457008361816406
7	15	10.0	10	[7, 9, 5, 8, 1]	0.001817941665649414
7	20	10.0	10	[7, 9, 5, 8, 1]	0.00208282470703125
7	25	10.0	10	[7, 9, 5, 8, 1]	0.0030508041381835938
7	1	16.0	14	[12, 2, 3, 6, 10, 4, 7]	0.0033414363861083984
7	5	16.0	14	[12, 2, 3, 6, 10, 4, 7]	0.0026803016662597656
7	10	16.0	15	[12, 2, 3, 6, 10, 4, 7]	0.004666328430175781
7	15	16.0	15	[12, 2, 3, 6, 10, 4, 7]	0.003429412841796875
7	20	16.0	15	[12, 2, 3, 6, 10, 4, 7]	0.003361225128173828
7	25	14.0	16	[12, 2, 3, 6, 10, 4, 7]	0.0030968189239501953
7	1	34.0	33	[0, 11, 13, 0, 12, 2, 3, 6, 10, 4, 7, 9, 5, 8, 1]	0.006133079528808594
7	5	32.0	29	[0, 11, 12, 2, 3, 6, 10, 4, 7, 9, 5, 8, 1]	0.0065653324127197266
7	10	32.0	30	[0, 11, 12, 2, 3, 6, 10, 4, 7, 9, 5, 8, 1]	0.005171537399291992
7	15	32.0	30	[0, 11, 12, 2, 3, 6, 10, 4, 7, 9, 5, 8, 1]	0.007540702819824219
7	20	32.0	30	[0, 11, 12, 2, 3, 6, 10, 4, 7, 9, 5, 8, 1]	0.00545191764831543
7	25	30.0	31	[0, 11, 12, 2, 3, 6, 10, 4, 7, 9, 5, 8, 1]	0.0068206787109375
7	1	18.0	11	[11, 0, 12, 2, 3, 6]	0.0026247501373291016
7	5	18.0	11	[11, 0, 12, 2, 3, 6]	0.002643585205078125
7	10	18.0	12	[11, 0, 12, 2, 3, 6]	0.02334761619567871
7	15	18.0	12	[11, 0, 12, 2, 3, 6]	0.007264852523803711
7	20	18.0	12	[11, 0, 12, 2, 3, 6]	0.00353240966796875
7	25	16.0	13	[11, 0, 12, 2, 3, 6]	0.0033979415893554688
7	1	26.0	21	[11, 0, 12, 2, 3, 6, 10, 4, 7, 9]	0.005547285079956055
7	5	23.0	17	[11, 0, 12, 2, 1, 8, 5, 9]	0.0035266876220703125
7	10	26.0	22	[11, 0, 12, 2, 3, 6, 10, 4, 7, 9]	0.005089282989501953
7	15	26.0	22	[11, 0, 12, 2, 3, 6, 10, 4, 7, 9]	0.0038251876831054688
7	20	26.0	22	[11, 0, 12, 2, 3, 6, 10, 4, 7, 9]	0.0040585994720458984
7	25	24.0	23	[11, 0, 12, 2, 3, 6, 10, 4, 7, 9]	0.0042073726654052734
7	1	6.0	5	[1, 2, 3]	0.000995635986328125
7	5	6.0	5	[1, 2, 3]	0.001249551773071289
7	10	6.0	6	[1, 2, 3]	0.001178741455078125
7	15	6.0	6	[1, 2, 3]	0.0011248588562011719
7	20	6.0	6	[1, 2, 3]	0.0010364055633544922
7	25	6.0	6	[1, 2, 3]	0.0009586811065673828
7	1	8.0	10	[10, 4, 7, 9, 5]	0.0016913414001464844
7	5	8.0	10	[10, 4, 7, 9, 5]	0.001657247543334961
7	10	8.0	10	[10, 4, 7, 9, 5]	0.001772165298461914
7	15	8.0	10	[10, 4, 7, 9, 5]	0.0020236968994140625
7	20	8.0	10	[10, 4, 7, 9, 5]	0.0019075870513916016
7	25	8.0	10	[10, 4, 7, 9, 5]	0.0018918514251708984
7	1	18.0	16	[2, 3, 6, 10, 4, 7, 9, 5]	0.0030896663665771484
7	5	18.0	16	[2, 3, 6, 10, 4, 7, 9, 5]	0.0029129981994628906
7	10	18.0	17	[2, 3, 6, 10, 4, 7, 9, 5]	0.0034439563751220703
7	15	18.0	17	[2, 3, 6, 10, 4, 7, 9, 5]	0.0034821033477783203
7	20	18.0	17	[2, 3, 6, 10, 4, 7, 9, 5]	0.0033185482025146484
7	25	18.0	17	[2, 3, 6, 10, 4, 7, 9, 5]	0.0038106441497802734
7	1	11.0	14	[9, 7, 4, 10, 6, 3, 2]	0.002468109130859375
7	5	11.0	14	[9, 7, 4, 10, 6, 3, 2]	0.0020759105682373047
7	10	11.0	14	[9, 7, 4, 10, 6, 3, 2]	0.002223491668701172
7	15	11.0	14	[9, 7, 4, 10, 6, 3, 2]	0.002407073974609375
7	20	11.0	14	[9, 7, 4, 10, 6, 3, 2]	0.0023040771484375
7	25	11.0	14	[9, 7, 4, 10, 6, 3, 2]	0.002564668655395508
7	1	30.0	23	[11, 0, 12, 2, 3, 6, 10, 4, 7, 9, 5]	0.004399299621582031
7	5	30.0	23	[11, 0, 12, 2, 3, 6, 10, 4, 7, 9, 5]	0.004214286804199219
7	10	30.0	24	[11, 0, 12, 2, 3, 6, 10, 4, 7, 9, 5]	0.005938529968261719
7	15	30.0	24	[11, 0, 12, 2, 3, 6, 10, 4, 7, 9, 5]	0.003679037094116211
7	20	30.0	24	[11, 0, 12, 2, 3, 6, 10, 4, 7, 9, 5]	0.003965854644775391
7	25	28.0	25	[11, 0, 12, 2, 3, 6, 10, 4, 7, 9, 5]	0.0051021575927734375
7	1	23.0	26	[3, 2, 12, 0, 11, 13, 11, 0, 9, 7, 4, 10]	0.0046117305755615234
7	5	18.0	24	[3, 2, 12, 0, 11, 13, 0, 9, 7, 4, 10]	0.004370927810668945
7	10	18.0	24	[3, 2, 12, 0, 11, 13, 0, 9, 7, 4, 10]	0.0043451786041259766
7	15	30.0	30	[3, 2, 12, 0, 11, 13, 11, 12, 11, 0, 9, 7, 4, 10]	0.004014492034912109
7	20	18.0	24	[3, 2, 12, 0, 11, 13, 0, 9, 7, 4, 10]	0.003997325897216797
7	25	16.0	25	[3, 2, 12, 0, 11, 13, 0, 9, 7, 4, 10]	0.005602121353149414
7	1	19.0	25	[5, 9, 7, 4, 10, 6, 3, 2, 12, 0, 11]	0.0041310787200927734
7	5	19.0	25	[5, 9, 7, 4, 10, 6, 3, 2, 12, 0, 11]	0.004051923751831055
7	10	28.0	37	[5, 9, 2, 3, 6, 10, 4, 7, 4, 7, 4, 7, 4, 10, 6]	0.0034584999084472656
7	15	19.0	25	[5, 9, 7, 4, 10, 6, 3, 2, 12, 0, 11]	0.004444122314453125
7	20	19.0	25	[5, 9, 7, 4, 10, 6, 3, 2, 12, 0, 11]	0.0051310062408447266
7	25	17.0	26	[5, 9, 7, 4, 10, 6, 3, 2, 12, 0, 11]	0.006305694580078125
7	1	9.0	8	[10, 6, 3, 2, 12]	0.0017652511596679688
7	5	15.0	15	[10, 4, 7, 9, 0, 11, 12]	0.0022809505462646484
7	10	27.0	29	[10, 4, 7, 9, 5, 8, 1, 2, 3, 6, 3, 2, 12]	0.0037078857421875
7	15	36.0	33	[10, 4, 7, 9, 5, 8, 1, 2, 3, 6, 10, 6, 10, 6, 3]	0.0043659210205078125
7	20	33.0	35	[10, 4, 7, 9, 5, 8, 1, 2, 3, 6, 10, 4, 7, 9, 0]	0.00439763069152832
7	25	33.0	34	[10, 4, 7, 9, 5, 8, 1, 2, 3, 6, 10, 4, 10, 6, 3]	0.004998207092285156
7	1	13.0	17	[5, 9, 7, 4, 10, 6, 3, 2]	0.0043430328369140625
7	5	13.0	17	[5, 9, 7, 4, 10, 6, 3, 2]	0.0034384727478027344
7	10	13.0	17	[5, 9, 7, 4, 10, 6, 3, 2]	0.0033333301544189453
7	15	13.0	17	[5, 9, 7, 4, 10, 6, 3, 2]	0.0034606456756591797
7	20	13.0	17	[5, 9, 7, 4, 10, 6, 3, 2]	0.0033516883850097656
7	25	13.0	17	[5, 9, 7, 4, 10, 6, 3, 2]	0.004002809524536133
7	1	30.0	32	[3, 2, 12, 0, 11, 13, 0, 9, 7, 4, 10, 6, 10, 6, 10]	0.00470733642578125
7	5	30.0	32	[3, 2, 12, 0, 11, 13, 0, 9, 7, 4, 10, 6, 3, 2, 1]	0.0056416988372802734
7	10	27.0	32	[3, 2, 12, 0, 11, 13, 11, 13, 0, 9, 7, 4, 10, 6, 3]	0.0052487850189208984
7	15	30.0	32	[3, 2, 12, 0, 11, 13, 0, 9, 7, 4, 10, 6, 10, 6, 10]	0.0059587955474853516
7	20	21.0	21	[3, 2, 12, 0, 11, 13, 11, 12, 2, 1]	0.003632783889770508
7	25	26.0	33	[3, 2, 12, 0, 11, 13, 0, 9, 7, 4, 10, 6, 3, 2, 1]	0.005315303802490234
8	1	35.0	32	[12, 2, 3, 6, 10, 4, 7, 9, 5, 8, 1, 2, 1, 8, 1]	0.007480621337890625
8	5	35.0	32	[12, 2, 3, 6, 10, 4, 7, 9, 5, 8, 1, 2, 1, 8, 5]	0.008060216903686523
8	10	27.0	34	[12, 2, 3, 6, 10, 4, 7, 9, 5, 8, 1, 2, 3, 2, 9]	0.00874948501586914
8	15	26.0	31	[12, 2, 3, 6, 10, 4, 7, 9, 5, 8, 1, 2, 12, 0]	0.008495807647705078
8	20	31.0	35	[12, 2, 3, 6, 10, 4, 7, 9, 5, 8, 1, 2, 1, 8, 5]	0.007052421569824219
8	25	28.0	31	[12, 2, 3, 6, 10, 4, 7, 9, 5, 8, 1, 2, 12, 0]	0.007705211639404297
8	1	23.0	25	[13, 0, 11, 12, 2, 3, 6, 10, 4, 7, 9, 5]	0.007591724395751953
8	5	23.0	25	[13, 0, 11, 12, 2, 3, 6, 10, 4, 7, 9, 5]	0.007012605667114258
8	10	23.0	25	[13, 0, 11, 12, 2, 3, 6, 10, 4, 7, 9, 5]	0.007978200912475586
8	15	24.0	25	[13, 0, 11, 12, 2, 3, 6, 10, 4, 7, 9, 5]	0.006330251693725586
8	20	24.0	25	[13, 0, 11, 12, 2, 3, 6, 10, 4, 7, 9, 5]	0.00667119026184082
8	25	24.0	25	[13, 0, 11, 12, 2, 3, 6, 10, 4, 7, 9, 5]	0.005768299102783203
8	1	21.0	17	[2, 3, 6, 10, 4, 7, 9, 5, 8]	0.007419109344482422
8	5	21.0	17	[2, 3, 6, 10, 4, 7, 9, 5, 8]	0.007180929183959961
8	10	19.0	18	[2, 3, 6, 10, 4, 7, 9, 5, 8]	0.0056133270263671875
8	15	20.0	18	[2, 3, 6, 10, 4, 7, 9, 5, 8]	0.006182432174682617
8	20	21.0	18	[2, 3, 6, 10, 4, 7, 9, 5, 8]	0.00457310676574707
8	25	21.0	18	[2, 3, 6, 10, 4, 7, 9, 5, 8]	0.00727391242980957
8	1	42.0	30	[10, 4, 7, 9, 5, 8, 1, 2, 3, 6, 10, 4, 7, 4, 10]	0.008584260940551758
8	5	32.0	30	[10, 4, 7, 9, 5, 8, 1, 2, 3, 6, 3, 2, 12, 0, 11]	0.010388612747192383
8	10	28.0	32	[10, 4, 7, 9, 5, 8, 1, 2, 3, 6, 3, 6, 3, 2, 12]	0.008741378784179688
8	15	38.0	32	[10, 4, 7, 9, 5, 8, 1, 2, 3, 6, 10, 4, 7, 9, 0]	0.009576559066772461
8	20	34.0	32	[10, 4, 7, 9, 5, 8, 1, 2, 3, 6, 3, 6, 10, 4, 10]	0.0049626827239990234
8	25	37.0	32	[10, 4, 7, 9, 5, 8, 1, 2, 3, 6, 10, 4, 10, 4, 10]	0.006244659423828125
8	1	28.0	28	[5, 9, 7, 4, 10, 6, 3, 2, 12, 0, 11, 13, 0, 11, 13]	0.007400035858154297
8	5	32.0	28	[5, 9, 7, 4, 10, 6, 3, 2, 12, 0, 11, 13, 0, 13, 0]	0.008720159530639648
8	10	25.0	30	[5, 9, 7, 4, 10, 6, 3, 2, 12, 0, 11, 13, 0, 11, 12]	0.01021575927734375
8	15	26.0	29	[5, 9, 7, 4, 10, 6, 3, 2, 12, 0, 11, 13, 11, 0, 11]	0.009000778198242188
8	20	4.0	6	[5, 8, 1]	0.0018813610076904297
8	25	28.0	29	[5, 9, 7, 4, 10, 6, 3, 2, 12, 0, 11, 13, 11, 13, 11]	0.011599540710449219
8	1	10.0	19	[13, 0, 11, 12, 2, 3, 6, 10, 4]	0.0059661865234375
8	5	10.0	19	[13, 0, 11, 12, 2, 3, 6, 10, 4]	0.005294084548950195
8	10	16.0	25	[13, 0, 11, 12, 2, 1, 8, 5, 9, 7, 4]	0.005606412887573242
8	15	11.0	19	[13, 0, 11, 12, 2, 3, 6, 10, 4]	0.005568504333496094
8	20	11.0	19	[13, 0, 11, 12, 2, 3, 6, 10, 4]	0.005540609359741211
8	25	11.0	19	[13, 0, 11, 12, 2, 3, 6, 10, 4]	0.0055959224700927734
8	1	7.0	6	[6, 10, 4, 7]	0.0013730525970458984
8	5	7.0	6	[6, 10, 4, 7]	0.0017039775848388672
8	10	7.0	6	[6, 10, 4, 7]	0.0016679763793945312
8	15	7.0	6	[6, 10, 4, 7]	0.0015163421630859375
8	20	7.0	6	[6, 10, 4, 7]	0.001753091812133789
8	25	7.0	6	[6, 10, 4, 7]	0.0012798309326171875
8	1	17.0	21	[0, 11, 12, 2, 3, 6, 10, 4, 7, 9]	0.004793882369995117
8	5	17.0	21	[0, 11, 12, 2, 3, 6, 10, 4, 7, 9]	0.004957437515258789
8	10	17.0	21	[0, 11, 12, 2, 3, 6, 10, 4, 7, 9]	0.005825519561767578
8	15	18.0	21	[0, 11, 12, 2, 3, 6, 10, 4, 7, 9]	0.005404949188232422
8	20	18.0	21	[0, 11, 12, 2, 3, 6, 10, 4, 7, 9]	0.006710529327392578
8	25	18.0	21	[0, 11, 12, 2, 3, 6, 10, 4, 7, 9]	0.007420063018798828
8	1	16.0	14	[9, 7, 4, 10, 6, 3, 2, 12]	0.0048487186431884766
8	5	16.0	14	[9, 7, 4, 10, 6, 3, 2, 12]	0.00481104850769043
8	10	16.0	14	[9, 7, 4, 10, 6, 3, 2, 12]	0.004749774932861328
8	15	16.0	14	[9, 7, 4, 10, 6, 3, 2, 12]	0.005157470703125
8	20	16.0	14	[9, 7, 4, 10, 6, 3, 2, 12]	0.004689216613769531
8	25	16.0	14	[9, 7, 4, 10, 6, 3, 2, 12]	0.005029916763305664
8	1	38.0	32	[12, 2, 3, 6, 10, 4, 7, 9, 5, 8, 1, 8, 1, 8, 1]	0.008122682571411133
8	5	35.0	33	[12, 2, 3, 6, 10, 4, 7, 9, 5, 8, 1, 8, 1, 2, 3]	0.00868535041809082
8	10	27.0	35	[12, 2, 3, 6, 10, 4, 7, 9, 5, 8, 1, 8, 1, 2, 9]	0.0071642398834228516
8	15	28.0	36	[12, 2, 3, 6, 10, 4, 7, 9, 5, 8, 1, 8, 1, 8, 5]	0.00930929183959961
8	20	33.0	33	[12, 2, 3, 6, 10, 4, 7, 9, 5, 8, 1, 2, 9, 0, 11]	0.006867885589599609
8	25	32.0	36	[12, 2, 3, 6, 10, 4, 7, 9, 5, 8, 1, 8, 5, 8, 1]	0.009315013885498047
8	1	32.0	32	[12, 2, 3, 6, 10, 4, 7, 9, 5, 8, 1, 2, 3, 6, 10]	0.008018970489501953
8	5	35.0	32	[12, 2, 3, 6, 10, 4, 7, 9, 5, 8, 1, 2, 1, 8, 1]	0.009235858917236328
8	10	26.0	31	[12, 11, 0, 9, 7, 4, 10, 6, 3, 2, 1, 8, 5, 9, 7]	0.010450363159179688
8	15	31.0	35	[12, 2, 3, 6, 10, 4, 7, 9, 5, 8, 1, 8, 5, 9, 0]	0.007777214050292969
8	20	32.0	36	[12, 2, 3, 6, 10, 4, 7, 9, 5, 8, 1, 8, 5, 8, 1]	0.0072171688079833984
8	25	30.0	34	[12, 2, 3, 6, 10, 4, 7, 9, 5, 8, 1, 2, 9, 0, 11]	0.008730173110961914
8	1	16.0	14	[9, 7, 4, 10, 6, 3, 2, 12]	0.005110979080200195
8	5	16.0	14	[9, 7, 4, 10, 6, 3, 2, 12]	0.005017757415771484
8	10	16.0	14	[9, 7, 4, 10, 6, 3, 2, 12]	0.0044863224029541016
8	15	16.0	14	[9, 7, 4, 10, 6, 3, 2, 12]	0.005223989486694336
8	20	16.0	14	[9, 7, 4, 10, 6, 3, 2, 12]	0.003457784652709961
8	25	16.0	14	[9, 7, 4, 10, 6, 3, 2, 12]	0.0034410953521728516
8	1	19.0	18	[12, 2, 3, 6, 10, 4, 7, 9, 5]	0.0068035125732421875
8	5	19.0	18	[12, 2, 3, 6, 10, 4, 7, 9, 5]	0.0053098201751708984
8	10	19.0	18	[12, 2, 3, 6, 10, 4, 7, 9, 5]	0.004238605499267578
8	15	20.0	18	[12, 2, 3, 6, 10, 4, 7, 9, 5]	0.004445791244506836
8	20	20.0	18	[12, 2, 3, 6, 10, 4, 7, 9, 5]	0.004040956497192383
8	25	20.0	18	[12, 2, 3, 6, 10, 4, 7, 9, 5]	0.00548243522644043
8	1	32.0	30	[10, 4, 7, 9, 5, 8, 1, 2, 3, 6, 3, 2, 12, 0, 11]	0.008746862411499023
8	5	33.0	30	[10, 4, 7, 9, 5, 8, 1, 2, 3, 6, 3, 6, 3, 6, 10]	0.005316257476806641
8	10	30.0	25	[10, 4, 7, 9, 2, 3, 6, 3, 2, 12, 0, 13, 11]	0.006756305694580078
8	15	25.0	23	[10, 4, 7, 9, 2, 3, 6, 3, 2, 12, 0, 11]	0.005507230758666992
8	20	29.0	32	[10, 4, 7, 9, 5, 8, 1, 2, 3, 6, 10, 6, 10, 6, 10]	0.007329463958740234
8	25	30.0	32	[10, 4, 7, 9, 5, 8, 1, 2, 3, 6, 3, 2, 12, 0, 11]	0.007310628890991211
8	1	3.0	6	[1, 2, 3]	0.0014719963073730469
8	5	3.0	6	[1, 2, 3]	0.0015411376953125
8	10	3.0	6	[1, 2, 3]	0.0012309551239013672
8	15	4.0	6	[1, 2, 3]	0.0014500617980957031
8	20	4.0	6	[1, 2, 3]	0.0013530254364013672
8	25	19.0	19	[1, 8, 5, 9, 7, 4, 10, 6, 3]	0.008490562438964844
8	1	12.0	12	[5, 8, 1, 2, 3, 6]	0.0036399364471435547
8	5	15.0	10	[5, 9, 7, 4, 10, 6]	0.0046539306640625
8	10	13.0	11	[5, 9, 7, 4, 10, 6]	0.0050504207611083984
8	15	13.0	11	[5, 9, 7, 4, 10, 6]	0.0041811466217041016
8	20	14.0	11	[5, 9, 7, 4, 10, 6]	0.0029659271240234375
8	25	14.0	11	[5, 9, 7, 4, 10, 6]	0.003143310546875
8	1	45.0	30	[7, 9, 5, 8, 1, 2, 3, 6, 10, 4, 7, 4, 7, 4, 10]	0.007428646087646484
8	5	42.0	30	[7, 9, 5, 8, 1, 2, 3, 6, 10, 4, 7, 4, 10, 4, 7]	0.008499622344970703
8	10	37.0	32	[7, 9, 5, 8, 1, 2, 3, 6, 10, 4, 10, 4, 7, 4, 10]	0.008062124252319336
8	15	34.0	32	[7, 9, 5, 8, 1, 2, 3, 6, 10, 4, 7, 4, 10, 6, 10]	0.008109331130981445
8	20	36.0	33	[7, 9, 5, 8, 1, 2, 3, 6, 10, 4, 7, 9, 0, 11, 12]	0.012006521224975586
8	25	37.0	32	[7, 9, 5, 8, 1, 2, 3, 6, 10, 4, 10, 4, 10, 4, 10]	0.008474588394165039
8	1	10.0	19	[13, 0, 11, 12, 2, 3, 6, 10, 4]	0.007824897766113281
8	5	10.0	19	[13, 0, 11, 12, 2, 3, 6, 10, 4]	0.007961034774780273
8	10	10.0	19	[13, 0, 11, 12, 2, 3, 6, 10, 4]	0.00702357292175293
8	15	14.0	16	[13, 0, 12, 2, 3, 6, 10, 4]	0.005716085433959961
8	20	11.0	19	[13, 0, 11, 12, 2, 3, 6, 10, 4]	0.006409645080566406
8	25	11.0	19	[13, 0, 11, 12, 2, 3, 6, 10, 4]	0.004879474639892578
8	1	6.0	10	[1, 2, 3, 6, 10]	0.004177570343017578
8	5	6.0	10	[1, 2, 3, 6, 10]	0.0038216114044189453
8	10	6.0	10	[1, 2, 3, 6, 10]	0.0026519298553466797
8	15	7.0	10	[1, 2, 3, 6, 10]	0.002495288848876953
8	20	7.0	10	[1, 2, 3, 6, 10]	0.0018148422241210938
8	25	7.0	10	[1, 2, 3, 6, 10]	0.002218961715698242
8	1	2.0	2	[13, 0]	0.0006914138793945312
8	5	2.0	2	[13, 0]	0.0008552074432373047
8	10	2.0	2	[13, 0]	0.0005939006805419922
8	15	28.0	35	[13, 11, 12, 2, 3, 6, 10, 4, 7, 9, 5, 8, 1, 8, 1]	0.006574392318725586
8	20	2.0	2	[13, 0]	0.000965118408203125
8	25	2.0	2	[13, 0]	0.0007536411285400391
9	1	35.0	29	[12, 2, 3, 6, 10, 4, 7, 9, 5, 8, 1, 8, 1, 8, 5]	0.011795997619628906
9	5	35.0	30	[12, 2, 3, 6, 10, 4, 7, 9, 5, 8, 1, 8, 1, 2, 12]	0.015355348587036133
9	10	35.0	29	[12, 2, 3, 6, 10, 4, 7, 9, 5, 8, 1, 8, 1, 8, 5]	0.013880014419555664
9	15	32.0	31	[12, 2, 3, 6, 10, 4, 7, 9, 5, 8, 1, 8, 5, 8, 1]	0.012030363082885742
9	20	32.0	34	[12, 2, 3, 6, 10, 4, 7, 9, 5, 8, 1, 2, 1, 8, 1]	0.014921188354492188
9	25	37.0	35	[12, 2, 3, 6, 10, 4, 7, 9, 5, 8, 1, 8, 5, 9, 0]	0.01738762855529785
9	1	17.0	13	[13, 0, 11, 12, 2, 3]	0.005915164947509766
9	5	17.0	13	[13, 0, 11, 12, 2, 3]	0.0071942806243896484
9	10	17.0	13	[13, 0, 11, 12, 2, 3]	0.0059528350830078125
9	15	17.0	13	[13, 0, 11, 12, 2, 3]	0.00634765625
9	20	16.0	14	[13, 0, 11, 12, 2, 3]	0.006779670715332031
9	25	16.0	14	[13, 0, 11, 12, 2, 3]	0.006403684616088867
9	1	35.0	27	[0, 11, 12, 2, 3, 6, 10, 4, 7, 9, 5, 8, 1]	0.013806819915771484
9	5	35.0	27	[0, 11, 12, 2, 3, 6, 10, 4, 7, 9, 5, 8, 1]	0.013283491134643555
9	10	35.0	27	[0, 11, 12, 2, 3, 6, 10, 4, 7, 9, 5, 8, 1]	0.015549421310424805
9	15	35.0	27	[0, 11, 12, 2, 3, 6, 10, 4, 7, 9, 5, 8, 1]	0.013227701187133789
9	20	34.0	28	[0, 11, 12, 2, 3, 6, 10, 4, 7, 9, 5, 8, 1]	0.012098073959350586
9	25	36.0	30	[0, 11, 12, 2, 3, 6, 10, 4, 7, 9, 5, 8, 1]	0.011384010314941406
9	1	33.0	28	[6, 10, 4, 7, 9, 5, 8, 1, 2, 3, 6, 3, 2, 12]	0.014588594436645508
9	5	36.0	29	[6, 10, 4, 7, 9, 5, 8, 1, 2, 3, 6, 3, 6, 10, 6]	0.011773824691772461
9	10	36.0	29	[6, 10, 4, 7, 9, 5, 8, 1, 2, 3, 6, 3, 6, 10, 6]	0.015703201293945312
9	15	24.0	26	[6, 10, 4, 7, 9, 5, 8, 1, 2, 3, 2, 12]	0.013864755630493164
9	20	30.0	33	[6, 10, 4, 7, 9, 5, 8, 1, 2, 3, 6, 10, 4, 7, 9]	0.017071008682250977
9	25	25.0	29	[6, 10, 4, 7, 9, 5, 8, 1, 2, 3, 2, 12]	0.015542030334472656
9	1	6.0	4	[9, 7, 4]	0.002913951873779297
9	5	6.0	4	[9, 7, 4]	0.0032091140747070312
9	10	6.0	4	[9, 7, 4]	0.0019383430480957031
9	15	6.0	4	[9, 7, 4]	0.0021474361419677734
9	20	6.0	4	[9, 7, 4]	0.002435445785522461
9	25	6.0	4	[9, 7, 4]	0.0024352073669433594
9	1	24.0	17	[13, 0, 11, 12, 2, 3, 6, 10]	0.01101231575012207
9	5	24.0	17	[13, 0, 11, 12, 2, 3, 6, 10]	0.011269330978393555
9	10	24.0	17	[13, 0, 11, 12, 2, 3, 6, 10]	0.006945371627807617
9	15	24.0	17	[13, 0, 11, 12, 2, 3, 6, 10]	0.007378339767456055
9	20	17.0	15	[13, 0, 12, 2, 3, 6, 10]	0.006134748458862305
9	25	23.0	18	[13, 0, 11, 12, 2, 3, 6, 10]	0.008891105651855469
9	1	24.0	19	[4, 7, 9, 5, 8, 1, 2, 3, 6, 10]	0.009109735488891602
9	5	24.0	19	[4, 7, 9, 5, 8, 1, 2, 3, 6, 10]	0.008903741836547852
9	10	24.0	19	[4, 7, 9, 5, 8, 1, 2, 3, 6, 10]	0.01122140884399414
9	15	22.0	21	[4, 7, 9, 5, 8, 1, 2, 3, 6, 10]	0.0074520111083984375
9	20	29.0	22	[4, 7, 9, 0, 11, 12, 2, 3, 6, 10]	0.008213520050048828
9	25	22.0	23	[4, 7, 9, 5, 8, 1, 2, 3, 6, 10]	0.008113861083984375
9	1	25.0	19	[0, 11, 12, 2, 3, 6, 10, 4, 7]	0.011974573135375977
9	5	25.0	19	[0, 11, 12, 2, 3, 6, 10, 4, 7]	0.010618448257446289
9	10	25.0	19	[0, 11, 12, 2, 3, 6, 10, 4, 7]	0.00989389419555664
9	15	25.0	19	[0, 11, 12, 2, 3, 6, 10, 4, 7]	0.010359048843383789
9	20	24.0	20	[0, 11, 12, 2, 3, 6, 10, 4, 7]	0.00890350341796875
9	25	25.0	21	[0, 11, 12, 2, 3, 6, 10, 4, 7]	0.010162353515625
9	1	13.0	10	[11, 0, 12, 2, 3, 6]	0.0067920684814453125
9	5	13.0	10	[11, 0, 12, 2, 3, 6]	0.00506591796875
9	10	13.0	10	[11, 0, 12, 2, 3, 6]	0.006719827651977539
9	15	13.0	10	[11, 0, 12, 2, 3, 6]	0.004677295684814453
9	20	16.0	13	[11, 0, 12, 2, 3, 6]	0.005366086959838867
9	25	16.0	13	[11, 0, 12, 2, 3, 6]	0.005278825759887695
9	1	40.0	33	[5, 9, 7, 4, 10, 6, 3, 2, 12, 0, 11, 13, 11, 12, 0]	0.014404773712158203
9	5	39.0	34	[5, 9, 7, 4, 10, 6, 3, 2, 12, 0, 11, 13, 0, 11, 12]	0.017534971237182617
9	10	36.0	33	[5, 9, 7, 4, 10, 6, 3, 2, 12, 0, 11, 13, 11, 0, 11]	0.014951229095458984
9	15	40.0	33	[5, 9, 7, 4, 10, 6, 3, 2, 12, 0, 11, 13, 11, 12, 2]	0.017122983932495117
9	20	42.0	34	[5, 9, 7, 4, 10, 6, 3, 2, 12, 0, 11, 13, 0, 12, 0]	0.020470857620239258
9	25	44.0	37	[5, 9, 7, 4, 10, 6, 3, 2, 12, 0, 11, 13, 11, 13, 0]	0.0164034366607666
9	1	6.0	7	[6, 10, 4, 7]	0.0043904781341552734
9	5	6.0	7	[6, 10, 4, 7]	0.006621122360229492
9	10	6.0	7	[6, 10, 4, 7]	0.0033257007598876953
9	15	6.0	7	[6, 10, 4, 7]	0.004828453063964844
9	20	6.0	7	[6, 10, 4, 7]	0.005135536193847656
9	25	7.0	8	[6, 10, 4, 7]	0.005713939666748047
9	1	19.0	15	[2, 3, 6, 10, 4, 7, 9, 5]	0.0072557926177978516
9	5	19.0	15	[2, 3, 6, 10, 4, 7, 9, 5]	0.010523080825805664
9	10	19.0	15	[2, 3, 6, 10, 4, 7, 9, 5]	0.008446216583251953
9	15	19.0	15	[2, 3, 6, 10, 4, 7, 9, 5]	0.007617950439453125
9	20	18.0	16	[2, 3, 6, 10, 4, 7, 9, 5]	0.00876927375793457
9	25	19.0	17	[2, 3, 6, 10, 4, 7, 9, 5]	0.009627103805541992
9	1	20.0	20	[8, 5, 9, 7, 4, 10, 6, 3, 2, 12]	0.009484291076660156
9	5	20.0	20	[8, 5, 9, 7, 4, 10, 6, 3, 2, 12]	0.011384010314941406
9	10	20.0	20	[8, 5, 9, 7, 4, 10, 6, 3, 2, 12]	0.011453866958618164
9	15	20.0	20	[8, 5, 9, 7, 4, 10, 6, 3, 2, 12]	0.015213251113891602
9	20	20.0	20	[8, 5, 9, 7, 4, 10, 6, 3, 2, 12]	0.013175249099731445
9	25	22.0	22	[8, 5, 9, 7, 4, 10, 6, 3, 2, 12]	0.013168811798095703
9	1	12.0	8	[1, 2, 3, 6, 10]	0.010872602462768555
9	5	12.0	8	[1, 2, 3, 6, 10]	0.009058952331542969
9	10	12.0	8	[1, 2, 3, 6, 10]	0.008745908737182617
9	15	10.0	10	[1, 2, 3, 6, 10]	0.0065615177154541016
9	20	48.0	38	[1, 2, 12, 0, 11, 13, 11, 12, 11, 12, 0, 9, 7, 4, 10]	0.01745009422302246
9	25	9.0	11	[1, 2, 3, 6, 10]	0.005839347839355469
9	1	14.0	13	[5, 9, 7, 4, 10, 6, 3]	0.011145353317260742
9	5	14.0	13	[5, 9, 7, 4, 10, 6, 3]	0.00942230224609375
9	10	14.0	13	[5, 9, 7, 4, 10, 6, 3]	0.007676839828491211
9	15	14.0	13	[5, 9, 7, 4, 10, 6, 3]	0.007772684097290039
9	20	14.0	13	[5, 9, 7, 4, 10, 6, 3]	0.008504629135131836
9	25	16.0	15	[5, 9, 7, 4, 10, 6, 3]	0.007525920867919922
9	1	15.0	13	[4, 7, 9, 5, 8, 1, 2]	0.006311178207397461
9	5	15.0	13	[4, 7, 9, 5, 8, 1, 2]	0.011197328567504883
9	10	10.0	9	[4, 10, 6, 3, 2]	0.006587028503417969
9	15	13.0	15	[4, 7, 9, 5, 8, 1, 2]	0.012684822082519531
9	20	13.0	15	[4, 7, 9, 5, 8, 1, 2]	0.010563850402832031
9	25	14.0	16	[4, 7, 9, 5, 8, 1, 2]	0.00944972038269043
9	1	6.0	6	[8, 1, 2, 3]	0.005274534225463867
9	5	15.0	15	[8, 5, 9, 7, 4, 10, 6, 3]	0.016958236694335938
9	10	15.0	15	[8, 5, 9, 7, 4, 10, 6, 3]	0.017223596572875977
9	15	15.0	15	[8, 5, 9, 7, 4, 10, 6, 3]	0.010558366775512695
9	20	8.0	9	[8, 5, 9, 2, 3]	0.005632638931274414
9	25	9.0	10	[8, 5, 9, 2, 3]	0.007337331771850586
9	1	1.0	2	[11, 0]	0.0018122196197509766
9	5	1.0	2	[11, 0]	0.001544952392578125
9	10	3.0	5	[11, 13, 0]	0.0025739669799804688
9	15	1.0	2	[11, 0]	0.0014996528625488281
9	20	4.0	3	[11, 0]	0.0018317699432373047
9	25	4.0	3	[11, 0]	0.0017249584197998047
9	1	33.0	30	[6, 10, 4, 7, 9, 5, 8, 1, 2, 3, 6, 10, 4, 7, 4]	0.0260164737701416
9	5	31.0	26	[6, 10, 4, 7, 9, 5, 8, 1, 2, 3, 2, 12, 0]	0.02776813507080078
9	10	31.0	26	[6, 10, 4, 7, 9, 5, 8, 1, 2, 3, 2, 12, 0]	0.029582738876342773
9	15	29.0	28	[6, 10, 4, 7, 9, 5, 8, 1, 2, 3, 2, 12, 0]	0.03201603889465332
9	20	35.0	33	[6, 10, 4, 7, 9, 5, 8, 1, 2, 3, 6, 3, 2, 12, 0]	0.016628026962280273
9	25	30.0	31	[6, 10, 4, 7, 9, 5, 8, 1, 2, 3, 2, 12, 0]	0.017191648483276367
9	1	1.0	2	[8, 5]	0.0012121200561523438
9	5	1.0	2	[8, 5]	0.0016791820526123047
9	10	1.0	2	[8, 5]	0.0017368793487548828
9	15	1.0	2	[8, 5]	0.0018074512481689453
9	20	1.0	2	[8, 5]	0.002717733383178711
9	25	1.0	2	[8, 5]	0.019826173782348633
10	1	34.0	35	[10, 4, 7, 9, 2, 3, 6, 10, 4, 10, 4, 7, 4, 10, 6]	0.09859800338745117
10	5	41.0	31	[10, 4, 7, 9, 5, 8, 1, 2, 3, 6, 10, 6, 3, 2, 12]	0.1099855899810791
10	10	40.0	29	[10, 4, 7, 9, 5, 8, 1, 2, 3, 6, 3, 2, 12, 0]	0.09990978240966797
10	15	40.0	29	[10, 4, 7, 9, 5, 8, 1, 2, 3, 6, 3, 2, 12, 0]	0.06371760368347168
10	20	10034.0	10029	[10, 4, 7, 9, 5, 8, 1, 2, 3, 6, 10, 4, 10, 6, 3]	0.048348426818847656
10	25	10027.0	10021	[10, 4, 7, 9, 2, 3, 6, 3, 2, 12, 0]	0.035733699798583984
10	1	38.0	31	[6, 10, 4, 7, 9, 5, 8, 1, 2, 3, 6, 3, 2, 12, 0]	0.06981444358825684
10	5	33.0	29	[6, 10, 4, 7, 9, 5, 8, 1, 2, 3, 2, 12, 0, 11]	0.04742240905761719
10	10	40.0	31	[6, 10, 4, 7, 9, 5, 8, 1, 2, 3, 6, 3, 6, 10, 6]	0.07050299644470215
10	15	36.0	32	[6, 10, 4, 7, 9, 5, 8, 1, 2, 3, 6, 10, 4, 7, 4]	0.0716862678527832
10	20	10032.0	10024	[6, 10, 4, 7, 9, 5, 8, 1, 2, 3, 2, 12, 11]	0.06114363670349121
10	25	10034.0	10030	[6, 10, 4, 7, 9, 5, 8, 1, 2, 3, 6, 10, 6, 10, 4]	0.06570720672607422
10	1	11.0	10	[10, 4, 7, 9, 5]	0.020206689834594727
10	5	11.0	10	[10, 4, 7, 9, 5]	0.01401519775390625
10	10	11.0	10	[10, 4, 7, 9, 5]	0.01738905906677246
10	15	11.0	10	[10, 4, 7, 9, 5]	0.02092456817626953
10	20	10009.0	10006	[10, 4, 7, 9, 5]	0.013513803482055664
10	25	10009.0	10006	[10, 4, 7, 9, 5]	0.017937898635864258
10	1	20.0	18	[6, 10, 4, 7, 9, 5, 8, 1, 2]	0.029008150100708008
10	5	20.0	18	[6, 10, 4, 7, 9, 5, 8, 1, 2]	0.030061006546020508
10	10	20.0	18	[6, 10, 4, 7, 9, 5, 8, 1, 2]	0.04625439643859863
10	15	20.0	18	[6, 10, 4, 7, 9, 5, 8, 1, 2]	0.033145904541015625
10	20	10015.0	10015	[6, 10, 4, 7, 9, 5, 8, 1, 2]	0.02984333038330078
10	25	10015.0	10016	[6, 10, 4, 7, 9, 5, 8, 1, 2]	0.030849933624267578
10	1	11.0	11	[8, 5, 9, 7, 4, 10]	0.016170740127563477
10	5	11.0	11	[8, 5, 9, 7, 4, 10]	0.0228574275970459
10	10	9.0	12	[8, 5, 9, 7, 4, 10]	0.022897005081176758
10	15	9.0	12	[8, 5, 9, 7, 4, 10]	0.025841712951660156
10	20	10007.0	10008	[8, 5, 9, 7, 4, 10]	0.023709774017333984
10	25	10007.0	10008	[8, 5, 9, 7, 4, 10]	0.023420095443725586
10	1	18.0	12	[3, 2, 12, 11, 0, 9, 7]	0.03175163269042969
10	5	17.0	19	[3, 2, 12, 0, 11, 13, 0, 9, 7]	0.044811248779296875
10	10	18.0	20	[3, 2, 12, 0, 11, 13, 0, 9, 7]	0.03265500068664551
10	15	22.0	32	[3, 2, 12, 0, 11, 13, 11, 13, 11, 13, 0, 9, 7]	0.06400418281555176
10	20	22.0	22	[3, 2, 12, 0, 11, 13, 11, 0, 9, 7]	0.05143570899963379
10	25	35.0	35	[3, 2, 12, 0, 11, 13, 11, 12, 2, 1, 8, 5, 9, 7]	0.08353257179260254
10	1	27.0	25	[11, 0, 12, 2, 3, 6, 10, 4, 7, 9, 5, 8]	0.05976724624633789
10	5	27.0	25	[11, 0, 12, 2, 3, 6, 10, 4, 7, 9, 5, 8]	0.06618666648864746
10	10	26.0	26	[11, 0, 12, 2, 3, 6, 10, 4, 7, 9, 5, 8]	0.06088995933532715
10	15	35.0	33	[11, 0, 12, 2, 9, 7, 4, 10, 6, 3, 6, 3, 2, 1, 8]	0.06445074081420898
10	20	10024.0	10022	[11, 0, 12, 2, 3, 6, 10, 4, 7, 9, 5, 8]	0.06671261787414551
10	25	10026.0	10020	[11, 12, 2, 3, 6, 10, 4, 7, 9, 5, 8]	0.05092763900756836
10	1	28.0	33	[8, 5, 9, 7, 4, 10, 6, 3, 2, 12, 0, 11, 13, 0, 11]	0.1328139305114746
10	5	28.0	33	[8, 5, 9, 7, 4, 10, 6, 3, 2, 12, 0, 11, 13, 11, 12]	0.07655143737792969
10	10	29.0	34	[8, 5, 9, 7, 4, 10, 6, 3, 2, 12, 0, 11, 13, 11, 12]	0.08151841163635254
10	15	30.0	35	[8, 5, 9, 7, 4, 10, 6, 3, 2, 12, 0, 11, 13, 0, 12]	0.1123347282409668
10	20	10031.0	10031	[8, 5, 9, 7, 4, 10, 6, 3, 2, 12, 0, 11, 13, 0, 12]	0.11667275428771973
10	25	10033.0	10031	[8, 5, 9, 7, 4, 10, 6, 3, 2, 12, 0, 11, 13, 0, 13]	0.08414626121520996
10	1	30.0	34	[7, 9, 5, 8, 1, 2, 12, 0, 11, 13, 0, 13, 0, 13, 11]	0.09711909294128418
10	5	7.0	10	[7, 4, 10, 6, 3]	0.029666662216186523
10	10	18.0	13	[7, 9, 5, 8, 1, 2, 3]	0.044415950775146484
10	15	18.0	13	[7, 9, 5, 8, 1, 2, 3]	0.0358428955078125
10	20	10013.0	10010	[7, 9, 5, 8, 1, 2, 3]	0.029514312744140625
10	25	10013.0	10011	[7, 9, 5, 8, 1, 2, 3]	0.02526402473449707
10	1	19.0	21	[0, 11, 12, 2, 3, 6, 10, 4, 7, 9]	0.10319328308105469
10	5	19.0	21	[0, 11, 12, 2, 3, 6, 10, 4, 7, 9]	0.04785323143005371
10	10	19.0	21	[0, 11, 12, 2, 3, 6, 10, 4, 7, 9]	0.03844118118286133
10	15	19.0	21	[0, 11, 12, 2, 3, 6, 10, 4, 7, 9]	0.043154001235961914
10	20	10017.0	10017	[0, 11, 12, 2, 3, 6, 10, 4, 7, 9]	0.031759023666381836
10	25	10021.0	10018	[0, 11, 12, 2, 3, 6, 10, 4, 7, 9]	0.030170917510986328
10	1	12.0	12	[5, 9, 7, 4, 10, 6]	0.01855611801147461
10	5	12.0	12	[5, 9, 7, 4, 10, 6]	0.01926732063293457
10	10	18.0	15	[5, 9, 0, 11, 12, 2, 3, 6]	0.02643442153930664
10	15	10.0	13	[5, 9, 7, 4, 10, 6]	0.028003692626953125
10	20	10008.0	10009	[5, 9, 7, 4, 10, 6]	0.02372264862060547
10	25	10008.0	10009	[5, 9, 7, 4, 10, 6]	0.018036842346191406
10	1	17.0	16	[7, 9, 5, 8, 1, 2, 12, 0]	0.0273439884185791
10	5	36.0	32	[7, 9, 5, 8, 1, 2, 3, 6, 10, 4, 10, 4, 7, 4, 7]	0.040322065353393555
10	10	35.0	27	[7, 9, 5, 8, 1, 2, 3, 6, 10, 4, 7, 9, 0]	0.04611968994140625
10	15	35.0	27	[7, 9, 5, 8, 1, 2, 3, 6, 10, 4, 7, 9, 0]	0.05373692512512207
10	20	10015.0	10013	[7, 9, 5, 8, 1, 2, 12, 0]	0.024161338806152344
10	25	20030.0	20027	[7, 9, 2, 3, 6, 10, 4, 10, 4, 7, 9, 5, 8, 1, 2]	0.044492244720458984
10	1	18.0	11	[1, 2, 3, 6, 10, 4]	0.016387224197387695
10	5	18.0	11	[1, 2, 3, 6, 10, 4]	0.028652191162109375
10	10	18.0	11	[1, 2, 3, 6, 10, 4]	0.017918825149536133
10	15	18.0	11	[1, 2, 3, 6, 10, 4]	0.018930912017822266
10	20	15.0	12	[1, 2, 3, 6, 10, 4]	0.016268014907836914
10	25	15.0	13	[1, 2, 3, 6, 10, 4]	0.015361547470092773
10	1	33.0	29	[6, 10, 4, 7, 9, 5, 8, 1, 2, 3, 2, 12, 0, 11]	0.04260063171386719
10	5	39.0	32	[6, 10, 4, 7, 9, 5, 8, 1, 2, 3, 6, 10, 4, 10, 6]	0.043145179748535156
10	10	36.0	29	[6, 10, 4, 7, 9, 5, 8, 1, 2, 3, 2, 12, 0, 11]	0.0519556999206543
10	15	41.0	31	[6, 10, 4, 7, 9, 5, 8, 1, 2, 3, 6, 3, 2, 12, 0]	0.05504179000854492
10	20	10036.0	10028	[6, 10, 4, 7, 9, 5, 8, 1, 2, 3, 6, 3, 2, 12, 0]	0.06092548370361328
10	25	10031.0	10028	[6, 10, 4, 7, 9, 5, 8, 1, 2, 3, 2, 12, 0, 11]	0.05165863037109375
10	1	25.0	25	[8, 5, 9, 7, 4, 10, 6, 3, 2, 12, 0, 11]	0.047637224197387695
10	5	25.0	25	[8, 5, 9, 7, 4, 10, 6, 3, 2, 12, 0, 11]	0.03985476493835449
10	10	26.0	26	[8, 5, 9, 7, 4, 10, 6, 3, 2, 12, 0, 11]	0.03866124153137207
10	15	26.0	26	[8, 5, 9, 7, 4, 10, 6, 3, 2, 12, 0, 11]	0.038993120193481445
10	20	10024.0	10022	[8, 5, 9, 7, 4, 10, 6, 3, 2, 12, 0, 11]	0.049714088439941406
10	25	10024.0	10023	[8, 5, 9, 7, 4, 10, 6, 3, 2, 12, 0, 11]	0.03685712814331055
10	1	12.0	12	[5, 9, 7, 4, 10, 6]	0.021678447723388672
10	5	12.0	12	[5, 9, 7, 4, 10, 6]	0.02010321617126465
10	10	10.0	13	[5, 9, 7, 4, 10, 6]	0.01867985725402832
10	15	10.0	13	[5, 9, 7, 4, 10, 6]	0.017406463623046875
10	20	10008.0	10009	[5, 9, 7, 4, 10, 6]	0.021684646606445312
10	25	10008.0	10009	[5, 9, 7, 4, 10, 6]	0.018326282501220703
10	1	11.0	10	[9, 7, 4, 10, 6]	0.01664137840270996
10	5	11.0	10	[9, 7, 4, 10, 6]	0.01687455177307129
10	10	9.0	11	[9, 7, 4, 10, 6]	0.015098810195922852
10	15	9.0	11	[9, 7, 4, 10, 6]	0.014599084854125977
10	20	10007.0	10007	[9, 7, 4, 10, 6]	0.018239259719848633
10	25	10007.0	10007	[9, 7, 4, 10, 6]	0.017104148864746094
10	1	21.0	18	[8, 5, 9, 7, 4, 10, 6, 3, 2]	0.0326540470123291
10	5	21.0	18	[8, 5, 9, 7, 4, 10, 6, 3, 2]	0.03237342834472656
10	10	19.0	19	[8, 5, 9, 7, 4, 10, 6, 3, 2]	0.032456398010253906
10	15	19.0	19	[8, 5, 9, 7, 4, 10, 6, 3, 2]	0.03645610809326172
10	20	10017.0	10015	[8, 5, 9, 7, 4, 10, 6, 3, 2]	0.025981426239013672
10	25	10017.0	10015	[8, 5, 9, 7, 4, 10, 6, 3, 2]	0.030019521713256836
10	1	25.0	26	[13, 0, 11, 12, 2, 3, 6, 10, 4, 7, 9, 5]	0.04390740394592285
10	5	25.0	26	[13, 0, 11, 12, 2, 3, 6, 10, 4, 7, 9, 5]	0.05054306983947754
10	10	25.0	26	[13, 0, 11, 12, 2, 3, 6, 10, 4, 7, 9, 5]	0.047599077224731445
10	15	25.0	26	[13, 0, 11, 12, 2, 3, 6, 10, 4, 7, 9, 5]	0.053771018981933594
10	20	10023.0	10022	[13, 0, 11, 12, 2, 3, 6, 10, 4, 7, 9, 5]	0.05106472969055176
10	25	10027.0	10023	[13, 0, 11, 12, 2, 3, 6, 10, 4, 7, 9, 5]	0.048488616943359375
10	1	38.0	31	[4, 7, 9, 5, 8, 1, 2, 3, 6, 10, 6, 3, 2, 12, 0]	0.05130290985107422
10	5	37.0	31	[4, 7, 9, 5, 8, 1, 2, 3, 6, 10, 4, 7, 9, 0, 11]	0.06133079528808594
10	10	40.0	31	[4, 7, 9, 5, 8, 1, 2, 3, 6, 10, 6, 10, 6, 3, 2]	0.05563068389892578
10	15	39.0	32	[4, 7, 9, 5, 8, 1, 2, 3, 6, 10, 4, 10, 4, 10, 6]	0.06326723098754883
10	20	10034.0	10029	[4, 7, 9, 5, 8, 1, 2, 3, 6, 10, 6, 10, 4, 10, 4]	0.06210184097290039
10	25	20029.0	20026	[4, 7, 9, 5, 8, 1, 2, 3, 6, 10, 4, 7, 4, 10, 4]	0.05626416206359863
