Num of Nodes	BW	Delay	Num of Hops	Path	Execution Time (seconds)
5	1	12.0	9	[7, 6, 13, 20, 0]	0.004102945327758789
5	5	12.0	9	[7, 6, 13, 20, 0]	0.0028939247131347656
5	10	9.0	9	[7, 6, 13, 20, 0]	0.0016300678253173828
5	15	9.0	9	[7, 6, 13, 20, 0]	0.0018472671508789062
5	20	9.0	9	[7, 6, 13, 20, 0]	0.0014863014221191406
5	25	9.0	9	[7, 6, 13, 20, 0]	0.0018177032470703125
5	1	15.0	12	[2, 17, 9, 18, 11, 23, 12]	0.002359628677368164
5	5	15.0	12	[2, 17, 9, 18, 11, 23, 12]	0.002216339111328125
5	10	15.0	12	[2, 17, 9, 18, 11, 23, 12]	0.0021514892578125
5	15	16.0	13	[2, 17, 9, 18, 11, 23, 12]	0.0029680728912353516
5	20	16.0	13	[2, 17, 9, 18, 11, 23, 12]	0.0028007030487060547
5	25	16.0	13	[2, 17, 9, 18, 11, 23, 12]	0.0025386810302734375
5	1	14.0	12	[10, 15, 2, 17, 9, 18, 11]	0.002559661865234375
5	5	14.0	12	[10, 15, 2, 17, 9, 18, 11]	0.0036535263061523438
5	10	14.0	12	[10, 15, 2, 17, 9, 18, 11]	0.0022945404052734375
5	15	15.0	13	[10, 15, 2, 17, 9, 18, 11]	0.0019888877868652344
5	20	15.0	13	[10, 15, 2, 17, 9, 18, 11]	0.003130197525024414
5	25	15.0	13	[10, 15, 2, 17, 9, 18, 11]	0.003551006317138672
5	1	20.0	17	[2, 15, 10, 16, 1, 4, 3, 5, 0]	0.002968311309814453
5	5	23.0	21	[2, 17, 9, 18, 11, 23, 12, 21, 3, 5, 0]	0.005383491516113281
5	10	23.0	21	[2, 17, 9, 18, 11, 23, 12, 21, 3, 5, 0]	0.004734516143798828
5	15	24.0	22	[2, 17, 9, 18, 11, 23, 12, 21, 3, 5, 0]	0.0043871402740478516
5	20	10048.0	10052	[2, 17, 9, 18, 11, 23, 12, 21, 3, 5, 22, 8, 16, 14, 19, 12, 15, 10, 3, 4, 1, 4, 1, 4, 3]	0.00727534294128418
5	25	10018.0	10018	[2, 17, 9, 18, 11, 23, 12, 21, 3, 5, 0]	0.004750728607177734
5	1	31.0	28	[5, 3, 4, 1, 16, 8, 22, 14, 19, 12, 21, 12, 23]	0.0064775943756103516
5	5	6.0	8	[5, 0, 20, 11, 23]	0.002126932144165039
5	10	6.0	8	[5, 0, 20, 11, 23]	0.002784252166748047
5	15	6.0	8	[5, 0, 20, 11, 23]	0.0020847320556640625
5	20	6.0	8	[5, 0, 20, 11, 23]	0.0017642974853515625
5	25	6.0	8	[5, 0, 20, 11, 23]	0.001924276351928711
5	1	5.0	2	[16, 8]	0.0006003379821777344
5	5	5.0	2	[16, 8]	0.0013668537139892578
5	10	50.0	53	[16, 1, 4, 3, 5, 0, 20, 11, 23, 12, 21, 12, 15, 10, 3, 18, 7, 6, 13, 6, 7, 18, 9, 17, 2]	0.007120609283447266
5	15	5.0	2	[16, 8]	0.0008978843688964844
5	20	5.0	2	[16, 8]	0.0006420612335205078
5	25	5.0	2	[16, 8]	0.0008161067962646484
5	1	15.0	12	[8, 22, 14, 19, 12, 21]	0.002050161361694336
5	5	15.0	12	[8, 22, 14, 19, 12, 21]	0.0019075870513916016
5	10	13.0	13	[8, 22, 14, 19, 12, 21]	0.0024459362030029297
5	15	10012.0	10009	[8, 16, 14, 19, 12, 21]	0.0022432804107666016
5	20	10007.0	10009	[8, 22, 14, 19, 12, 21]	0.003599882125854492
5	25	10007.0	10009	[8, 22, 14, 19, 12, 21]	0.0028717517852783203
5	1	56.0	51	[15, 10, 16, 8, 22, 14, 19, 12, 21, 3, 5, 0, 20, 11, 23, 11, 18, 9, 17, 2, 15, 2, 17, 2, 17]	0.008403539657592773
5	5	48.0	41	[15, 10, 16, 8, 22, 14, 19, 12, 21, 3, 5, 0, 20, 11, 23, 11, 18, 7, 6]	0.008418083190917969
5	10	63.0	52	[15, 10, 16, 8, 22, 14, 19, 12, 21, 3, 5, 0, 20, 11, 23, 11, 18, 9, 17, 2, 15, 10, 16, 1, 4]	0.009540557861328125
5	15	10041.0	10038	[15, 10, 16, 8, 22, 14, 19, 12, 21, 3, 5, 0, 20, 11, 23, 11, 18, 7, 6]	0.00956416130065918
5	20	10037.0	10038	[15, 10, 16, 8, 22, 14, 19, 12, 21, 3, 5, 0, 20, 11, 23, 11, 18, 7, 6]	0.007344961166381836
5	25	20059.0	20045	[15, 10, 16, 8, 22, 14, 19, 12, 21, 3, 5, 0, 20, 11, 23, 12, 23, 12, 23, 12, 15, 2, 17, 9, 18]	0.011153221130371094
5	1	5.0	4	[18, 11, 23]	0.002081155776977539
5	5	5.0	4	[18, 11, 23]	0.0010612010955810547
5	10	5.0	4	[18, 11, 23]	0.0008196830749511719
5	15	5.0	4	[18, 11, 23]	0.0010368824005126953
5	20	5.0	4	[18, 11, 23]	0.0011096000671386719
5	25	5.0	4	[18, 11, 23]	0.0011105537414550781
5	1	24.0	25	[5, 0, 20, 11, 23, 12, 21, 3, 18, 9, 17, 2, 15]	0.006664276123046875
5	5	45.0	41	[5, 0, 20, 11, 23, 12, 21, 3, 4, 1, 16, 8, 22, 14, 19, 14, 19, 12, 15]	0.00563812255859375
5	10	44.0	41	[5, 0, 20, 11, 23, 12, 21, 3, 4, 1, 16, 8, 22, 14, 19, 14, 16, 10, 15]	0.009847640991210938
5	15	20050.0	20044	[5, 0, 20, 11, 23, 12, 21, 3, 4, 1, 16, 8, 22, 14, 19, 14, 19, 14, 22, 8, 16, 10, 15]	0.009148597717285156
5	20	10030.0	10033	[5, 0, 20, 11, 23, 12, 21, 3, 4, 1, 16, 8, 22, 14, 19, 12, 15]	0.007309436798095703
5	25	20028.0	20029	[5, 0, 20, 11, 23, 12, 21, 3, 4, 1, 16, 8, 22, 14, 19, 12, 15]	0.007561922073364258
5	1	48.0	49	[3, 5, 0, 20, 11, 23, 12, 21, 3, 4, 1, 16, 8, 22, 14, 19, 12, 15, 2, 17, 9, 18, 7]	0.009424209594726562
5	5	54.0	44	[3, 5, 0, 20, 11, 23, 12, 21, 12, 15, 10, 16, 8, 22, 14, 19, 12, 23, 11, 18, 7]	0.006072521209716797
5	10	56.0	54	[3, 5, 0, 20, 11, 23, 12, 21, 3, 4, 1, 16, 8, 22, 14, 19, 14, 22, 8, 16, 10, 15, 2, 17, 9]	0.008118867874145508
5	15	10050.0	10041	[3, 5, 0, 20, 11, 23, 12, 21, 12, 15, 10, 16, 8, 22, 14, 19, 12, 23, 11, 18, 7]	0.006128072738647461
5	20	17.0	14	[3, 21, 12, 23, 11, 18, 7]	0.003509044647216797
5	25	20054.0	20047	[3, 5, 0, 20, 11, 23, 12, 15, 10, 16, 8, 22, 14, 19, 14, 16, 1, 4, 1, 4, 1, 4, 3, 21, 3]	0.00791311264038086
5	1	35.0	32	[21, 12, 23, 11, 18, 7, 6, 13, 20, 0, 5, 22, 8, 16, 14]	0.006484031677246094
5	5	35.0	32	[21, 12, 23, 11, 18, 7, 6, 13, 20, 0, 5, 22, 8, 16, 14]	0.007515430450439453
5	10	32.0	32	[21, 12, 23, 11, 18, 7, 6, 13, 20, 0, 5, 22, 8, 16, 14]	0.008949995040893555
5	15	10030.0	10028	[21, 12, 23, 11, 18, 7, 6, 13, 20, 0, 5, 22, 8, 16, 14]	0.00812077522277832
5	20	10030.0	10028	[21, 12, 23, 11, 18, 7, 6, 13, 20, 0, 5, 22, 8, 16, 14]	0.0074939727783203125
5	25	20028.0	20024	[21, 12, 23, 11, 18, 7, 6, 13, 20, 0, 5, 22, 8, 16, 14]	0.00965118408203125
5	1	31.0	22	[17, 2, 15, 10, 16, 8, 22, 14, 19, 12, 21]	0.0063419342041015625
5	5	31.0	22	[17, 2, 15, 10, 16, 8, 22, 14, 19, 12, 21]	0.005691051483154297
5	10	29.0	23	[17, 2, 15, 10, 16, 8, 22, 14, 19, 12, 21]	0.00503993034362793
5	15	10028.0	10020	[17, 2, 15, 10, 16, 8, 22, 14, 19, 12, 21]	0.004098176956176758
5	20	10024.0	10020	[17, 2, 15, 10, 16, 8, 22, 14, 19, 12, 21]	0.005666017532348633
5	25	10024.0	10020	[17, 2, 15, 10, 16, 8, 22, 14, 19, 12, 21]	0.005445241928100586
5	1	22.0	21	[12, 21, 3, 5, 0, 20, 11, 23, 12, 15, 10]	0.005621671676635742
5	5	57.0	54	[12, 21, 3, 5, 0, 20, 11, 23, 11, 18, 7, 6, 13, 6, 13, 6, 7, 6, 7, 6, 7, 18, 9, 17, 2]	0.007380962371826172
5	10	54.0	54	[12, 21, 3, 5, 0, 20, 11, 23, 11, 18, 7, 6, 13, 20, 11, 23, 11, 20, 0, 5, 22, 8, 16, 14, 19]	0.010814189910888672
5	15	42.0	44	[12, 21, 3, 5, 0, 20, 11, 23, 11, 18, 7, 6, 13, 20, 11, 18, 9, 17, 2, 15, 10]	0.008746147155761719
5	20	4.0	4	[12, 15, 10]	0.0009264945983886719
5	25	10039.0	10044	[12, 21, 3, 5, 0, 20, 11, 23, 11, 18, 7, 6, 13, 20, 0, 20, 11, 18, 9, 17, 2, 15, 10]	0.007527351379394531
5	1	38.0	35	[21, 12, 23, 11, 18, 7, 6, 13, 20, 0, 5, 22, 8, 16, 14, 19]	0.009347200393676758
5	5	38.0	35	[21, 12, 23, 11, 18, 7, 6, 13, 20, 0, 5, 22, 8, 16, 14, 19]	0.008427858352661133
5	10	35.0	35	[21, 12, 23, 11, 18, 7, 6, 13, 20, 0, 5, 22, 8, 16, 14, 19]	0.007723808288574219
5	15	10033.0	10031	[21, 12, 23, 11, 18, 7, 6, 13, 20, 0, 5, 22, 8, 16, 14, 19]	0.008797407150268555
5	20	10033.0	10031	[21, 12, 23, 11, 18, 7, 6, 13, 20, 0, 5, 22, 8, 16, 14, 19]	0.007143974304199219
5	25	20031.0	20027	[21, 12, 23, 11, 18, 7, 6, 13, 20, 0, 5, 22, 8, 16, 14, 19]	0.006201744079589844
5	1	48.0	41	[21, 12, 23, 11, 18, 7, 6, 13, 20, 0, 5, 22, 8, 16, 14, 19, 14, 16, 10]	0.00673365592956543
5	5	46.0	41	[21, 12, 23, 11, 18, 7, 6, 13, 20, 0, 5, 22, 8, 16, 14, 19, 12, 15, 10]	0.00794672966003418
5	10	41.0	42	[21, 12, 23, 11, 18, 7, 6, 13, 20, 0, 5, 22, 8, 16, 14, 19, 12, 15, 10]	0.007586240768432617
5	15	10039.0	10038	[21, 12, 23, 11, 18, 7, 6, 13, 20, 0, 5, 22, 8, 16, 14, 19, 12, 15, 10]	0.010008096694946289
5	20	35.0	37	[21, 12, 23, 11, 18, 7, 6, 13, 20, 0, 5, 22, 14, 19, 12, 15, 10]	0.005837917327880859
5	25	20037.0	20034	[21, 12, 23, 11, 18, 7, 6, 13, 20, 0, 5, 22, 8, 16, 14, 19, 12, 15, 10]	0.008507251739501953
5	1	27.0	25	[23, 11, 18, 7, 6, 13, 20, 0, 5, 22, 8, 16]	0.004770994186401367
5	5	27.0	25	[23, 11, 18, 7, 6, 13, 20, 0, 5, 22, 8, 16]	0.005199432373046875
5	10	24.0	25	[23, 11, 18, 7, 6, 13, 20, 0, 5, 22, 8, 16]	0.004202842712402344
5	15	10022.0	10021	[23, 11, 18, 7, 6, 13, 20, 0, 5, 22, 8, 16]	0.0057756900787353516
5	20	52.0	47	[23, 11, 18, 3, 5, 0, 20, 13, 6, 7, 6, 13, 6, 13, 6, 7, 18, 9, 17, 2, 15, 10, 16]	0.0060956478118896484
5	25	10022.0	10021	[23, 11, 18, 7, 6, 13, 20, 0, 5, 22, 8, 16]	0.005482196807861328
5	1	60.0	51	[10, 15, 2, 17, 9, 18, 11, 23, 12, 21, 3, 5, 0, 20, 13, 6, 7, 18, 11, 18, 11, 20, 0, 20, 11]	0.008018255233764648
5	5	59.0	53	[10, 15, 2, 17, 9, 18, 11, 23, 12, 21, 3, 5, 0, 20, 13, 6, 7, 6, 7, 6, 7, 18, 9, 18, 7]	0.010219097137451172
5	10	53.0	50	[10, 15, 2, 17, 9, 18, 11, 23, 12, 21, 3, 5, 0, 20, 13, 6, 7, 18, 9, 17, 2, 17, 9, 18, 9]	0.011126518249511719
5	15	10034.0	10029	[10, 15, 12, 21, 3, 5, 0, 20, 11, 23, 12, 19, 14, 22, 8, 16]	0.005089998245239258
5	20	45.0	46	[10, 15, 2, 17, 9, 18, 11, 23, 12, 21, 3, 5, 0, 20, 13, 6, 7, 18, 3, 4, 1, 16]	0.009629964828491211
5	25	20036.0	20037	[10, 15, 2, 17, 9, 18, 7, 6, 13, 20, 11, 23, 12, 21, 3, 5, 0, 5, 22, 8, 16]	0.009843111038208008
5	1	34.0	34	[20, 0, 5, 22, 8, 16, 14, 19, 12, 21, 3, 4, 1, 16, 10, 15]	0.006024599075317383
5	5	39.0	37	[20, 0, 5, 22, 8, 16, 14, 19, 12, 21, 3, 4, 1, 4, 3, 10, 15]	0.0083465576171875
5	10	32.0	35	[20, 0, 5, 22, 8, 16, 14, 19, 12, 21, 3, 4, 1, 16, 10, 15]	0.006880998611450195
5	15	10031.0	10035	[20, 0, 5, 22, 8, 16, 14, 19, 12, 21, 3, 4, 1, 4, 3, 10, 15]	0.006302833557128906
5	20	10030.0	10036	[20, 0, 5, 22, 8, 16, 14, 19, 12, 21, 3, 4, 1, 4, 1, 16, 10, 15]	0.007868766784667969
5	25	20047.0	20047	[20, 0, 5, 22, 8, 16, 14, 19, 12, 21, 3, 4, 1, 4, 3, 18, 11, 23, 11, 23, 11, 18, 9, 17, 2]	0.006403684616088867
5	1	43.0	35	[15, 10, 16, 8, 22, 14, 19, 12, 21, 3, 5, 0, 20, 11, 23, 11, 18]	0.005828380584716797
5	5	8.0	8	[15, 2, 17, 9, 18]	0.0013422966003417969
5	10	68.0	54	[15, 10, 16, 8, 22, 14, 19, 12, 21, 3, 5, 0, 20, 11, 23, 12, 21, 12, 19, 14, 22, 14, 16, 1, 4]	0.006902217864990234
5	15	10039.0	10032	[15, 10, 16, 8, 22, 14, 19, 12, 21, 3, 5, 0, 20, 11, 23, 11, 18]	0.007622718811035156
5	20	10067.0	10049	[15, 10, 16, 8, 22, 5, 0, 20, 11, 23, 12, 19, 14, 22, 14, 16, 1, 4, 3, 21, 12, 23, 12, 21, 12]	0.007884979248046875
5	25	20033.0	20028	[15, 10, 16, 8, 22, 14, 19, 12, 21, 3, 5, 0, 20, 11, 23, 11, 18]	0.007874488830566406
6	1	71.0	52	[19, 14, 22, 8, 16, 10, 15, 2, 17, 9, 18, 11, 23, 12, 21, 3, 5, 0, 20, 13, 6, 7, 6, 13, 20]	0.010643720626831055
6	5	73.0	51	[19, 14, 22, 8, 16, 10, 15, 2, 17, 9, 18, 11, 23, 12, 21, 3, 5, 0, 20, 13, 6, 7, 18, 3, 4]	0.010870695114135742
6	10	20.0	10	[19, 14, 22, 8, 16, 1]	0.0031833648681640625
6	15	10067.0	10049	[19, 14, 22, 8, 16, 10, 15, 2, 17, 9, 18, 11, 23, 12, 21, 3, 5, 0, 20, 13, 6, 7, 18, 9, 17]	0.009856462478637695
6	20	66.0	55	[19, 14, 22, 8, 16, 10, 15, 2, 17, 9, 18, 11, 23, 12, 21, 3, 5, 0, 20, 13, 6, 7, 6, 7, 18]	0.008819580078125
6	25	10062.0	10056	[19, 14, 22, 8, 16, 10, 15, 2, 17, 9, 18, 11, 23, 12, 21, 3, 5, 0, 20, 13, 6, 7, 18, 7, 18]	0.012138605117797852
6	1	60.0	49	[4, 1, 16, 8, 22, 14, 19, 12, 21, 3, 5, 0, 20, 11, 23, 12, 15, 10, 15, 2, 17, 9, 18]	0.014924049377441406
6	5	45.0	35	[4, 1, 16, 8, 22, 14, 19, 12, 21, 3, 5, 0, 20, 11, 23, 11, 18]	0.009124994277954102
6	10	45.0	36	[4, 1, 16, 8, 22, 14, 19, 12, 21, 3, 5, 0, 20, 11, 23, 11, 18]	0.010547161102294922
6	15	45.0	36	[4, 1, 16, 8, 22, 14, 19, 12, 21, 3, 5, 0, 20, 11, 23, 11, 18]	0.009358644485473633
6	20	47.0	38	[4, 1, 16, 8, 22, 14, 19, 12, 21, 3, 5, 0, 20, 11, 23, 11, 18]	0.006890058517456055
6	25	10049.0	10042	[4, 1, 16, 8, 22, 14, 19, 12, 21, 3, 5, 0, 20, 11, 23, 12, 15, 10, 3, 18]	0.010794401168823242
6	1	61.0	54	[13, 6, 7, 18, 11, 23, 12, 21, 3, 5, 0, 20, 13, 6, 7, 6, 13, 6, 13, 6, 13, 20, 0, 20, 11]	0.005532503128051758
6	5	77.0	51	[13, 6, 7, 18, 11, 23, 12, 21, 3, 5, 0, 20, 0, 20, 11, 18, 9, 17, 2, 15, 10, 16, 8, 22, 14]	0.007807016372680664
6	10	10066.0	10047	[13, 6, 7, 18, 11, 23, 12, 21, 3, 5, 0, 20, 11, 20, 0, 20, 11, 20, 11, 23, 11, 18, 9, 17, 2]	0.009680509567260742
6	15	10066.0	10050	[13, 6, 7, 18, 11, 23, 12, 21, 3, 5, 0, 20, 13, 6, 7, 18, 9, 17, 2, 15, 10, 16, 8, 22, 14]	0.010785818099975586
6	20	60.0	57	[13, 6, 7, 18, 11, 23, 12, 21, 3, 5, 0, 20, 0, 5, 22, 8, 16, 14, 19, 14, 16, 10, 15, 2, 17]	0.010386228561401367
6	25	20053.0	20043	[13, 6, 7, 18, 11, 23, 12, 21, 3, 5, 0, 20, 11, 18, 9, 17, 2, 15, 10, 16, 1, 4]	0.00928807258605957
6	1	70.0	49	[9, 17, 2, 15, 10, 16, 8, 22, 14, 19, 12, 21, 3, 5, 0, 20, 11, 23, 12, 23, 11, 18, 7, 6]	0.00982809066772461
6	5	66.0	45	[9, 17, 2, 15, 10, 16, 8, 22, 14, 19, 12, 21, 3, 5, 0, 20, 11, 23, 11, 18, 7, 6]	0.010430097579956055
6	10	70.0	53	[9, 17, 2, 15, 10, 16, 8, 22, 14, 19, 12, 21, 3, 5, 0, 20, 11, 23, 12, 21, 12, 21, 3, 4, 1]	0.00825190544128418
6	15	62.0	48	[9, 17, 2, 15, 10, 16, 8, 22, 14, 19, 12, 21, 3, 5, 0, 20, 11, 23, 11, 18, 7, 6]	0.009559154510498047
6	20	64.0	50	[9, 17, 2, 15, 10, 16, 8, 22, 14, 19, 12, 21, 3, 5, 0, 20, 11, 23, 11, 18, 7, 6]	0.009035348892211914
6	25	10037.0	10033	[9, 17, 2, 15, 12, 21, 3, 5, 0, 20, 11, 23, 11, 18, 7, 6]	0.006865501403808594
6	1	35.0	22	[17, 2, 15, 10, 16, 8, 22, 14, 19, 12, 21]	0.008197546005249023
6	5	35.0	22	[17, 2, 15, 10, 16, 8, 22, 14, 19, 12, 21]	0.004446983337402344
6	10	33.0	23	[17, 2, 15, 10, 16, 8, 22, 14, 19, 12, 21]	0.006403923034667969
6	15	33.0	23	[17, 2, 15, 10, 16, 8, 22, 14, 19, 12, 21]	0.004797220230102539
6	20	33.0	23	[17, 2, 15, 10, 16, 8, 22, 14, 19, 12, 21]	0.003908634185791016
6	25	18.0	13	[17, 9, 18, 11, 23, 12, 21]	0.0020499229431152344
6	1	20.0	16	[8, 22, 14, 19, 12, 21, 3, 5]	0.003383159637451172
6	5	20.0	16	[8, 22, 14, 19, 12, 21, 3, 5]	0.004485368728637695
6	10	20.0	16	[8, 22, 14, 19, 12, 21, 3, 5]	0.0027933120727539062
6	15	20.0	16	[8, 22, 14, 19, 12, 21, 3, 5]	0.0027091503143310547
6	20	9.0	4	[8, 22, 5]	0.0014984607696533203
6	25	10017.0	10012	[8, 22, 14, 19, 12, 21, 3, 5]	0.0033082962036132812
6	1	12.0	7	[8, 22, 14, 19]	0.0012738704681396484
6	5	12.0	7	[8, 22, 14, 19]	0.0013020038604736328
6	10	12.0	7	[8, 22, 14, 19]	0.0027589797973632812
6	15	12.0	7	[8, 22, 14, 19]	0.0019867420196533203
6	20	12.0	7	[8, 22, 14, 19]	0.0014185905456542969
6	25	12.0	7	[8, 22, 14, 19]	0.0016283988952636719
6	1	66.0	52	[12, 21, 3, 5, 0, 20, 11, 23, 12, 15, 10, 16, 8, 22, 14, 19, 12, 23, 11, 18, 7, 6, 13, 20, 11]	0.008952140808105469
6	5	70.0	53	[12, 15, 10, 16, 8, 22, 14, 19, 14, 16, 1, 4, 3, 5, 0, 20, 11, 23, 11, 18, 7, 6, 13, 20, 11]	0.011221170425415039
6	10	66.0	54	[12, 21, 3, 5, 0, 20, 11, 18, 7, 6, 13, 20, 0, 20, 0, 20, 13, 20, 11, 23, 12, 15, 10, 16, 8]	0.006716012954711914
6	15	65.0	55	[12, 21, 3, 5, 0, 20, 11, 23, 12, 15, 10, 16, 8, 22, 14, 19, 14, 16, 1, 4, 3, 18, 7, 6, 13]	0.01005244255065918
6	20	73.0	55	[12, 21, 3, 18, 11, 23, 11, 20, 0, 5, 22, 8, 16, 14, 19, 14, 19, 14, 22, 8, 22, 14, 16, 10, 15]	0.007882356643676758
6	25	10067.0	10054	[12, 21, 3, 5, 0, 20, 11, 23, 11, 18, 7, 6, 13, 6, 13, 6, 13, 20, 11, 20, 0, 5, 22, 8, 16]	0.006640195846557617
6	1	68.0	53	[15, 10, 16, 8, 22, 14, 19, 12, 21, 3, 5, 0, 20, 11, 23, 12, 23, 11, 18, 7, 6, 13, 6, 13, 6]	0.00815129280090332
6	5	71.0	52	[15, 10, 16, 8, 22, 14, 19, 12, 21, 3, 5, 0, 20, 11, 23, 11, 18, 7, 6, 13, 6, 7, 18, 9, 17]	0.008391618728637695
6	10	67.0	56	[15, 10, 16, 8, 22, 14, 19, 12, 21, 3, 5, 0, 20, 11, 23, 12, 19, 14, 16, 1, 4, 3, 18, 7, 6]	0.03612017631530762
6	15	57.0	49	[15, 10, 16, 8, 22, 14, 19, 12, 21, 3, 5, 0, 20, 11, 23, 12, 21, 12, 21, 12, 21, 12, 15, 2]	0.020702838897705078
6	20	70.0	56	[15, 10, 16, 8, 22, 14, 19, 12, 21, 3, 5, 0, 20, 11, 23, 11, 18, 7, 6, 13, 20, 0, 20, 0, 20]	0.015819072723388672
6	25	10065.0	10053	[15, 10, 16, 8, 22, 14, 19, 12, 21, 3, 5, 0, 20, 11, 23, 12, 19, 14, 22, 14, 19, 12, 23, 12, 21]	0.0075075626373291016
6	1	17.0	9	[16, 8, 22, 14, 19]	0.002780914306640625
6	5	69.0	52	[16, 8, 22, 5, 0, 20, 11, 23, 12, 21, 3, 4, 1, 4, 3, 10, 15, 2, 17, 9, 18, 7, 6, 13, 6]	0.011102676391601562
6	10	17.0	9	[16, 8, 22, 14, 19]	0.0017478466033935547
6	15	17.0	9	[16, 8, 22, 14, 19]	0.0034351348876953125
6	20	17.0	9	[16, 8, 22, 14, 19]	0.003250598907470703
6	25	17.0	9	[16, 8, 22, 14, 19]	0.001508951187133789
6	1	64.0	43	[5, 0, 20, 11, 23, 12, 21, 3, 4, 1, 16, 8, 22, 14, 19, 14, 22, 8, 16, 10, 15]	0.011665105819702148
6	5	20.0	19	[5, 0, 20, 11, 23, 12, 21, 3, 10, 15]	0.004971981048583984
6	10	72.0	54	[5, 0, 20, 11, 23, 12, 21, 3, 4, 1, 16, 8, 22, 14, 19, 14, 19, 14, 22, 14, 19, 14, 16, 10, 15]	0.007764101028442383
6	15	55.0	40	[5, 0, 20, 11, 23, 12, 21, 3, 4, 1, 16, 8, 22, 14, 19, 14, 16, 10, 15]	0.009515762329101562
6	20	46.0	37	[5, 0, 20, 11, 23, 12, 21, 3, 4, 1, 16, 8, 22, 14, 19, 12, 15]	0.00786590576171875
6	25	46.0	37	[5, 0, 20, 11, 23, 12, 21, 3, 4, 1, 16, 8, 22, 14, 19, 12, 15]	0.006253242492675781
6	1	15.0	8	[19, 14, 22, 8, 16]	0.002441883087158203
6	5	15.0	8	[19, 14, 22, 8, 16]	0.004155397415161133
6	10	15.0	8	[19, 14, 22, 8, 16]	0.002242565155029297
6	15	15.0	8	[19, 14, 22, 8, 16]	0.0018029212951660156
6	20	13.0	9	[19, 14, 22, 8, 16]	0.0029296875
6	25	13.0	9	[19, 14, 22, 8, 16]	0.0025305747985839844
6	1	6.0	5	[15, 10, 16]	0.0008969306945800781
6	5	6.0	5	[15, 10, 16]	0.0011720657348632812
6	10	6.0	5	[15, 10, 16]	0.0007817745208740234
6	15	6.0	5	[15, 10, 16]	0.0010766983032226562
6	20	6.0	5	[15, 10, 16]	0.0009012222290039062
6	25	6.0	5	[15, 10, 16]	0.0008909702301025391
6	1	58.0	53	[6, 7, 18, 11, 23, 12, 21, 3, 5, 0, 20, 13, 20, 0, 5, 22, 8, 16, 14, 19, 14, 19, 14, 19, 14]	0.007130861282348633
6	5	55.0	47	[6, 7, 18, 11, 23, 12, 21, 3, 5, 0, 20, 13, 20, 13, 6, 13, 6, 13, 6, 7, 18, 9]	0.0060198307037353516
6	10	53.0	52	[6, 7, 18, 11, 23, 12, 21, 3, 5, 0, 20, 13, 6, 13, 6, 7, 6, 7, 6, 13, 20, 11, 23, 12, 15]	0.0072209835052490234
6	15	66.0	52	[6, 7, 18, 11, 23, 12, 21, 3, 5, 0, 20, 13, 20, 11, 20, 11, 23, 12, 15, 10, 16, 8, 22, 14, 19]	0.009844779968261719
6	20	58.0	54	[6, 7, 18, 11, 23, 12, 21, 3, 5, 0, 20, 13, 6, 13, 20, 0, 20, 13, 6, 7, 6, 7, 6, 7, 18]	0.007790088653564453
6	25	20028.0	20029	[6, 7, 18, 11, 23, 12, 21, 3, 5, 0, 20, 13, 6, 7, 18, 9]	0.005212545394897461
6	1	73.0	50	[9, 17, 2, 15, 12, 21, 3, 5, 0, 20, 11, 23, 11, 18, 7, 6, 13, 20, 11, 20, 11, 20, 0, 5, 22]	0.010597705841064453
6	5	20.0	11	[9, 17, 2, 15, 10, 16]	0.00404810905456543
6	10	18.0	12	[9, 17, 2, 15, 10, 16]	0.0036215782165527344
6	15	18.0	12	[9, 17, 2, 15, 10, 16]	0.002198457717895508
6	20	49.0	40	[9, 17, 2, 15, 12, 21, 3, 5, 0, 20, 11, 23, 12, 19, 14, 22, 8, 16]	0.009545326232910156
6	25	18.0	12	[9, 17, 2, 15, 10, 16]	0.0021038055419921875
6	1	32.0	24	[12, 21, 3, 5, 0, 20, 13, 6, 7, 18, 9, 17]	0.00690150260925293
6	5	70.0	52	[12, 21, 3, 5, 0, 20, 11, 23, 11, 18, 7, 6, 13, 20, 13, 20, 11, 20, 0, 5, 22, 8, 16, 14, 19]	0.009026527404785156
6	10	10044.0	10043	[12, 21, 3, 5, 0, 20, 11, 23, 11, 18, 7, 6, 13, 6, 7, 6, 7, 6, 7, 18, 9, 17]	0.0073316097259521484
6	15	69.0	55	[12, 21, 3, 4, 1, 16, 8, 22, 14, 19, 12, 23, 11, 18, 7, 6, 13, 20, 0, 5, 0, 20, 13, 6, 13]	0.011492729187011719
6	20	65.0	56	[12, 21, 3, 5, 0, 20, 11, 23, 12, 15, 10, 16, 8, 22, 14, 19, 12, 21, 12, 23, 11, 18, 7, 6, 13]	0.0123291015625
6	25	10057.0	10055	[12, 21, 3, 5, 0, 20, 11, 23, 11, 18, 7, 6, 13, 20, 0, 5, 22, 8, 16, 14, 19, 12, 15, 10, 3]	0.011949777603149414
6	1	16.0	12	[21, 12, 23, 11, 18, 7, 6]	0.004636049270629883
6	5	16.0	12	[21, 12, 23, 11, 18, 7, 6]	0.00472569465637207
6	10	14.0	14	[21, 12, 23, 11, 18, 7, 6]	0.0027313232421875
6	15	14.0	14	[21, 12, 23, 11, 18, 7, 6]	0.00394749641418457
6	20	16.0	15	[21, 12, 23, 11, 18, 7, 6]	0.005390167236328125
6	25	16.0	16	[21, 12, 23, 11, 18, 7, 6]	0.002577543258666992
6	1	45.0	32	[16, 8, 22, 14, 19, 12, 21, 3, 5, 0, 20, 11, 23, 11, 18, 7]	0.007571220397949219
6	5	45.0	32	[16, 8, 22, 14, 19, 12, 21, 3, 5, 0, 20, 11, 23, 11, 18, 7]	0.00572514533996582
6	10	43.0	34	[16, 8, 22, 14, 19, 12, 21, 3, 5, 0, 20, 11, 23, 11, 18, 7]	0.005917787551879883
6	15	56.0	49	[16, 8, 22, 14, 19, 12, 21, 3, 5, 0, 20, 11, 23, 12, 15, 10, 15, 2, 17, 9, 18, 7]	0.009413957595825195
6	20	40.0	30	[16, 8, 22, 14, 19, 12, 21, 3, 5, 0, 20, 13, 6, 7]	0.00718235969543457
6	25	10059.0	10055	[16, 8, 22, 14, 19, 12, 15, 10, 3, 5, 0, 20, 11, 23, 12, 21, 3, 4, 1, 4, 1, 16, 14, 22, 8]	0.009500741958618164
6	1	31.0	26	[11, 23, 12, 21, 3, 5, 0, 20, 13, 6, 7, 18, 9]	0.006022214889526367
6	5	31.0	26	[11, 23, 12, 21, 3, 5, 0, 20, 13, 6, 7, 18, 9]	0.009258031845092773
6	10	10025.0	10023	[11, 23, 12, 21, 3, 5, 0, 20, 13, 6, 7, 18, 9]	0.009146451950073242
6	15	10025.0	10023	[11, 23, 12, 21, 3, 5, 0, 20, 13, 6, 7, 18, 9]	0.0056536197662353516
6	20	38.0	29	[11, 23, 12, 19, 14, 22, 8, 16, 10, 15, 2, 17, 9]	0.007287263870239258
6	25	38.0	30	[11, 23, 12, 19, 14, 22, 8, 16, 10, 15, 2, 17, 9]	0.004830121994018555
6	1	62.0	52	[0, 5, 22, 8, 16, 14, 19, 12, 21, 3, 4, 1, 4, 3, 10, 15, 2, 17, 9, 18, 11, 23, 12, 23, 11]	0.011107444763183594
6	5	73.0	52	[0, 5, 22, 8, 16, 14, 19, 12, 21, 3, 4, 1, 16, 10, 15, 2, 17, 9, 18, 11, 23, 11, 20, 13, 6]	0.01480722427368164
6	10	70.0	55	[0, 5, 22, 8, 16, 14, 19, 12, 21, 3, 4, 1, 16, 10, 15, 2, 17, 9, 18, 11, 23, 11, 20, 13, 6]	0.010905027389526367
6	15	60.0	56	[0, 5, 22, 8, 16, 14, 19, 12, 21, 3, 4, 1, 4, 3, 10, 15, 2, 17, 9, 18, 11, 23, 12, 19, 12]	0.010060548782348633
6	20	67.0	57	[0, 5, 22, 8, 16, 14, 19, 12, 21, 3, 4, 1, 4, 1, 16, 10, 15, 2, 17, 9, 18, 11, 23, 11, 20]	0.009362459182739258
6	25	66.0	58	[0, 5, 22, 8, 16, 14, 19, 12, 21, 3, 4, 1, 4, 3, 10, 15, 2, 17, 9, 18, 11, 23, 12, 19, 12]	0.009769201278686523
7	1	63.0	59	[1, 4, 3, 5, 0, 20, 11, 23, 12, 21, 3, 10, 15, 2, 17, 9, 18, 7, 6, 13, 6, 7, 18, 9, 17]	0.01098012924194336
7	5	40.0	40	[1, 4, 3, 5, 0, 20, 11, 23, 12, 21, 12, 15, 10, 16, 8, 22, 14, 19]	0.006932735443115234
7	10	40.0	40	[1, 4, 3, 5, 0, 20, 11, 23, 12, 21, 12, 15, 10, 16, 8, 22, 14, 19]	0.010103464126586914
7	15	61.0	57	[1, 4, 3, 5, 0, 20, 11, 18, 7, 6, 13, 20, 13, 6, 13, 20, 11, 23, 12, 21, 12, 15, 10, 16, 8]	0.00911712646484375
7	20	61.0	58	[1, 4, 3, 5, 0, 20, 11, 23, 12, 21, 3, 10, 15, 2, 17, 9, 18, 7, 6, 13, 20, 11, 18, 3, 21]	0.010845422744750977
7	25	37.0	41	[1, 4, 3, 5, 0, 20, 11, 23, 12, 21, 12, 15, 10, 16, 8, 22, 14, 19]	0.011166095733642578
7	1	22.0	16	[2, 17, 9, 18, 11, 23, 12, 21]	0.006038665771484375
7	5	22.0	16	[2, 17, 9, 18, 11, 23, 12, 21]	0.003172159194946289
7	10	22.0	16	[2, 17, 9, 18, 11, 23, 12, 21]	0.0038139820098876953
7	15	40.0	40	[2, 17, 9, 18, 7, 6, 13, 20, 0, 5, 22, 8, 16, 14, 19, 12, 21]	0.009319305419921875
7	20	17.0	16	[2, 17, 9, 18, 11, 23, 12, 21]	0.0045697689056396484
7	25	17.0	16	[2, 17, 9, 18, 11, 23, 12, 21]	0.002943277359008789
7	1	7.0	8	[6, 7, 18, 11]	0.0014216899871826172
7	5	7.0	8	[6, 7, 18, 11]	0.0014536380767822266
7	10	7.0	8	[6, 7, 18, 11]	0.0025882720947265625
7	15	4.0	8	[6, 7, 18, 11]	0.002413511276245117
7	20	4.0	8	[6, 7, 18, 11]	0.0020008087158203125
7	25	4.0	9	[6, 7, 18, 11]	0.0013720989227294922
7	1	8.0	9	[0, 5, 22, 8, 16]	0.001817941665649414
7	5	22.0	24	[0, 5, 22, 14, 19, 12, 21, 3, 4, 1, 16]	0.004023313522338867
7	10	8.0	9	[0, 5, 22, 8, 16]	0.0018591880798339844
7	15	8.0	9	[0, 5, 22, 8, 16]	0.003745555877685547
7	20	8.0	9	[0, 5, 22, 8, 16]	0.0023415088653564453
7	25	8.0	9	[0, 5, 22, 8, 16]	0.0017986297607421875
7	1	27.0	26	[20, 0, 5, 22, 8, 16, 14, 19, 12, 21, 3, 4]	0.0061528682708740234
7	5	27.0	26	[20, 0, 5, 22, 8, 16, 14, 19, 12, 21, 3, 4]	0.006536960601806641
7	10	27.0	26	[20, 0, 5, 22, 8, 16, 14, 19, 12, 21, 3, 4]	0.006890535354614258
7	15	27.0	26	[20, 0, 5, 22, 8, 16, 14, 19, 12, 21, 3, 4]	0.005261659622192383
7	20	25.0	26	[20, 0, 5, 22, 8, 16, 14, 19, 12, 21, 3, 4]	0.006436347961425781
7	25	24.0	27	[20, 0, 5, 22, 8, 16, 14, 19, 12, 21, 3, 4]	0.004458904266357422
7	1	50.0	40	[22, 8, 16, 14, 19, 12, 21, 3, 10, 15, 2, 17, 9, 18, 11, 23, 11, 20]	0.008662939071655273
7	5	28.0	25	[22, 8, 16, 14, 19, 12, 21, 3, 5, 0, 20]	0.005025625228881836
7	10	28.0	25	[22, 8, 16, 14, 19, 12, 21, 3, 5, 0, 20]	0.00775909423828125
7	15	33.0	29	[22, 8, 16, 14, 19, 12, 21, 3, 18, 11, 23, 11, 20]	0.004643917083740234
7	20	28.0	30	[22, 8, 16, 14, 19, 12, 23, 11, 18, 7, 6, 13, 20]	0.006413459777832031
7	25	26.0	25	[22, 8, 16, 14, 19, 12, 21, 3, 5, 0, 20]	0.004834651947021484
7	1	53.0	45	[17, 2, 15, 10, 16, 8, 22, 14, 19, 12, 21, 3, 5, 0, 20, 11, 23, 11, 18, 7]	0.009449005126953125
7	5	56.0	49	[17, 2, 15, 10, 16, 8, 22, 14, 19, 12, 21, 3, 5, 0, 20, 11, 23, 12, 23, 11, 18, 7]	0.011241436004638672
7	10	62.0	58	[17, 2, 15, 10, 16, 8, 22, 14, 19, 12, 21, 3, 5, 0, 20, 11, 23, 12, 19, 14, 19, 12, 19, 14, 22]	0.008991718292236328
7	15	64.0	56	[17, 2, 15, 10, 3, 5, 0, 20, 11, 23, 12, 21, 3, 4, 1, 16, 8, 22, 14, 19, 14, 22, 5, 0, 5]	0.009173393249511719
7	20	55.0	58	[17, 2, 15, 10, 16, 8, 22, 14, 19, 12, 21, 3, 5, 0, 20, 11, 23, 12, 21, 3, 4, 1, 16, 8, 22]	0.013054370880126953
7	25	48.0	39	[17, 2, 15, 10, 16, 1, 4, 3, 5, 0, 20, 11, 23, 12, 21, 3, 18, 7]	0.0070459842681884766
7	1	56.0	56	[21, 12, 23, 11, 18, 7, 6, 13, 20, 0, 5, 22, 8, 16, 14, 19, 12, 15, 10, 3, 4, 1, 4, 1, 4]	0.012978315353393555
7	5	52.0	56	[21, 12, 23, 11, 18, 7, 6, 13, 20, 0, 5, 22, 14, 19, 12, 15, 10, 16, 8, 22, 5, 3, 4, 1, 4]	0.009322881698608398
7	10	61.0	52	[21, 12, 23, 11, 18, 7, 6, 13, 20, 0, 5, 22, 8, 16, 14, 19, 14, 22, 8, 16, 10, 15, 2]	0.011787891387939453
7	15	61.0	57	[21, 12, 23, 11, 18, 7, 6, 13, 20, 0, 5, 22, 8, 16, 14, 19, 14, 22, 14, 19, 12, 15, 10, 3, 4]	0.011083364486694336
7	20	64.0	57	[21, 12, 23, 11, 18, 7, 6, 13, 20, 0, 5, 22, 8, 16, 14, 19, 14, 22, 8, 22, 8, 22, 14, 22, 8]	0.010616302490234375
7	25	52.0	58	[21, 12, 23, 11, 18, 7, 6, 13, 20, 0, 5, 22, 8, 16, 14, 19, 12, 15, 10, 3, 4, 1, 4, 1, 16]	0.014957427978515625
7	1	18.0	20	[0, 5, 22, 8, 16, 14, 19, 12, 21]	0.005964517593383789
7	5	18.0	20	[0, 5, 22, 8, 16, 14, 19, 12, 21]	0.006024360656738281
7	10	18.0	20	[0, 5, 22, 8, 16, 14, 19, 12, 21]	0.004988908767700195
7	15	18.0	20	[0, 5, 22, 8, 16, 14, 19, 12, 21]	0.007542133331298828
7	20	16.0	20	[0, 5, 22, 8, 16, 14, 19, 12, 21]	0.005635499954223633
7	25	16.0	20	[0, 5, 22, 8, 16, 14, 19, 12, 21]	0.007314205169677734
7	1	56.0	38	[19, 14, 22, 8, 16, 10, 15, 2, 17, 9, 18, 11, 23, 12, 21, 3, 5]	0.015481233596801758
7	5	56.0	38	[19, 14, 22, 8, 16, 10, 15, 2, 17, 9, 18, 11, 23, 12, 21, 3, 5]	0.01147007942199707
7	10	56.0	38	[19, 14, 22, 8, 16, 10, 15, 2, 17, 9, 18, 11, 23, 12, 21, 3, 5]	0.010538101196289062
7	15	53.0	38	[19, 14, 22, 8, 16, 10, 15, 2, 17, 9, 18, 11, 23, 12, 21, 3, 5]	0.012115240097045898
7	20	47.0	39	[19, 14, 22, 8, 16, 10, 15, 2, 17, 9, 18, 11, 23, 12, 21, 3, 5]	0.009977102279663086
7	25	47.0	39	[19, 14, 22, 8, 16, 10, 15, 2, 17, 9, 18, 11, 23, 12, 21, 3, 5]	0.008818864822387695
7	1	18.0	17	[3, 5, 0, 20, 11, 23, 12, 21]	0.004752159118652344
7	5	18.0	17	[3, 5, 0, 20, 11, 23, 12, 21]	0.0036361217498779297
7	10	18.0	17	[3, 5, 0, 20, 11, 23, 12, 21]	0.005559444427490234
7	15	18.0	17	[3, 5, 0, 20, 11, 23, 12, 21]	0.004148244857788086
7	20	16.0	17	[3, 5, 0, 20, 11, 23, 12, 21]	0.0050296783447265625
7	25	62.0	62	[3, 5, 0, 20, 11, 23, 12, 19, 14, 22, 8, 16, 10, 15, 2, 17, 9, 18, 7, 6, 13, 6, 7, 18, 9]	0.010674476623535156
7	1	5.0	2	[18, 11]	0.0010607242584228516
7	5	5.0	2	[18, 11]	0.0006914138793945312
7	10	5.0	2	[18, 11]	0.0007455348968505859
7	15	2.0	2	[18, 11]	0.0011057853698730469
7	20	2.0	2	[18, 11]	0.0006957054138183594
7	25	2.0	2	[18, 11]	0.0029201507568359375
7	1	19.0	18	[5, 0, 20, 11, 23, 12, 21, 3, 4]	0.0073583126068115234
7	5	19.0	18	[5, 0, 20, 11, 23, 12, 21, 3, 4]	0.009207487106323242
7	10	52.0	50	[5, 0, 20, 11, 18, 7, 6, 13, 20, 13, 20, 0, 5, 22, 8, 16, 14, 19, 12, 21, 3, 4]	0.013106822967529297
7	15	19.0	18	[5, 0, 20, 11, 23, 12, 21, 3, 4]	0.003596782684326172
7	20	17.0	18	[5, 0, 20, 11, 23, 12, 21, 3, 4]	0.007080554962158203
7	25	17.0	18	[5, 0, 20, 11, 23, 12, 21, 3, 4]	0.004422187805175781
7	1	23.0	22	[15, 10, 16, 8, 22, 14, 19, 12, 21, 3]	0.005633115768432617
7	5	23.0	22	[15, 10, 16, 8, 22, 14, 19, 12, 21, 3]	0.005446434020996094
7	10	23.0	22	[15, 10, 16, 8, 22, 14, 19, 12, 21, 3]	0.006470680236816406
7	15	22.0	23	[15, 10, 16, 8, 22, 14, 19, 12, 21, 3]	0.004427194595336914
7	20	20.0	23	[15, 10, 16, 8, 22, 14, 19, 12, 21, 3]	0.010859489440917969
7	25	20.0	23	[15, 10, 16, 8, 22, 14, 19, 12, 21, 3]	0.008947372436523438
7	1	33.0	37	[0, 5, 22, 8, 16, 14, 19, 12, 21, 3, 4, 1, 4, 1, 16, 10]	0.012085676193237305
7	5	63.0	55	[0, 5, 22, 14, 19, 12, 21, 3, 18, 11, 23, 11, 20, 13, 6, 7, 6, 7, 18, 9, 17, 2, 15, 10]	0.01177668571472168
7	10	30.0	32	[0, 5, 22, 8, 16, 14, 19, 12, 21, 3, 4, 1, 16, 10]	0.012226581573486328
7	15	30.0	32	[0, 5, 22, 8, 16, 14, 19, 12, 21, 3, 4, 1, 16, 10]	0.016936302185058594
7	20	28.0	32	[0, 5, 22, 8, 16, 14, 19, 12, 21, 3, 4, 1, 16, 10]	0.031215429306030273
7	25	28.0	32	[0, 5, 22, 8, 16, 14, 19, 12, 21, 3, 4, 1, 16, 10]	0.012355566024780273
7	1	4.0	2	[13, 6]	0.0009312629699707031
7	5	4.0	2	[13, 6]	0.0008392333984375
7	10	4.0	2	[13, 6]	0.0007305145263671875
7	15	4.0	2	[13, 6]	0.0007390975952148438
7	20	4.0	2	[13, 6]	0.0018897056579589844
7	25	4.0	2	[13, 6]	0.0011172294616699219
7	1	21.0	17	[12, 21, 3, 5, 0, 20, 11, 23]	0.004763364791870117
7	5	21.0	17	[12, 21, 3, 5, 0, 20, 11, 23]	0.007811784744262695
7	10	66.0	48	[12, 21, 3, 5, 22, 8, 16, 14, 19, 14, 22, 8, 16, 10, 15, 2, 17, 9, 18, 11, 23]	0.012295961380004883
7	15	32.0	22	[12, 21, 3, 10, 15, 2, 17, 9, 18, 11, 23]	0.0053484439849853516
7	20	57.0	49	[12, 21, 3, 5, 22, 8, 16, 14, 19, 14, 22, 8, 16, 10, 15, 2, 17, 9, 18, 11, 23]	0.011295795440673828
7	25	34.0	37	[12, 15, 10, 16, 8, 22, 14, 19, 12, 21, 3, 5, 0, 20, 11, 23]	0.00806427001953125
7	1	6.0	6	[20, 0, 5, 22]	0.002560853958129883
7	5	6.0	6	[20, 0, 5, 22]	0.0015976428985595703
7	10	6.0	6	[20, 0, 5, 22]	0.0023872852325439453
7	15	6.0	6	[20, 0, 5, 22]	0.002184152603149414
7	20	11.0	19	[20, 0, 5, 3, 4, 1, 16, 8, 22]	0.0035676956176757812
7	25	5.0	7	[20, 0, 5, 22]	0.0019440650939941406
7	1	27.0	28	[5, 0, 20, 11, 23, 12, 21, 3, 4, 1, 16, 14, 19]	0.008706331253051758
7	5	29.0	33	[5, 0, 20, 11, 23, 12, 21, 3, 4, 1, 16, 8, 22, 14, 19]	0.009531497955322266
7	10	29.0	33	[5, 0, 20, 11, 23, 12, 21, 3, 4, 1, 16, 8, 22, 14, 19]	0.007115840911865234
7	15	28.0	34	[5, 0, 20, 11, 23, 12, 21, 3, 4, 1, 16, 8, 22, 14, 19]	0.009402275085449219
7	20	26.0	34	[5, 0, 20, 11, 23, 12, 21, 3, 4, 1, 16, 8, 22, 14, 19]	0.008150815963745117
7	25	26.0	34	[5, 0, 20, 11, 23, 12, 21, 3, 4, 1, 16, 8, 22, 14, 19]	0.0061109066009521484
7	1	42.0	37	[22, 8, 16, 14, 19, 12, 21, 3, 5, 0, 20, 11, 23, 11, 18, 7]	0.011630773544311523
7	5	58.0	57	[22, 8, 16, 14, 19, 12, 21, 3, 5, 0, 20, 11, 23, 12, 15, 10, 3, 4, 1, 16, 1, 16, 14, 19, 14]	0.011538028717041016
7	10	37.0	32	[22, 14, 19, 12, 21, 3, 5, 0, 20, 11, 23, 11, 18, 7]	0.008115053176879883
7	15	57.0	58	[22, 8, 16, 14, 19, 12, 21, 3, 5, 0, 20, 11, 23, 12, 15, 10, 3, 4, 1, 4, 1, 4, 1, 4, 3]	0.008768081665039062
7	20	56.0	51	[22, 8, 16, 14, 19, 12, 21, 3, 5, 0, 20, 11, 23, 12, 15, 10, 15, 2, 17, 9, 18, 7]	0.01428365707397461
7	25	53.0	59	[22, 8, 16, 14, 19, 12, 21, 3, 4, 1, 16, 10, 15, 2, 17, 9, 18, 11, 23, 11, 20, 0, 5, 22, 14]	0.015087604522705078
8	1	13.0	8	[5, 0, 20, 11, 23]	0.0038514137268066406
8	5	13.0	8	[5, 0, 20, 11, 23]	0.004911184310913086
8	10	13.0	8	[5, 0, 20, 11, 23]	0.0030913352966308594
8	15	67.0	63	[5, 0, 20, 11, 18, 7, 6, 13, 6, 7, 6, 7, 6, 13, 6, 7, 18, 9, 17, 2, 15, 10, 16, 8, 22]	0.017981767654418945
8	20	13.0	8	[5, 0, 20, 11, 23]	0.008880376815795898
8	25	13.0	8	[5, 0, 20, 11, 23]	0.006581306457519531
8	1	48.0	46	[13, 6, 7, 18, 11, 23, 12, 21, 3, 5, 0, 20, 11, 23, 11, 18, 9, 17, 2, 15, 10, 16]	0.020017147064208984
8	5	50.0	56	[13, 6, 7, 18, 11, 23, 12, 21, 3, 5, 0, 20, 0, 20, 13, 6, 13, 6, 7, 18, 9, 17, 2, 15, 10]	0.018825531005859375
8	10	55.0	57	[13, 6, 7, 18, 11, 23, 12, 21, 3, 5, 0, 20, 13, 6, 13, 20, 0, 20, 11, 23, 11, 18, 9, 17, 2]	0.01675724983215332
8	15	46.0	44	[13, 6, 7, 18, 11, 23, 12, 21, 3, 5, 0, 20, 11, 18, 9, 17, 2, 15, 10, 16]	0.02866983413696289
8	20	52.0	50	[13, 6, 7, 18, 11, 23, 12, 21, 3, 5, 0, 20, 0, 20, 13, 20, 11, 23, 12, 15, 10, 16]	0.025320768356323242
8	25	41.0	41	[13, 6, 7, 18, 11, 23, 12, 21, 3, 5, 0, 20, 11, 23, 12, 15, 10, 16]	0.016775131225585938
8	1	16.0	12	[3, 5, 0, 20, 11, 23, 12]	0.0043621063232421875
8	5	16.0	12	[3, 5, 0, 20, 11, 23, 12]	0.006056785583496094
8	10	16.0	12	[3, 5, 0, 20, 11, 23, 12]	0.013086557388305664
8	15	16.0	12	[3, 5, 0, 20, 11, 23, 12]	0.008311033248901367
8	20	15.0	13	[3, 5, 0, 20, 11, 23, 12]	0.009032011032104492
8	25	15.0	13	[3, 5, 0, 20, 11, 23, 12]	0.0054814815521240234
8	1	18.0	14	[3, 5, 0, 20, 11, 23, 12, 21]	0.010007858276367188
8	5	18.0	14	[3, 5, 0, 20, 11, 23, 12, 21]	0.005163908004760742
8	10	20.0	18	[3, 10, 16, 8, 22, 14, 19, 12, 21]	0.02188277244567871
8	15	18.0	14	[3, 5, 0, 20, 11, 23, 12, 21]	0.0062084197998046875
8	20	17.0	15	[3, 5, 0, 20, 11, 23, 12, 21]	0.010254621505737305
8	25	19.0	16	[3, 5, 0, 20, 11, 23, 12, 21]	0.011690139770507812
8	1	14.0	14	[16, 8, 22, 14, 19, 12, 21]	0.007814407348632812
8	5	14.0	14	[16, 8, 22, 14, 19, 12, 21]	0.00434565544128418
8	10	14.0	14	[16, 8, 22, 14, 19, 12, 21]	0.009044170379638672
8	15	14.0	14	[16, 8, 22, 14, 19, 12, 21]	0.005140066146850586
8	20	14.0	14	[16, 8, 22, 14, 19, 12, 21]	0.0054209232330322266
8	25	16.0	15	[16, 8, 22, 14, 19, 12, 21]	0.018456459045410156
8	1	45.0	40	[3, 5, 0, 20, 11, 23, 12, 21, 3, 4, 1, 16, 8, 22, 14, 19, 12, 15, 2]	0.017592906951904297
8	5	58.0	56	[3, 5, 0, 20, 11, 23, 12, 21, 3, 4, 1, 16, 8, 22, 14, 19, 12, 15, 10, 3, 18, 7, 6, 13, 20]	0.024117231369018555
8	10	55.0	55	[3, 5, 0, 20, 11, 23, 12, 21, 12, 15, 10, 16, 8, 22, 14, 19, 14, 19, 12, 21, 12, 21, 12, 23, 11]	0.035102128982543945
8	15	49.0	44	[3, 5, 0, 20, 11, 23, 12, 21, 12, 15, 10, 16, 8, 22, 14, 19, 12, 23, 12, 15, 2]	0.018856048583984375
8	20	47.0	41	[3, 5, 0, 20, 11, 23, 12, 21, 12, 15, 10, 16, 8, 22, 14, 19, 12, 15, 2]	0.02161383628845215
8	25	53.0	57	[3, 5, 0, 20, 11, 23, 12, 21, 12, 15, 10, 16, 8, 22, 14, 19, 12, 23, 12, 23, 11, 18, 7, 6, 13]	0.021462440490722656
8	1	40.0	33	[10, 15, 2, 17, 9, 18, 11, 23, 12, 21, 3, 5, 0, 20, 13, 6]	0.01738762855529785
8	5	40.0	33	[10, 15, 2, 17, 9, 18, 11, 23, 12, 21, 3, 5, 0, 20, 13, 6]	0.0297243595123291
8	10	36.0	34	[10, 15, 2, 17, 9, 18, 11, 23, 12, 21, 3, 5, 0, 20, 13, 6]	0.018042564392089844
8	15	36.0	34	[10, 15, 2, 17, 9, 18, 11, 23, 12, 21, 3, 5, 0, 20, 13, 6]	0.013458490371704102
8	20	35.0	35	[10, 15, 2, 17, 9, 18, 11, 23, 12, 21, 3, 5, 0, 20, 13, 6]	0.013978719711303711
8	25	58.0	58	[10, 15, 2, 17, 9, 18, 11, 23, 12, 21, 3, 5, 22, 8, 16, 14, 19, 12, 23, 11, 20, 0, 20, 13, 6]	0.03467750549316406
8	1	13.0	9	[1, 4, 3, 5, 0]	0.005330562591552734
8	5	13.0	9	[1, 4, 3, 5, 0]	0.005940675735473633
8	10	13.0	9	[1, 4, 3, 5, 0]	0.006386995315551758
8	15	13.0	9	[1, 4, 3, 5, 0]	0.006940603256225586
8	20	59.0	50	[1, 4, 3, 10, 15, 2, 17, 9, 18, 11, 23, 12, 21, 12, 19, 14, 22, 8, 16, 14, 22, 5, 0]	0.02019357681274414
8	25	12.0	10	[1, 4, 3, 5, 0]	0.009070873260498047
8	1	12.0	17	[23, 11, 18, 7, 6, 13, 20, 0]	0.030131816864013672
8	5	12.0	17	[23, 11, 18, 7, 6, 13, 20, 0]	0.01277613639831543
8	10	11.0	10	[23, 11, 18, 3, 5, 0]	0.008136272430419922
8	15	17.0	18	[23, 11, 18, 7, 6, 13, 20, 0]	0.006794929504394531
8	20	15.0	18	[23, 11, 18, 7, 6, 13, 20, 0]	0.007871389389038086
8	25	13.0	18	[23, 11, 18, 7, 6, 13, 20, 0]	0.007185220718383789
8	1	21.0	23	[13, 6, 7, 18, 11, 23, 12, 21, 3, 5, 0]	0.02257251739501953
8	5	21.0	23	[13, 6, 7, 18, 11, 23, 12, 21, 3, 5, 0]	0.015254974365234375
8	10	19.0	16	[13, 6, 7, 18, 11, 20, 0]	0.007470130920410156
8	15	26.0	24	[13, 6, 7, 18, 11, 23, 12, 21, 3, 5, 0]	0.01370692253112793
8	20	23.0	25	[13, 6, 7, 18, 11, 23, 12, 21, 3, 5, 0]	0.009494543075561523
8	25	23.0	26	[13, 6, 7, 18, 11, 23, 12, 21, 3, 5, 0]	0.0077059268951416016
8	1	6.0	4	[9, 17, 2]	0.002277374267578125
8	5	6.0	4	[9, 17, 2]	0.0028612613677978516
8	10	2.0	5	[9, 17, 2]	0.002235889434814453
8	15	2.0	5	[9, 17, 2]	0.0015001296997070312
8	20	2.0	5	[9, 17, 2]	0.0029947757720947266
8	25	2.0	5	[9, 17, 2]	0.0030603408813476562
8	1	52.0	46	[6, 7, 18, 11, 23, 12, 21, 3, 5, 0, 20, 13, 20, 11, 20, 0, 5, 22, 8, 16, 14]	0.02166295051574707
8	5	62.0	48	[6, 13, 20, 0, 5, 22, 8, 16, 10, 15, 2, 17, 9, 18, 11, 23, 12, 21, 3, 4, 1, 16, 14]	0.0325779914855957
8	10	58.0	62	[6, 7, 18, 11, 23, 12, 21, 3, 5, 0, 20, 13, 20, 13, 6, 13, 6, 7, 6, 7, 18, 9, 17, 2, 15]	0.01947760581970215
8	15	56.0	65	[6, 7, 18, 11, 23, 12, 21, 3, 5, 0, 20, 13, 20, 13, 6, 13, 20, 13, 20, 13, 20, 13, 6, 7, 6]	0.02131509780883789
8	20	53.0	54	[6, 7, 18, 11, 23, 12, 21, 3, 5, 0, 20, 13, 20, 11, 23, 11, 23, 12, 15, 10, 16, 8, 22, 14]	0.02265000343322754
8	25	54.0	60	[6, 7, 18, 11, 23, 12, 21, 3, 5, 0, 20, 13, 6, 13, 20, 11, 20, 11, 18, 9, 17, 2, 15, 10, 16]	0.019520998001098633
8	1	3.0	4	[11, 23, 12]	0.004252195358276367
8	5	3.0	4	[11, 23, 12]	0.002829313278198242
8	10	3.0	4	[11, 23, 12]	0.0026688575744628906
8	15	3.0	4	[11, 23, 12]	0.002210378646850586
8	20	3.0	4	[11, 23, 12]	0.0018305778503417969
8	25	3.0	4	[11, 23, 12]	0.0023190975189208984
8	1	12.0	12	[16, 8, 22, 14, 19, 12]	0.02825021743774414
8	5	12.0	12	[16, 8, 22, 14, 19, 12]	0.007048368453979492
8	10	12.0	12	[16, 8, 22, 14, 19, 12]	0.005650758743286133
8	15	12.0	12	[16, 8, 22, 14, 19, 12]	0.0064351558685302734
8	20	12.0	12	[16, 8, 22, 14, 19, 12]	0.003987550735473633
8	25	12.0	12	[16, 8, 22, 14, 19, 12]	0.0040819644927978516
8	1	9.0	4	[19, 14, 22]	0.0023086071014404297
8	5	9.0	4	[19, 14, 22]	0.00243377685546875
8	10	9.0	4	[19, 14, 22]	0.002395153045654297
8	15	9.0	4	[19, 14, 22]	0.0036690235137939453
8	20	9.0	4	[19, 14, 22]	0.0032465457916259766
8	25	9.0	4	[19, 14, 22]	0.0016391277313232422
8	1	7.0	4	[3, 5, 0]	0.0021677017211914062
8	5	7.0	4	[3, 5, 0]	0.003430604934692383
8	10	7.0	4	[3, 5, 0]	0.002558469772338867
8	15	7.0	4	[3, 5, 0]	0.002089262008666992
8	20	6.0	5	[3, 5, 0]	0.004097461700439453
8	25	6.0	5	[3, 5, 0]	0.002698659896850586
8	1	18.0	11	[0, 5, 22, 8, 16, 14]	0.005034923553466797
8	5	18.0	11	[0, 5, 22, 8, 16, 14]	0.00423741340637207
8	10	18.0	11	[0, 5, 22, 8, 16, 14]	0.0034308433532714844
8	15	16.0	12	[0, 5, 22, 8, 16, 14]	0.026736974716186523
8	20	16.0	12	[0, 5, 22, 8, 16, 14]	0.010571479797363281
8	25	16.0	12	[0, 5, 22, 8, 16, 14]	0.005884408950805664
8	1	68.0	53	[0, 5, 22, 8, 16, 14, 19, 12, 21, 3, 4, 1, 16, 10, 15, 2, 17, 9, 18, 11, 23, 12, 21, 3, 4]	0.021776437759399414
8	5	68.0	53	[0, 5, 22, 8, 16, 14, 19, 12, 21, 3, 4, 1, 4, 3, 10, 15, 2, 17, 9, 18, 11, 23, 12, 15, 2]	0.016909122467041016
8	10	61.0	53	[0, 5, 22, 8, 16, 14, 19, 12, 21, 3, 4, 1, 4, 3, 10, 15, 2, 17, 9, 18, 7, 6, 13]	0.021493911743164062
8	15	62.0	56	[0, 5, 22, 8, 16, 14, 19, 12, 21, 3, 4, 1, 4, 1, 4, 3, 10, 15, 2, 17, 9, 18, 11, 23, 12]	0.02425861358642578
8	20	62.0	54	[0, 5, 22, 8, 16, 14, 19, 12, 21, 3, 4, 1, 16, 10, 15, 2, 17, 9, 18, 11, 23, 11, 20, 13]	0.01786494255065918
8	25	63.0	58	[0, 5, 22, 8, 16, 14, 19, 12, 21, 3, 4, 1, 16, 10, 15, 2, 17, 9, 18, 11, 23, 12, 21, 3, 18]	0.02092146873474121
8	1	65.0	55	[7, 6, 13, 20, 0, 5, 22, 8, 16, 14, 19, 12, 21, 3, 4, 1, 4, 3, 10, 15, 2, 17, 9, 18, 11]	0.02994060516357422
8	5	65.0	55	[7, 6, 13, 20, 0, 5, 22, 8, 16, 14, 19, 12, 21, 3, 4, 1, 4, 3, 10, 15, 2, 17, 9, 18, 11]	0.02336597442626953
8	10	67.0	57	[7, 6, 13, 20, 0, 5, 22, 8, 16, 14, 19, 12, 21, 3, 4, 1, 4, 1, 4, 3, 10, 15, 2, 17, 9]	0.02315044403076172
8	15	11.0	11	[7, 6, 13, 20, 11]	0.0036840438842773438
8	20	63.0	58	[7, 6, 13, 20, 0, 5, 22, 8, 16, 14, 19, 12, 21, 3, 4, 1, 4, 1, 4, 3, 10, 15, 2, 17, 9]	0.02280449867248535
8	25	62.0	60	[7, 6, 13, 20, 0, 5, 22, 8, 16, 14, 19, 12, 21, 3, 4, 1, 4, 1, 16, 10, 15, 2, 17, 9, 18]	0.021013498306274414
8	1	22.0	21	[9, 17, 2, 15, 10, 16, 8, 22, 14, 19]	0.012395143508911133
8	5	22.0	21	[9, 17, 2, 15, 10, 16, 8, 22, 14, 19]	0.01019906997680664
8	10	18.0	22	[9, 17, 2, 15, 10, 16, 8, 22, 14, 19]	0.013589143753051758
8	15	18.0	22	[9, 17, 2, 15, 10, 16, 8, 22, 14, 19]	0.009052276611328125
8	20	19.0	22	[9, 17, 2, 15, 10, 16, 8, 22, 14, 19]	0.008832693099975586
8	25	18.0	22	[9, 17, 2, 15, 10, 16, 8, 22, 14, 19]	0.011130571365356445
9	1	49.0	45	[13, 6, 7, 18, 11, 23, 12, 21, 3, 5, 0, 20, 13, 20, 0, 5, 22, 8, 16, 14]	0.0312955379486084
9	5	65.0	51	[13, 6, 7, 18, 11, 23, 12, 21, 3, 5, 0, 20, 11, 18, 9, 17, 2, 15, 10, 16, 8, 22, 14]	0.039710044860839844
9	10	79.0	59	[13, 6, 7, 18, 11, 23, 12, 21, 3, 5, 0, 20, 11, 20, 0, 20, 13, 6, 13, 6, 7, 18, 9, 17, 2]	0.03390622138977051
9	15	55.0	60	[13, 6, 7, 18, 11, 23, 12, 21, 3, 5, 0, 20, 0, 20, 13, 6, 13, 6, 13, 6, 13, 20, 0, 5, 22]	0.03238964080810547
9	20	65.0	61	[13, 6, 7, 18, 11, 23, 12, 21, 3, 5, 0, 20, 13, 20, 13, 6, 7, 6, 7, 18, 9, 17, 2, 15, 10]	0.037580251693725586
9	25	10061.0	10052	[13, 6, 7, 18, 11, 23, 12, 21, 3, 5, 0, 20, 11, 18, 9, 17, 2, 15, 10, 16, 8, 22, 14]	0.04150271415710449
9	1	75.0	59	[13, 6, 7, 18, 11, 23, 12, 21, 3, 5, 0, 20, 13, 20, 13, 6, 13, 20, 11, 18, 9, 17, 2, 15, 10]	0.04591822624206543
9	5	28.0	26	[13, 6, 7, 18, 11, 23, 12, 15, 10, 16, 8, 22]	0.01559138298034668
9	10	65.0	50	[13, 6, 7, 18, 11, 23, 12, 21, 3, 5, 0, 20, 11, 18, 9, 17, 2, 15, 10, 16, 8, 22]	0.05029010772705078
9	15	33.0	29	[13, 6, 7, 18, 11, 23, 12, 21, 3, 10, 16, 8, 22]	0.020714759826660156
9	20	59.0	60	[13, 6, 7, 18, 11, 23, 12, 21, 3, 5, 0, 20, 13, 6, 13, 20, 13, 6, 13, 20, 0, 20, 0, 20, 11]	0.02820420265197754
9	25	10064.0	10048	[13, 6, 7, 18, 11, 23, 12, 21, 3, 5, 0, 20, 0, 20, 0, 20, 0, 20, 0, 5, 22]	0.028180599212646484
9	1	23.0	20	[20, 0, 5, 22, 8, 16, 14, 19, 12, 21]	0.014040470123291016
9	5	23.0	20	[20, 0, 5, 22, 8, 16, 14, 19, 12, 21]	0.019503116607666016
9	10	23.0	20	[20, 0, 5, 22, 8, 16, 14, 19, 12, 21]	0.01661062240600586
9	15	23.0	20	[20, 0, 5, 22, 8, 16, 14, 19, 12, 21]	0.01604938507080078
9	20	23.0	20	[20, 0, 5, 22, 8, 16, 14, 19, 12, 21]	0.04004645347595215
9	25	27.0	21	[20, 0, 5, 22, 8, 16, 14, 19, 12, 21]	0.019265413284301758
9	1	60.0	45	[9, 18, 11, 23, 12, 21, 3, 5, 0, 20, 13, 6, 7, 18, 3, 4, 1, 16, 8, 22, 14]	0.03586745262145996
9	5	24.0	17	[9, 17, 2, 15, 10, 16, 8, 22, 14]	0.017940044403076172
9	10	25.0	18	[9, 17, 2, 15, 10, 16, 8, 22, 14]	0.011681556701660156
9	15	25.0	19	[9, 17, 2, 15, 10, 16, 8, 22, 14]	0.012290239334106445
9	20	25.0	19	[9, 17, 2, 15, 10, 16, 8, 22, 14]	0.011956214904785156
9	25	25.0	19	[9, 17, 2, 15, 10, 16, 8, 22, 14]	0.013264179229736328
9	1	27.0	23	[22, 8, 16, 14, 19, 12, 21, 3, 5, 0, 20]	0.017605304718017578
9	5	27.0	23	[22, 8, 16, 14, 19, 12, 21, 3, 5, 0, 20]	0.023399829864501953
9	10	27.0	23	[22, 8, 16, 14, 19, 12, 21, 3, 5, 0, 20]	0.02075052261352539
9	15	27.0	23	[22, 8, 16, 14, 19, 12, 21, 3, 5, 0, 20]	0.019145965576171875
9	20	26.0	23	[22, 8, 16, 14, 19, 12, 21, 3, 5, 0, 20]	0.02052140235900879
9	25	10026.0	10021	[22, 8, 16, 14, 19, 12, 21, 3, 5, 0, 20]	0.0161740779876709
9	1	23.0	20	[20, 0, 5, 22, 8, 16, 14, 19, 12, 21]	0.021805524826049805
9	5	19.0	15	[20, 0, 5, 22, 14, 19, 12, 21]	0.01148080825805664
9	10	23.0	20	[20, 0, 5, 22, 8, 16, 14, 19, 12, 21]	0.012967348098754883
9	15	23.0	20	[20, 0, 5, 22, 8, 16, 14, 19, 12, 21]	0.017436742782592773
9	20	20.0	20	[20, 13, 6, 7, 18, 11, 23, 12, 21]	0.010692834854125977
9	25	27.0	21	[20, 0, 5, 22, 8, 16, 14, 19, 12, 21]	0.014137029647827148
9	1	12.0	8	[6, 7, 18, 11]	0.0062677860260009766
9	5	12.0	8	[6, 7, 18, 11]	0.00383758544921875
9	10	13.0	8	[6, 7, 18, 11]	0.006793498992919922
9	15	9.0	8	[6, 7, 18, 11]	0.004275798797607422
9	20	9.0	8	[6, 7, 18, 11]	0.00889444351196289
9	25	10.0	9	[6, 7, 18, 11]	0.005986452102661133
9	1	75.0	53	[21, 12, 23, 11, 18, 7, 6, 13, 20, 0, 5, 22, 8, 16, 10, 15, 2, 17, 9, 17, 2, 15, 12, 19]	0.05114340782165527
9	5	43.0	37	[21, 12, 23, 11, 18, 7, 6, 13, 20, 0, 5, 22, 8, 16, 14, 19]	0.04387497901916504
9	10	84.0	54	[21, 12, 23, 11, 18, 7, 6, 13, 20, 0, 5, 22, 8, 16, 1, 4, 3, 10, 15, 2, 17, 9, 17, 9, 17]	0.051369667053222656
9	15	38.0	37	[21, 12, 23, 11, 18, 7, 6, 13, 20, 0, 5, 22, 8, 16, 14, 19]	0.030876874923706055
9	20	35.0	37	[21, 12, 23, 11, 18, 7, 6, 13, 20, 0, 5, 22, 8, 16, 14, 19]	0.030244112014770508
9	25	83.0	56	[21, 12, 23, 11, 18, 7, 6, 13, 20, 0, 5, 22, 8, 16, 1, 4, 3, 10, 15, 2, 17, 9, 17, 9, 18]	0.04749703407287598
9	1	36.0	33	[22, 8, 16, 14, 19, 12, 21, 3, 5, 0, 20, 11, 23, 12, 15]	0.0301973819732666
9	5	36.0	33	[22, 8, 16, 14, 19, 12, 21, 3, 5, 0, 20, 11, 23, 12, 15]	0.030266284942626953
9	10	37.0	33	[22, 8, 16, 14, 19, 12, 21, 3, 5, 0, 20, 11, 23, 12, 15]	0.02608180046081543
9	15	37.0	33	[22, 8, 16, 14, 19, 12, 21, 3, 5, 0, 20, 11, 23, 12, 15]	0.023542165756225586
9	20	36.0	33	[22, 8, 16, 14, 19, 12, 21, 3, 5, 0, 20, 11, 23, 12, 15]	0.028328895568847656
9	25	10061.0	10059	[22, 8, 16, 14, 19, 12, 21, 3, 5, 0, 20, 11, 23, 11, 18, 7, 6, 13, 20, 13, 6, 13, 20, 0, 20]	0.03980255126953125
9	1	66.0	56	[16, 8, 22, 14, 19, 12, 21, 3, 5, 0, 20, 11, 23, 12, 15, 10, 16, 1, 4, 1, 16, 14, 16, 14, 16]	0.04226565361022949
9	5	78.0	53	[16, 8, 22, 14, 19, 12, 21, 3, 5, 0, 20, 11, 23, 12, 15, 10, 3, 4, 1, 16, 10, 15, 2, 17, 9]	0.04514575004577637
9	10	40.0	35	[16, 8, 22, 14, 19, 12, 21, 3, 5, 0, 20, 11, 23, 11, 18, 7]	0.03631734848022461
9	15	63.0	49	[16, 8, 22, 14, 19, 12, 21, 3, 5, 0, 20, 11, 23, 12, 15, 10, 15, 2, 17, 9, 18, 7]	0.027477264404296875
9	20	62.0	49	[16, 8, 22, 14, 19, 12, 21, 3, 5, 0, 20, 11, 23, 12, 15, 10, 15, 2, 17, 9, 18, 7]	0.02858901023864746
9	25	10038.0	10033	[16, 8, 22, 14, 19, 12, 21, 3, 5, 0, 20, 11, 23, 11, 18, 7]	0.0245358943939209
9	1	31.0	22	[9, 17, 2, 15, 10, 16, 8, 22, 14, 19, 12]	0.01855921745300293
9	5	31.0	22	[9, 17, 2, 15, 10, 16, 8, 22, 14, 19, 12]	0.02285003662109375
9	10	32.0	23	[9, 17, 2, 15, 10, 16, 8, 22, 14, 19, 12]	0.021193504333496094
9	15	32.0	24	[9, 17, 2, 15, 10, 16, 8, 22, 14, 19, 12]	0.014844417572021484
9	20	32.0	24	[9, 17, 2, 15, 10, 16, 8, 22, 14, 19, 12]	0.017828941345214844
9	25	32.0	24	[9, 17, 2, 15, 10, 16, 8, 22, 14, 19, 12]	0.017035961151123047
9	1	47.0	39	[23, 11, 18, 7, 6, 13, 20, 0, 5, 22, 8, 16, 14, 19, 12, 21, 3]	0.023982763290405273
9	5	47.0	39	[23, 11, 18, 7, 6, 13, 20, 0, 5, 22, 8, 16, 14, 19, 12, 21, 3]	0.03742837905883789
9	10	46.0	39	[23, 11, 18, 7, 6, 13, 20, 0, 5, 22, 8, 16, 14, 19, 12, 21, 3]	0.03651285171508789
9	15	42.0	39	[23, 11, 18, 7, 6, 13, 20, 0, 5, 22, 8, 16, 14, 19, 12, 21, 3]	0.023428678512573242
9	20	39.0	39	[23, 11, 18, 7, 6, 13, 20, 0, 5, 22, 8, 16, 14, 19, 12, 21, 3]	0.020438432693481445
9	25	29.0	23	[23, 11, 20, 0, 5, 22, 8, 16, 1, 4, 3]	0.018329143524169922
9	1	7.0	8	[16, 8, 22, 5, 0]	0.0076770782470703125
9	5	24.0	20	[16, 8, 22, 14, 19, 12, 21, 3, 5, 0]	0.020457983016967773
9	10	24.0	20	[16, 8, 22, 14, 19, 12, 21, 3, 5, 0]	0.018269062042236328
9	15	24.0	20	[16, 8, 22, 14, 19, 12, 21, 3, 5, 0]	0.014647722244262695
9	20	23.0	20	[16, 8, 22, 14, 19, 12, 21, 3, 5, 0]	0.012271881103515625
9	25	10021.0	10017	[16, 8, 22, 14, 19, 12, 21, 3, 5, 0]	0.010772228240966797
9	1	7.0	7	[18, 11, 23, 12]	0.007394075393676758
9	5	7.0	7	[18, 11, 23, 12]	0.003937721252441406
9	10	7.0	7	[18, 11, 23, 12]	0.0070154666900634766
9	15	29.0	22	[18, 11, 20, 0, 5, 22, 8, 16, 14, 19, 12]	0.017908573150634766
9	20	7.0	7	[18, 11, 23, 12]	0.007549762725830078
9	25	9.0	8	[18, 11, 23, 12]	0.005939006805419922
9	1	16.0	17	[3, 5, 0, 20, 11, 23, 12, 21]	0.011964559555053711
9	5	16.0	17	[3, 5, 0, 20, 11, 23, 12, 21]	0.015863895416259766
9	10	16.0	17	[3, 5, 0, 20, 11, 23, 12, 21]	0.015314817428588867
9	15	16.0	17	[3, 5, 0, 20, 11, 23, 12, 21]	0.014191865921020508
9	20	18.0	19	[3, 5, 22, 8, 16, 14, 19, 12, 21]	0.019913911819458008
9	25	10016.0	10015	[3, 5, 0, 20, 11, 23, 12, 21]	0.012590408325195312
9	1	70.0	57	[2, 17, 9, 18, 11, 23, 12, 21, 3, 5, 0, 20, 13, 6, 7, 6, 7, 18, 7, 18, 11, 23, 12, 15]	0.04082918167114258
9	5	84.0	57	[2, 17, 9, 18, 11, 23, 12, 21, 3, 5, 0, 20, 13, 6, 7, 18, 11, 20, 11, 18, 11, 20, 13, 6, 7]	0.04145979881286621
9	10	72.0	43	[2, 17, 9, 18, 11, 20, 0, 5, 22, 8, 16, 14, 19, 12, 21, 3, 4, 1, 16, 10, 15]	0.046541690826416016
9	15	65.0	62	[2, 17, 9, 18, 11, 23, 12, 21, 3, 5, 0, 20, 13, 6, 7, 6, 13, 6, 7, 6, 13, 20, 11, 18, 3]	0.04341554641723633
9	20	63.0	60	[2, 17, 9, 18, 11, 23, 12, 21, 3, 5, 0, 20, 13, 6, 7, 6, 13, 20, 13, 6, 13, 20, 0, 20, 13]	0.03387141227722168
9	25	10071.0	10057	[2, 17, 9, 18, 11, 23, 12, 21, 3, 5, 0, 20, 13, 6, 7, 18, 9, 18, 7, 18, 11, 18, 9, 18, 3]	0.03616452217102051
9	1	26.0	18	[21, 12, 23, 11, 18, 7, 6, 13]	0.012781858444213867
9	5	26.0	18	[21, 12, 23, 11, 18, 7, 6, 13]	0.014184951782226562
9	10	25.0	18	[21, 12, 23, 11, 18, 7, 6, 13]	0.015830039978027344
9	15	21.0	18	[21, 12, 23, 11, 18, 7, 6, 13]	0.014360427856445312
9	20	18.0	18	[21, 12, 23, 11, 18, 7, 6, 13]	0.010395526885986328
9	25	20.0	18	[21, 12, 23, 11, 18, 7, 6, 13]	0.01272273063659668
9	1	71.0	55	[4, 1, 16, 8, 22, 14, 19, 12, 21, 3, 5, 0, 20, 11, 23, 12, 15, 10, 16, 10, 3, 18, 7, 6, 13]	0.032955169677734375
9	5	57.0	42	[4, 1, 16, 8, 22, 14, 19, 12, 21, 3, 5, 0, 20, 11, 23, 12, 15, 10, 15, 2]	0.03914356231689453
9	10	71.0	55	[4, 1, 16, 8, 22, 14, 19, 12, 21, 3, 5, 0, 20, 11, 23, 12, 15, 10, 16, 1, 4, 3, 18, 7, 6]	0.04034924507141113
9	15	67.0	57	[4, 1, 16, 8, 22, 14, 19, 12, 21, 3, 5, 0, 20, 11, 23, 11, 18, 7, 6, 13, 20, 0, 20, 13, 6]	0.03830075263977051
9	20	67.0	56	[4, 1, 16, 8, 22, 14, 19, 12, 15, 10, 3, 5, 0, 20, 11, 23, 12, 21, 3, 18, 7, 6, 13, 20, 0]	0.04225301742553711
9	25	10067.0	10055	[4, 1, 16, 8, 22, 14, 19, 12, 21, 3, 5, 0, 20, 11, 23, 12, 15, 10, 3, 18, 7, 6, 13, 6, 7]	0.03918194770812988
9	1	36.0	27	[1, 4, 3, 5, 0, 20, 11, 23, 12, 21, 12, 15, 10]	0.019964218139648438
9	5	36.0	27	[1, 4, 3, 5, 0, 20, 11, 23, 12, 21, 12, 15, 10]	0.025371789932250977
9	10	37.0	27	[1, 4, 3, 5, 0, 20, 11, 23, 12, 21, 12, 15, 10]	0.018369436264038086
9	15	35.0	25	[1, 4, 3, 5, 0, 20, 11, 23, 12, 21, 3, 10]	0.01553964614868164
9	20	36.0	27	[1, 4, 3, 5, 0, 20, 11, 23, 12, 21, 12, 15, 10]	0.013720035552978516
9	25	10037.0	10025	[1, 4, 3, 5, 0, 20, 11, 23, 12, 21, 12, 15, 10]	0.023163557052612305
9	1	24.0	20	[18, 11, 23, 12, 21, 3, 5, 0, 20, 13]	0.016030073165893555
9	5	24.0	20	[18, 11, 23, 12, 21, 3, 5, 0, 20, 13]	0.013730049133300781
9	10	24.0	20	[18, 11, 23, 12, 21, 3, 5, 0, 20, 13]	0.016951322555541992
9	15	72.0	53	[18, 11, 23, 12, 19, 14, 22, 8, 16, 10, 15, 2, 17, 9, 17, 2, 15, 12, 21, 3, 5, 0, 20, 13]	0.03732776641845703
9	20	23.0	20	[18, 11, 23, 12, 21, 3, 5, 0, 20, 13]	0.01134037971496582
9	25	10025.0	10019	[18, 11, 23, 12, 21, 3, 5, 0, 20, 13]	0.014647960662841797
10	1	69.0	52	[16, 8, 22, 14, 19, 12, 21, 3, 5, 0, 20, 11, 23, 11, 18, 7, 6, 13, 20, 0, 20, 0, 5, 0, 20]	0.15342497825622559
10	5	59.0	55	[16, 8, 22, 14, 19, 12, 21, 3, 5, 0, 20, 11, 23, 11, 18, 7, 6, 13, 20, 11, 20, 11, 20, 13, 6]	0.15876364707946777
10	10	61.0	54	[16, 8, 22, 14, 19, 12, 21, 3, 5, 0, 20, 11, 23, 11, 18, 7, 6, 13, 20, 13, 6, 13, 6, 7, 6]	0.18017244338989258
10	15	64.0	54	[16, 8, 22, 14, 19, 12, 21, 3, 5, 0, 20, 11, 23, 11, 18, 7, 6, 13, 6, 13, 20, 11, 18, 9, 17]	0.19463825225830078
10	20	27.0	17	[16, 8, 22, 14, 19, 12, 21, 3, 4]	0.06710362434387207
10	25	50.0	37	[16, 8, 22, 14, 19, 12, 21, 3, 5, 0, 20, 11, 23, 12, 15, 10, 3, 4]	0.12423586845397949
10	1	34.0	21	[16, 8, 22, 14, 19, 12, 21, 3, 5, 0, 20]	0.08374667167663574
10	5	53.0	44	[16, 8, 22, 14, 19, 12, 21, 3, 18, 11, 23, 12, 15, 10, 16, 1, 4, 3, 5, 0, 20]	0.16051220893859863
10	10	34.0	21	[16, 8, 22, 14, 19, 12, 21, 3, 5, 0, 20]	0.06288003921508789
10	15	34.0	21	[16, 8, 22, 14, 19, 12, 21, 3, 5, 0, 20]	0.08291745185852051
10	20	34.0	21	[16, 8, 22, 14, 19, 12, 21, 3, 5, 0, 20]	0.05703306198120117
10	25	34.0	21	[16, 8, 22, 14, 19, 12, 21, 3, 5, 0, 20]	0.06877946853637695
10	1	39.0	30	[4, 1, 16, 8, 22, 14, 19, 12, 21, 3, 5, 0, 20, 11, 23]	0.10476231575012207
10	5	39.0	30	[4, 1, 16, 8, 22, 14, 19, 12, 21, 3, 5, 0, 20, 11, 23]	0.10116004943847656
10	10	39.0	30	[4, 1, 16, 8, 22, 14, 19, 12, 21, 3, 5, 0, 20, 11, 23]	0.11117434501647949
10	15	13.0	13	[4, 3, 5, 0, 20, 11, 23]	0.0398406982421875
10	20	47.0	40	[4, 1, 16, 8, 22, 14, 19, 12, 21, 3, 5, 0, 20, 13, 6, 7, 18, 11, 23]	0.15022563934326172
10	25	39.0	30	[4, 1, 16, 8, 22, 14, 19, 12, 21, 3, 5, 0, 20, 11, 23]	0.10557126998901367
10	1	64.0	50	[12, 21, 3, 5, 0, 20, 11, 23, 11, 18, 7, 6, 13, 20, 0, 5, 22, 8, 16, 14, 19, 12, 15, 10]	0.1615307331085205
10	5	25.0	21	[12, 21, 3, 5, 0, 20, 11, 23, 12, 15, 10]	0.08149409294128418
10	10	50.0	56	[12, 21, 3, 5, 0, 20, 11, 23, 11, 18, 7, 6, 13, 6, 13, 20, 13, 20, 11, 23, 11, 20, 11, 20, 13]	0.16954517364501953
10	15	70.0	54	[12, 21, 3, 5, 0, 20, 11, 23, 11, 18, 7, 6, 13, 20, 13, 20, 0, 5, 22, 8, 16, 14, 19, 14, 19]	0.1544947624206543
10	20	25.0	21	[12, 21, 3, 5, 0, 20, 11, 23, 12, 15, 10]	0.08452057838439941
10	25	25.0	21	[12, 21, 3, 5, 0, 20, 11, 23, 12, 15, 10]	0.07873725891113281
10	1	3.0	4	[6, 7, 18]	0.01449131965637207
10	5	3.0	4	[6, 7, 18]	0.011973381042480469
10	10	3.0	4	[6, 7, 18]	0.011293172836303711
10	15	4.0	5	[6, 7, 18]	0.014300346374511719
10	20	4.0	5	[6, 7, 18]	0.010394096374511719
10	25	4.0	5	[6, 7, 18]	0.013405323028564453
10	1	32.0	19	[20, 0, 5, 22, 8, 16, 14, 19, 12, 21]	0.0808560848236084
10	5	32.0	19	[20, 0, 5, 22, 8, 16, 14, 19, 12, 21]	0.06776905059814453
10	10	32.0	19	[20, 0, 5, 22, 8, 16, 14, 19, 12, 21]	0.06497406959533691
10	15	7.0	9	[20, 11, 23, 12, 21]	0.028666973114013672
10	20	23.0	14	[20, 0, 5, 22, 14, 19, 12, 21]	0.047898292541503906
10	25	32.0	19	[20, 0, 5, 22, 8, 16, 14, 19, 12, 21]	0.05825161933898926
10	1	53.0	53	[2, 17, 9, 18, 11, 23, 12, 21, 3, 5, 0, 20, 13, 6, 7, 6, 7, 18, 7, 18, 3, 4, 1, 16, 8]	0.1846773624420166
10	5	55.0	53	[2, 17, 9, 18, 11, 23, 12, 21, 3, 5, 0, 20, 13, 6, 7, 6, 7, 6, 13, 20, 11, 23, 12, 15, 10]	0.17187833786010742
10	10	58.0	42	[2, 17, 9, 18, 11, 23, 12, 21, 3, 10, 15, 2, 17, 2, 15, 12, 19, 14, 22]	0.12945151329040527
10	15	55.0	52	[2, 17, 9, 18, 11, 23, 12, 21, 3, 5, 0, 20, 13, 6, 7, 18, 11, 18, 3, 4, 1, 16, 8, 22]	0.16589999198913574
10	20	53.0	48	[2, 17, 9, 18, 11, 23, 12, 21, 3, 5, 0, 20, 13, 6, 7, 18, 3, 4, 1, 16, 8, 22]	0.15048980712890625
10	25	42.0	35	[2, 17, 9, 18, 3, 5, 0, 20, 11, 23, 12, 15, 10, 16, 8, 22]	0.12824201583862305
10	1	6.0	5	[21, 12, 19]	0.016208171844482422
10	5	46.0	34	[21, 12, 23, 11, 18, 7, 6, 13, 20, 0, 5, 22, 8, 16, 14, 19]	0.12300848960876465
10	10	46.0	34	[21, 12, 23, 11, 18, 7, 6, 13, 20, 0, 5, 22, 8, 16, 14, 19]	0.09245896339416504
10	15	47.0	35	[21, 12, 23, 11, 18, 7, 6, 13, 20, 0, 5, 22, 8, 16, 14, 19]	0.11515450477600098
10	20	47.0	35	[21, 12, 23, 11, 18, 7, 6, 13, 20, 0, 5, 22, 8, 16, 14, 19]	0.1185612678527832
10	25	47.0	35	[21, 12, 23, 11, 18, 7, 6, 13, 20, 0, 5, 22, 8, 16, 14, 19]	0.12691712379455566
10	1	29.0	27	[5, 0, 20, 11, 23, 12, 21, 3, 4, 1, 16, 8, 22]	0.1054677963256836
10	5	29.0	27	[5, 0, 20, 11, 23, 12, 21, 3, 4, 1, 16, 8, 22]	0.10703897476196289
10	10	29.0	27	[5, 0, 20, 11, 23, 12, 21, 3, 4, 1, 16, 8, 22]	0.0984640121459961
10	15	29.0	27	[5, 0, 20, 11, 23, 12, 21, 3, 4, 1, 16, 8, 22]	0.08333468437194824
10	20	29.0	27	[5, 0, 20, 11, 23, 12, 21, 3, 4, 1, 16, 8, 22]	0.10002851486206055
10	25	29.0	27	[5, 0, 20, 11, 23, 12, 21, 3, 4, 1, 16, 8, 22]	0.07864737510681152
10	1	66.0	53	[1, 4, 3, 5, 0, 20, 11, 23, 12, 21, 12, 15, 10, 16, 8, 22, 14, 19, 14, 22, 5, 22, 14, 16, 1]	0.16814875602722168
10	5	53.0	36	[1, 4, 3, 5, 22, 8, 16, 14, 19, 12, 21, 3, 10, 15, 2, 17, 9]	0.13134503364562988
10	10	70.0	54	[1, 4, 3, 5, 0, 20, 11, 23, 12, 21, 12, 15, 10, 16, 8, 22, 14, 19, 14, 22, 14, 16, 10, 15, 2]	0.18024969100952148
10	15	72.0	54	[1, 4, 3, 5, 0, 20, 11, 23, 12, 21, 12, 15, 10, 16, 8, 22, 14, 19, 14, 16, 10, 16, 10, 15, 2]	0.17458486557006836
10	20	40.0	34	[1, 4, 3, 5, 0, 20, 11, 23, 12, 21, 3, 10, 15, 2, 17, 9]	0.10692834854125977
10	25	70.0	53	[1, 4, 3, 5, 0, 20, 11, 23, 12, 21, 12, 15, 10, 16, 8, 22, 14, 19, 14, 22, 5, 0, 5, 0, 5]	0.17554879188537598
10	1	36.0	23	[8, 22, 14, 19, 12, 21, 3, 5, 0, 20, 11, 23]	0.09509968757629395
10	5	18.0	13	[8, 22, 5, 0, 20, 11, 23]	0.03525114059448242
10	10	36.0	23	[8, 22, 14, 19, 12, 21, 3, 5, 0, 20, 11, 23]	0.0832204818725586
10	15	37.0	23	[8, 16, 14, 19, 12, 21, 3, 5, 0, 20, 11, 23]	0.06906557083129883
10	20	36.0	23	[8, 22, 14, 19, 12, 21, 3, 5, 0, 20, 11, 23]	0.06235027313232422
10	25	36.0	23	[8, 22, 14, 19, 12, 21, 3, 5, 0, 20, 11, 23]	0.07835030555725098
10	1	25.0	22	[2, 17, 9, 18, 11, 23, 12, 21, 3, 5, 0]	0.07476401329040527
10	5	25.0	22	[2, 17, 9, 18, 11, 23, 12, 21, 3, 5, 0]	0.07272529602050781
10	10	25.0	22	[2, 17, 9, 18, 11, 23, 12, 21, 3, 5, 0]	0.0774991512298584
10	15	25.0	22	[2, 17, 9, 18, 11, 23, 12, 21, 3, 5, 0]	0.0742182731628418
10	20	25.0	22	[2, 17, 9, 18, 11, 23, 12, 21, 3, 5, 0]	0.06969070434570312
10	25	24.0	23	[2, 17, 9, 18, 11, 23, 12, 21, 3, 5, 0]	0.06873178482055664
10	1	30.0	17	[0, 5, 22, 8, 16, 14, 19, 12, 21]	0.07476615905761719
10	5	41.0	32	[0, 5, 22, 8, 16, 10, 15, 2, 17, 9, 18, 11, 23, 12, 21]	0.09798407554626465
10	10	30.0	17	[0, 5, 22, 8, 16, 14, 19, 12, 21]	0.06860136985778809
10	15	30.0	17	[0, 5, 22, 8, 16, 14, 19, 12, 21]	0.05856180191040039
10	20	30.0	17	[0, 5, 22, 8, 16, 14, 19, 12, 21]	0.055414676666259766
10	25	30.0	17	[0, 5, 22, 8, 16, 14, 19, 12, 21]	0.06171703338623047
10	1	14.0	15	[6, 7, 18, 11, 23, 12, 21, 3]	0.0548558235168457
10	5	42.0	26	[6, 13, 20, 0, 5, 22, 8, 16, 14, 19, 12, 21, 3]	0.10463595390319824
10	10	14.0	15	[6, 7, 18, 11, 23, 12, 21, 3]	0.046286821365356445
10	15	15.0	16	[6, 7, 18, 11, 23, 12, 21, 3]	0.05054426193237305
10	20	15.0	16	[6, 7, 18, 11, 23, 12, 21, 3]	0.062222957611083984
10	25	15.0	16	[6, 7, 18, 11, 23, 12, 21, 3]	0.04442429542541504
10	1	19.0	14	[12, 21, 3, 5, 0, 20, 11, 23]	0.061347246170043945
10	5	19.0	14	[12, 21, 3, 5, 0, 20, 11, 23]	0.05005335807800293
10	10	19.0	14	[12, 21, 3, 5, 0, 20, 11, 23]	0.04897260665893555
10	15	19.0	14	[12, 21, 3, 5, 0, 20, 11, 23]	0.05932974815368652
10	20	48.0	32	[12, 21, 3, 5, 22, 8, 16, 14, 19, 14, 22, 5, 0, 20, 11, 23]	0.09367752075195312
10	25	19.0	14	[12, 21, 3, 5, 0, 20, 11, 23]	0.042591094970703125
10	1	55.0	37	[20, 0, 5, 22, 8, 16, 14, 19, 12, 21, 3, 4, 1, 16, 10, 15, 2, 17]	0.13716912269592285
10	5	55.0	37	[20, 0, 5, 22, 8, 16, 14, 19, 12, 21, 3, 4, 1, 16, 10, 15, 2, 17]	0.1325855255126953
10	10	57.0	42	[20, 0, 5, 22, 8, 16, 14, 19, 12, 21, 3, 4, 1, 4, 1, 16, 10, 15, 2, 17]	0.13808965682983398
10	15	73.0	54	[20, 0, 5, 22, 8, 16, 14, 19, 12, 21, 3, 18, 11, 23, 12, 15, 10, 3, 4, 1, 16, 10, 3, 10, 15]	0.1737208366394043
10	20	56.0	40	[20, 0, 5, 22, 8, 16, 14, 19, 12, 21, 3, 4, 1, 4, 3, 10, 15, 2, 17]	0.15857577323913574
10	25	59.0	55	[20, 0, 5, 22, 8, 16, 14, 19, 12, 21, 3, 4, 1, 4, 1, 4, 1, 4, 1, 4, 1, 16, 10, 15, 2]	0.17434358596801758
10	1	28.0	22	[16, 8, 22, 5, 0, 20, 11, 23, 12, 21, 3]	0.08757901191711426
10	5	25.0	15	[16, 8, 22, 14, 19, 12, 21, 3]	0.0693502426147461
10	10	25.0	15	[16, 8, 22, 14, 19, 12, 21, 3]	0.0690000057220459
10	15	25.0	15	[16, 8, 22, 14, 19, 12, 21, 3]	0.061981201171875
10	20	25.0	15	[16, 8, 22, 14, 19, 12, 21, 3]	0.051980018615722656
10	25	25.0	15	[16, 8, 22, 14, 19, 12, 21, 3]	0.04628348350524902
10	1	13.0	13	[1, 4, 3, 5, 0, 20, 11]	0.04810976982116699
10	5	13.0	13	[1, 4, 3, 5, 0, 20, 11]	0.04856443405151367
10	10	13.0	13	[1, 4, 3, 5, 0, 20, 11]	0.038506269454956055
10	15	18.0	14	[1, 4, 3, 21, 12, 23, 11]	0.037308454513549805
10	20	23.0	21	[1, 4, 3, 10, 15, 2, 17, 9, 18, 11]	0.06761789321899414
10	25	13.0	13	[1, 4, 3, 5, 0, 20, 11]	0.03739023208618164
10	1	46.0	30	[7, 6, 13, 20, 0, 5, 22, 8, 16, 14, 19, 12, 21, 3, 4]	0.09651565551757812
10	5	46.0	30	[7, 6, 13, 20, 0, 5, 22, 8, 16, 14, 19, 12, 21, 3, 4]	0.10398125648498535
10	10	46.0	30	[7, 6, 13, 20, 0, 5, 22, 8, 16, 14, 19, 12, 21, 3, 4]	0.0897064208984375
10	15	47.0	31	[7, 6, 13, 20, 0, 5, 22, 8, 16, 14, 19, 12, 21, 3, 4]	0.10549664497375488
10	20	77.0	53	[7, 6, 13, 20, 11, 23, 12, 21, 3, 5, 0, 20, 0, 5, 22, 8, 16, 14, 19, 14, 16, 10, 15, 2, 17]	0.1654665470123291
10	25	75.0	55	[7, 6, 13, 20, 0, 5, 22, 8, 16, 14, 19, 12, 21, 3, 10, 15, 2, 17, 9, 18, 11, 23, 12, 21, 3]	0.17647290229797363
10	1	60.0	48	[23, 11, 18, 7, 6, 13, 20, 0, 5, 22, 8, 16, 14, 19, 12, 21, 3, 4, 1, 16, 10, 15]	0.18841552734375
10	5	62.0	53	[23, 11, 18, 7, 6, 13, 20, 0, 5, 22, 8, 16, 14, 19, 12, 21, 3, 4, 1, 4, 1, 16, 10, 15]	0.16685771942138672
10	10	60.0	48	[23, 11, 18, 7, 6, 13, 20, 0, 5, 22, 8, 16, 14, 19, 12, 21, 3, 4, 1, 16, 10, 15]	0.1810159683227539
10	15	62.0	52	[23, 11, 18, 7, 6, 13, 20, 0, 5, 22, 8, 16, 14, 19, 12, 21, 3, 4, 1, 4, 3, 10, 15]	0.14656305313110352
10	20	62.0	52	[23, 11, 18, 7, 6, 13, 20, 0, 5, 22, 8, 16, 14, 19, 12, 21, 3, 4, 1, 4, 3, 10, 15]	0.1676325798034668
10	25	58.0	58	[23, 12, 21, 3, 5, 0, 20, 11, 18, 7, 6, 13, 6, 7, 6, 13, 6, 7, 6, 13, 6, 13, 6, 13, 6]	0.17649531364440918
