Num of Nodes	BW	Delay	Num of Hops	Path	Execution Time (seconds)
5	1	35	9	[3, 2, 12, 0, 13]	0.029360294342041016
5	5	35	9	[3, 2, 12, 0, 13]	0.026224851608276367
5	10	35	9	[3, 2, 12, 0, 13]	0.028331995010375977
5	15	35	9	[3, 2, 12, 0, 13]	0.023495912551879883
5	20	35	9	[3, 2, 12, 0, 13]	0.027028322219848633
5	25	35	9	[3, 2, 12, 0, 13]	0.02989935874938965
5	1	11	2	[0, 13]	0.01140594482421875
5	5	11	2	[0, 13]	0.011203527450561523
5	10	11	2	[0, 13]	0.012225627899169922
5	15	11	2	[0, 13]	0.011100292205810547
5	20	11	2	[0, 13]	0.010463714599609375
5	25	11	2	[0, 13]	0.009812355041503906
5	1	22	7	[4, 7, 9, 5]	0.013967275619506836
5	5	22	7	[4, 7, 9, 5]	0.014196157455444336
5	10	22	7	[4, 7, 9, 5]	0.014663934707641602
5	15	22	7	[4, 7, 9, 5]	0.013573408126831055
5	20	22	7	[4, 7, 9, 5]	0.015682220458984375
5	25	22	7	[4, 7, 9, 5]	0.011964082717895508
5	1	42	10	[10, 4, 7, 9, 0]	0.022511005401611328
5	5	42	10	[10, 4, 7, 9, 0]	0.01802515983581543
5	10	42	10	[10, 4, 7, 9, 0]	0.018793106079101562
5	15	42	10	[10, 4, 7, 9, 0]	0.01883244514465332
5	20	42	10	[10, 4, 7, 9, 0]	0.01714491844177246
5	25	42	10	[10, 4, 7, 9, 0]	0.016232967376708984
5	1	19	4	[12, 2, 9]	0.011775970458984375
5	5	19	4	[12, 2, 9]	0.013010501861572266
5	10	19	4	[12, 2, 9]	0.010898351669311523
5	15	19	4	[12, 2, 9]	0.009860754013061523
5	20	19	4	[12, 2, 9]	0.010496139526367188
5	25	19	4	[12, 2, 9]	0.011417627334594727
5	1	41	11	[12, 2, 12, 2, 3, 6]	0.028916597366333008
5	5	29	7	[12, 2, 3, 6]	0.03727841377258301
5	10	116	32	[12, 11, 0, 9, 5, 9, 5, 9, 7, 9, 5, 9, 7, 4, 10, 6]	0.02982950210571289
5	15	57	18	[12, 2, 12, 2, 3, 2, 3, 6]	0.026132822036743164
5	20	29	8	[12, 2, 3, 6]	0.02802872657775879
5	25	29	9	[12, 2, 3, 6]	0.027850627899169922
5	1	28	5	[3, 6, 10]	0.030249357223510742
5	5	28	5	[3, 6, 10]	0.0268404483795166
5	10	28	5	[3, 6, 10]	0.031191587448120117
5	15	28	5	[3, 6, 10]	0.032553911209106445
5	20	28	5	[3, 6, 10]	0.028569459915161133
5	25	28	5	[3, 6, 10]	0.030588626861572266
5	1	24	6	[11, 0, 9, 5]	0.01681208610534668
5	5	24	6	[11, 0, 9, 5]	0.021146059036254883
5	10	24	6	[11, 0, 9, 5]	0.019379138946533203
5	15	24	6	[11, 0, 9, 5]	0.01747584342956543
5	20	24	6	[11, 0, 9, 5]	0.018623828887939453
5	25	24	6	[11, 0, 9, 5]	0.01547694206237793
5	1	39	9	[0, 12, 2, 3, 6]	0.034516096115112305
5	5	39	9	[0, 12, 2, 3, 6]	0.03740358352661133
5	10	39	9	[0, 12, 2, 3, 6]	0.030442476272583008
5	15	39	10	[0, 12, 2, 3, 6]	0.03276968002319336
5	20	39	10	[0, 12, 2, 3, 6]	0.03426194190979004
5	25	39	11	[0, 12, 2, 3, 6]	0.035346031188964844
5	1	36	8	[6, 10, 4, 7]	0.020927906036376953
5	5	36	8	[6, 10, 4, 7]	0.02205657958984375
5	10	36	8	[6, 10, 4, 7]	0.019107580184936523
5	15	36	8	[6, 10, 4, 7]	0.018350601196289062
5	20	36	8	[6, 10, 4, 7]	0.016666412353515625
5	25	36	8	[6, 10, 4, 7]	0.017585039138793945
5	1	24	7	[8, 5, 9, 7]	0.014859676361083984
5	5	24	7	[8, 5, 9, 7]	0.01797771453857422
5	10	24	7	[8, 5, 9, 7]	0.016840457916259766
5	15	24	7	[8, 5, 9, 7]	0.017829179763793945
5	20	24	8	[8, 5, 9, 7]	0.014122724533081055
5	25	24	8	[8, 5, 9, 7]	0.01265263557434082
5	1	34	9	[5, 9, 7, 4, 10]	0.03272438049316406
5	5	44	13	[5, 9, 5, 9, 7, 4, 10]	0.042211294174194336
5	10	34	9	[5, 9, 7, 4, 10]	0.03317523002624512
5	15	34	9	[5, 9, 7, 4, 10]	0.02495121955871582
5	20	34	9	[5, 9, 7, 4, 10]	0.029534578323364258
5	25	34	9	[5, 9, 7, 4, 10]	0.0320897102355957
5	1	36	8	[6, 10, 4, 7]	0.017624855041503906
5	5	36	8	[6, 10, 4, 7]	0.01879143714904785
5	10	36	8	[6, 10, 4, 7]	0.020358800888061523
5	15	70	16	[6, 3, 2, 1, 8, 5, 9, 7]	0.016208887100219727
5	20	36	8	[6, 10, 4, 7]	0.016767501831054688
5	25	36	8	[6, 10, 4, 7]	0.01823878288269043
5	1	37	8	[11, 0, 9, 5, 8]	0.029594898223876953
5	5	42	9	[11, 12, 2, 1, 8]	0.027815580368041992
5	10	37	8	[11, 0, 9, 5, 8]	0.026723384857177734
5	15	37	8	[11, 0, 9, 5, 8]	0.02890920639038086
5	20	37	8	[11, 0, 9, 5, 8]	0.027754783630371094
5	25	37	8	[11, 0, 9, 5, 8]	0.02792954444885254
5	1	50	11	[13, 0, 12, 2, 3, 6]	0.03826642036437988
5	5	50	11	[13, 0, 12, 2, 3, 6]	0.035058021545410156
5	10	50	11	[13, 0, 12, 2, 3, 6]	0.03694558143615723
5	15	59	15	[13, 0, 11, 12, 2, 3, 6]	0.03446650505065918
5	20	50	12	[13, 0, 12, 2, 3, 6]	0.03541445732116699
5	25	50	13	[13, 0, 12, 2, 3, 6]	0.035843849182128906
5	1	33	7	[1, 2, 3, 6]	0.027478456497192383
5	5	33	7	[1, 2, 3, 6]	0.026459932327270508
5	10	33	7	[1, 2, 3, 6]	0.029533863067626953
5	15	33	8	[1, 2, 3, 6]	0.024225473403930664
5	20	33	8	[1, 2, 3, 6]	0.026047229766845703
5	25	33	9	[1, 2, 3, 6]	0.027228832244873047
5	1	19	4	[9, 0, 11]	0.018667221069335938
5	5	19	4	[9, 0, 11]	0.016690969467163086
5	10	19	4	[9, 0, 11]	0.01639270782470703
5	15	32	6	[9, 2, 12, 11]	0.014606237411499023
5	20	19	4	[9, 0, 11]	0.015399694442749023
5	25	19	4	[9, 0, 11]	0.016421794891357422
5	1	30	8	[11, 0, 12, 2, 3]	0.01921820640563965
5	5	30	8	[11, 0, 12, 2, 3]	0.018937110900878906
5	10	30	8	[11, 0, 12, 2, 3]	0.017914295196533203
5	15	30	9	[11, 0, 12, 2, 3]	0.019961833953857422
5	20	27	8	[11, 12, 2, 3]	0.0205385684967041
5	25	30	10	[11, 0, 12, 2, 3]	0.019011735916137695
5	1	42	11	[4, 7, 9, 7, 9, 2]	0.012251138687133789
5	5	30	7	[4, 7, 9, 2]	0.01209878921508789
5	10	30	7	[4, 7, 9, 2]	0.012155771255493164
5	15	30	7	[4, 7, 9, 2]	0.011680364608764648
5	20	30	7	[4, 7, 9, 2]	0.011804819107055664
5	25	30	7	[4, 7, 9, 2]	0.012137889862060547
5	1	36	9	[4, 7, 9, 0, 11]	0.022984981536865234
5	5	36	9	[4, 7, 9, 0, 11]	0.023000001907348633
5	10	36	9	[4, 7, 9, 0, 11]	0.02247142791748047
5	15	36	9	[4, 7, 9, 0, 11]	0.022015810012817383
5	20	36	9	[4, 7, 9, 0, 11]	0.0217130184173584
5	25	70	17	[4, 10, 6, 3, 2, 12, 0, 11]	0.022077322006225586
6	1	36	6	[6, 3, 2, 9]	0.01939845085144043
6	5	36	6	[6, 3, 2, 9]	0.020868778228759766
6	10	36	6	[6, 3, 2, 9]	0.019255876541137695
6	15	36	6	[6, 3, 2, 9]	0.022934675216674805
6	20	36	6	[6, 3, 2, 9]	0.0163421630859375
6	25	36	6	[6, 3, 2, 9]	0.015193939208984375
6	1	41	10	[12, 0, 11, 0, 9, 7]	0.028192758560180664
6	5	25	6	[12, 2, 9, 7]	0.02767658233642578
6	10	25	6	[12, 2, 9, 7]	0.04135751724243164
6	15	25	8	[12, 2, 9, 7]	0.022227048873901367
6	20	25	8	[12, 2, 9, 7]	0.02161860466003418
6	25	29	7	[12, 0, 9, 7]	0.019887685775756836
6	1	40	8	[1, 2, 9, 7, 4]	0.03786134719848633
6	5	48	11	[1, 8, 5, 9, 7, 4]	0.043424367904663086
6	10	40	10	[1, 2, 9, 7, 4]	0.037400245666503906
6	15	40	10	[1, 2, 9, 7, 4]	0.05079770088195801
6	20	81	10018	[1, 2, 12, 0, 11, 12, 2, 9, 7, 4]	0.043840885162353516
6	25	40	10005	[1, 2, 9, 7, 4]	0.04883527755737305
6	1	11	2	[7, 4]	0.017759084701538086
6	5	11	2	[7, 4]	0.01618337631225586
6	10	11	2	[7, 4]	0.01819467544555664
6	15	11	2	[7, 4]	0.016361474990844727
6	20	11	2	[7, 4]	0.013711690902709961
6	25	11	2	[7, 4]	0.01562047004699707
6	1	5	2	[9, 5]	0.009087800979614258
6	5	5	2	[9, 5]	0.010062217712402344
6	10	5	2	[9, 5]	0.011374711990356445
6	15	5	2	[9, 5]	0.009078264236450195
6	20	5	2	[9, 5]	0.010647296905517578
6	25	5	2	[9, 5]	0.009220123291015625
6	1	26	6	[3, 2, 9, 5]	0.02542567253112793
6	5	26	6	[3, 2, 9, 5]	0.026598691940307617
6	10	26	6	[3, 2, 9, 5]	0.02758622169494629
6	15	44	10	[3, 2, 1, 8, 5]	0.02459716796875
6	20	26	6	[3, 2, 9, 5]	0.022088289260864258
6	25	26	6	[3, 2, 9, 5]	0.018403053283691406
6	1	15	2	[6, 3]	0.008157968521118164
6	5	15	2	[6, 3]	0.009402990341186523
6	10	15	2	[6, 3]	0.010696887969970703
6	15	15	2	[6, 3]	0.010452508926391602
6	20	15	2	[6, 3]	0.010802507400512695
6	25	15	2	[6, 3]	0.010536909103393555
6	1	35	8	[13, 0, 12, 2, 3]	0.028649091720581055
6	5	63	14	[13, 11, 0, 12, 0, 12, 2, 3]	0.0321507453918457
6	10	35	8	[13, 0, 12, 2, 3]	0.03208422660827637
6	15	40	10007	[13, 11, 12, 2, 3]	0.027774333953857422
6	20	43	10009	[13, 11, 0, 12, 2, 3]	0.028092145919799805
6	25	53	10007	[13, 11, 0, 9, 2, 3]	0.038106441497802734
6	1	46	8	[8, 1, 2, 3, 6]	0.04714608192443848
6	5	46	8	[8, 1, 2, 3, 6]	0.04454469680786133
6	10	104	26	[8, 5, 9, 5, 9, 7, 4, 7, 9, 7, 4, 10, 6]	0.04559493064880371
6	15	54	11	[8, 5, 9, 2, 3, 6]	0.04356098175048828
6	20	60	13	[8, 5, 9, 7, 4, 10, 6]	0.041091203689575195
6	25	54	11	[8, 5, 9, 2, 3, 6]	0.04414057731628418
6	1	16	4	[0, 12, 2]	0.016696453094482422
6	5	16	4	[0, 12, 2]	0.016193866729736328
6	10	16	4	[0, 12, 2]	0.01613640785217285
6	15	16	6	[0, 12, 2]	0.01536870002746582
6	20	16	6	[0, 12, 2]	0.015622138977050781
6	25	38	8	[0, 11, 0, 9, 2]	0.029940366744995117
6	1	42	8	[10, 4, 7, 9, 0]	0.026330232620239258
6	5	42	8	[10, 4, 7, 9, 0]	0.025398731231689453
6	10	42	8	[10, 4, 7, 9, 0]	0.024305343627929688
6	15	42	8	[10, 4, 7, 9, 0]	0.023246288299560547
6	20	42	8	[10, 4, 7, 9, 0]	0.0240938663482666
6	25	42	8	[10, 4, 7, 9, 0]	0.022541046142578125
6	1	5	3	[5, 9]	0.003479480743408203
6	5	5	3	[5, 9]	0.0035240650177001953
6	10	127	29	[5, 8, 1, 2, 12, 2, 3, 6, 3, 2, 1, 2, 9]	0.004064321517944336
6	15	5	3	[5, 9]	0.0032243728637695312
6	20	5	3	[5, 9]	0.002946615219116211
6	25	5	3	[5, 9]	0.0030825138092041016
6	1	31	6	[8, 1, 2, 3]	0.024878978729248047
6	5	31	6	[8, 1, 2, 3]	0.023660898208618164
6	10	31	8	[8, 1, 2, 3]	0.024693012237548828
6	15	31	8	[8, 1, 2, 3]	0.024176836013793945
6	20	39	9	[8, 5, 9, 2, 3]	0.025231599807739258
6	25	39	9	[8, 5, 9, 2, 3]	0.025339841842651367
6	1	29	7	[5, 9, 0, 13]	0.03270435333251953
6	5	29	7	[5, 9, 0, 13]	0.03147101402282715
6	10	29	7	[5, 9, 0, 13]	0.029918909072875977
6	15	73	15	[5, 8, 1, 2, 9, 0, 13]	0.029026031494140625
6	20	29	7	[5, 9, 0, 13]	0.028924942016601562
6	25	29	7	[5, 9, 0, 13]	0.02492070198059082
6	1	29	6	[13, 0, 9, 5]	0.023647785186767578
6	5	29	6	[13, 0, 9, 5]	0.02356886863708496
6	10	29	6	[13, 0, 9, 5]	0.023372888565063477
6	15	37	10005	[13, 11, 0, 9, 5]	0.02142167091369629
6	20	29	10003	[13, 0, 9, 5]	0.021007537841796875
6	25	29	10003	[13, 0, 9, 5]	0.018481969833374023
6	1	5	3	[5, 9]	0.003113985061645508
6	5	5	3	[5, 9]	0.0038628578186035156
6	10	5	3	[5, 9]	0.003620147705078125
6	15	5	3	[5, 9]	0.0035016536712646484
6	20	5	3	[5, 9]	0.002803325653076172
6	25	31	8	[5, 8, 5, 9]	0.003167867660522461
6	1	58	12	[6, 3, 2, 12, 2, 1, 8]	0.04252910614013672
6	5	46	8	[6, 3, 2, 1, 8]	0.04332399368286133
6	10	46	10	[6, 3, 2, 1, 8]	0.04252767562866211
6	15	46	10	[6, 3, 2, 1, 8]	0.03263258934020996
6	20	60	13	[6, 10, 4, 7, 9, 5, 8]	0.03793978691101074
6	25	60	13	[6, 10, 4, 7, 9, 5, 8]	0.03625774383544922
6	1	29	6	[1, 2, 9, 7]	0.025107860565185547
6	5	29	6	[1, 2, 9, 7]	0.025340557098388672
6	10	75	16	[1, 2, 3, 6, 3, 2, 9, 7]	0.026712417602539062
6	15	29	8	[1, 2, 9, 7]	0.02535414695739746
6	20	29	10003	[1, 2, 9, 7]	0.026071548461914062
6	25	29	10003	[1, 2, 9, 7]	0.02215719223022461
6	1	21	4	[9, 2, 3]	0.025347232818603516
6	5	21	4	[9, 2, 3]	0.03213071823120117
6	10	49	12	[9, 0, 11, 0, 12, 2, 3]	0.03554558753967285
6	15	21	4	[9, 2, 3]	0.024018287658691406
6	20	21	4	[9, 2, 3]	0.020458459854125977
6	25	21	4	[9, 2, 3]	0.023758649826049805
6	1	27	6	[3, 2, 12, 11]	0.03203582763671875
6	5	43	10	[3, 2, 3, 2, 12, 11]	0.02337956428527832
6	10	27	6	[3, 2, 12, 11]	0.02181720733642578
6	15	89	16	[3, 6, 10, 4, 7, 9, 2, 12, 11]	0.023442983627319336
6	20	27	6	[3, 2, 12, 11]	0.021001577377319336
6	25	27	7	[3, 2, 12, 11]	0.01950860023498535
7	1	31	7	[3, 2, 1, 8]	0.0406641960144043
7	5	31	7	[3, 2, 1, 8]	0.03972578048706055
7	10	31	7	[3, 2, 1, 8]	0.03842973709106445
7	15	31	7	[3, 2, 1, 8]	0.03763937950134277
7	20	31	7	[3, 2, 1, 8]	0.037694692611694336
7	25	31	7	[3, 2, 1, 8]	0.03553938865661621
7	1	25	7	[7, 9, 2, 12]	0.027428150177001953
7	5	73	17	[7, 4, 7, 9, 2, 9, 2, 12]	0.027667522430419922
7	10	25	7	[7, 9, 2, 12]	0.025634765625
7	15	47	13	[7, 4, 7, 9, 2, 12]	0.025194406509399414
7	20	25	7	[7, 9, 2, 12]	0.029542922973632812
7	25	25	7	[7, 9, 2, 12]	0.031890869140625
7	1	18	5	[8, 5, 9]	0.02205967903137207
7	5	18	5	[8, 5, 9]	0.019647836685180664
7	10	18	5	[8, 5, 9]	0.017060041427612305
7	15	18	5	[8, 5, 9]	0.02806258201599121
7	20	18	5	[8, 5, 9]	0.02016592025756836
7	25	18	5	[8, 5, 9]	0.03497648239135742
7	1	74	17	[7, 9, 2, 9, 7, 4, 10, 6]	0.06260013580322266
7	5	42	9	[7, 9, 2, 3, 6]	0.05822157859802246
7	10	36	8	[7, 4, 10, 6]	0.051389217376708984
7	15	74	25	[7, 9, 5, 9, 5, 9, 2, 12, 2, 3, 6]	0.049341678619384766
7	20	60	13	[7, 4, 10, 4, 10, 6]	0.05138874053955078
7	25	58	18	[7, 9, 5, 9, 7, 4, 10, 6]	0.048380136489868164
7	1	26	6	[3, 2, 9, 5]	0.030805110931396484
7	5	26	6	[3, 2, 9, 5]	0.0327296257019043
7	10	26	6	[3, 2, 9, 5]	0.032128334045410156
7	15	26	6	[3, 2, 9, 5]	0.030080556869506836
7	20	26	6	[3, 2, 9, 5]	0.0299837589263916
7	25	26	6	[3, 2, 9, 5]	0.026365995407104492
7	1	29	7	[7, 9, 2, 1]	0.03800487518310547
7	5	29	7	[7, 9, 2, 1]	0.04052329063415527
7	10	37	10	[7, 9, 5, 8, 1]	0.03713178634643555
7	15	29	7	[7, 9, 2, 1]	0.03705906867980957
7	20	29	7	[7, 9, 2, 1]	0.0345311164855957
7	25	29	7	[7, 9, 2, 1]	0.03402543067932129
7	1	25	7	[12, 2, 9, 7]	0.03380322456359863
7	5	25	7	[12, 2, 9, 7]	0.0366666316986084
7	10	25	7	[12, 2, 9, 7]	0.03128790855407715
7	15	25	7	[12, 2, 9, 7]	0.03328299522399902
7	20	25	7	[12, 2, 9, 7]	0.03172159194946289
7	25	25	8	[12, 2, 9, 7]	0.039777517318725586
7	1	26	7	[0, 12, 2, 1]	0.048227787017822266
7	5	26	7	[0, 12, 2, 1]	0.03985881805419922
7	10	26	7	[0, 12, 2, 1]	0.039098262786865234
7	15	26	7	[0, 12, 2, 1]	0.03917741775512695
7	20	26	7	[0, 12, 2, 1]	0.038396358489990234
7	25	26	8	[0, 12, 2, 1]	0.03700971603393555
7	1	45	11	[11, 0, 12, 2, 3, 6]	0.06186842918395996
7	5	131	39	[11, 0, 11, 0, 9, 7, 9, 5, 8, 5, 9, 5, 9, 7, 4, 10, 6]	0.06016826629638672
7	10	45	12	[11, 0, 12, 2, 3, 6]	0.057808637619018555
7	15	45	12	[11, 0, 12, 2, 3, 6]	0.06308150291442871
7	20	42	10	[11, 12, 2, 3, 6]	0.0616452693939209
7	25	45	13	[11, 0, 12, 2, 3, 6]	0.05843400955200195
7	1	19	4	[11, 0, 9]	0.020239591598510742
7	5	19	4	[11, 0, 9]	0.021632671356201172
7	10	19	4	[11, 0, 9]	0.016754150390625
7	15	19	4	[11, 0, 9]	0.019194364547729492
7	20	19	4	[11, 0, 9]	0.01978898048400879
7	25	19	4	[11, 0, 9]	0.01767253875732422
7	1	18	5	[1, 2, 3]	0.024538040161132812
7	5	18	5	[1, 2, 3]	0.022742748260498047
7	10	18	6	[1, 2, 3]	0.022712230682373047
7	15	18	6	[1, 2, 3]	0.022804975509643555
7	20	18	6	[1, 2, 3]	0.020670175552368164
7	25	18	6	[1, 2, 3]	0.023370981216430664
7	1	34	10	[10, 4, 7, 9, 5]	0.03666114807128906
7	5	34	10	[10, 4, 7, 9, 5]	0.035669565200805664
7	10	34	10	[10, 4, 7, 9, 5]	0.031862735748291016
7	15	34	10	[10, 4, 7, 9, 5]	0.03157353401184082
7	20	34	10	[10, 4, 7, 9, 5]	0.0294954776763916
7	25	34	10	[10, 4, 7, 9, 5]	0.02834486961364746
7	1	18	4	[2, 9, 5]	0.036525726318359375
7	5	18	4	[2, 9, 5]	0.03723764419555664
7	10	18	4	[2, 9, 5]	0.02887248992919922
7	15	18	4	[2, 9, 5]	0.028735876083374023
7	20	18	4	[2, 9, 5]	0.02689218521118164
7	25	18	4	[2, 9, 5]	0.02671980857849121
7	1	13	2	[9, 2]	0.0171811580657959
7	5	13	2	[9, 2]	0.017672300338745117
7	10	13	2	[9, 2]	0.014742136001586914
7	15	13	2	[9, 2]	0.016744375228881836
7	20	13	2	[9, 2]	0.01588296890258789
7	25	13	2	[9, 2]	0.02384328842163086
7	1	24	6	[11, 0, 9, 5]	0.034841299057006836
7	5	24	6	[11, 0, 9, 5]	0.03476524353027344
7	10	24	6	[11, 0, 9, 5]	0.030761241912841797
7	15	24	6	[11, 0, 9, 5]	0.033179283142089844
7	20	24	6	[11, 0, 9, 5]	0.031868934631347656
7	25	46	11	[11, 0, 13, 0, 9, 5]	0.02970409393310547
7	1	28	4	[3, 6, 10]	0.04854607582092285
7	5	28	4	[3, 6, 10]	0.04934501647949219
7	10	28	4	[3, 6, 10]	0.0465395450592041
7	15	28	4	[3, 6, 10]	0.04776120185852051
7	20	28	4	[3, 6, 10]	0.06997537612915039
7	25	28	4	[3, 6, 10]	0.048233985900878906
7	1	24	8	[5, 9, 0, 11]	0.04167890548706055
7	5	24	8	[5, 9, 0, 11]	0.034798383712768555
7	10	55	12	[5, 8, 1, 2, 12, 11]	0.03449106216430664
7	15	24	8	[5, 9, 0, 11]	0.0344240665435791
7	20	24	8	[5, 9, 0, 11]	0.03385162353515625
7	25	24	8	[5, 9, 0, 11]	0.03774428367614746
7	1	42	8	[10, 6, 3, 2, 12]	0.03927135467529297
7	5	42	8	[10, 6, 3, 2, 12]	0.03847455978393555
7	10	110	27	[10, 4, 7, 9, 5, 8, 1, 8, 5, 9, 2, 12]	0.03400421142578125
7	15	42	8	[10, 6, 3, 2, 12]	0.03321480751037598
7	20	48	12	[10, 4, 7, 9, 2, 12]	0.0324399471282959
7	25	84	21	[10, 6, 10, 4, 7, 9, 5, 9, 2, 12]	0.02948141098022461
7	1	18	5	[5, 9, 2]	0.02021479606628418
7	5	18	5	[5, 9, 2]	0.0197298526763916
7	10	18	5	[5, 9, 2]	0.018033266067504883
7	15	18	5	[5, 9, 2]	0.019414424896240234
7	20	18	5	[5, 9, 2]	0.018121957778930664
7	25	18	5	[5, 9, 2]	0.01787543296813965
7	1	18	4	[3, 2, 1]	0.02887272834777832
7	5	18	4	[3, 2, 1]	0.027642011642456055
7	10	18	4	[3, 2, 1]	0.02355480194091797
7	15	18	4	[3, 2, 1]	0.025893688201904297
7	20	18	4	[3, 2, 1]	0.02385258674621582
7	25	18	4	[3, 2, 1]	0.023220300674438477
8	1	10	2	[12, 0]	0.050537109375
8	5	10	2	[12, 0]	0.05062413215637207
8	10	19	4	[12, 11, 0]	0.04961371421813965
8	15	10	2	[12, 0]	0.04854464530944824
8	20	10	2	[12, 0]	0.04371190071105957
8	25	10	2	[12, 0]	0.04997372627258301
8	1	29	6	[13, 0, 9, 5]	0.1761317253112793
8	5	29	6	[13, 0, 9, 5]	0.16923260688781738
8	10	29	6	[13, 0, 9, 5]	0.18152689933776855
8	15	29	6	[13, 0, 9, 5]	0.14385390281677246
8	20	29	6	[13, 0, 9, 5]	0.13828730583190918
8	25	29	6	[13, 0, 9, 5]	0.14393019676208496
8	1	23	5	[2, 1, 8]	0.16548800468444824
8	5	23	5	[2, 1, 8]	0.16570806503295898
8	10	23	5	[2, 1, 8]	0.17026448249816895
8	15	23	5	[2, 1, 8]	0.16026020050048828
8	20	81	19	[2, 9, 7, 9, 0, 11, 0, 9, 5, 8]	0.1640331745147705
8	25	23	5	[2, 1, 8]	0.14248442649841309
8	1	53	10	[10, 4, 7, 9, 0, 13]	0.2424309253692627
8	5	53	10	[10, 4, 7, 9, 0, 13]	0.22145676612854004
8	10	53	10	[10, 4, 7, 9, 0, 13]	0.20957303047180176
8	15	53	10	[10, 4, 7, 9, 0, 13]	0.23119688034057617
8	20	53	10	[10, 4, 7, 9, 0, 13]	0.23345017433166504
8	25	53	11	[10, 4, 7, 9, 0, 13]	0.21859073638916016
8	1	28	6	[5, 9, 2, 1]	0.18004250526428223
8	5	26	4	[5, 8, 1]	0.15464425086975098
8	10	26	6	[5, 8, 1]	0.16518735885620117
8	15	28	7	[5, 9, 2, 1]	0.19979214668273926
8	20	26	6	[5, 8, 1]	0.18070554733276367
8	25	40	12	[5, 9, 7, 9, 2, 1]	0.14365363121032715
8	1	41	8	[13, 0, 9, 7, 4]	0.2893354892730713
8	5	41	8	[13, 0, 9, 7, 4]	0.27088379859924316
8	10	41	8	[13, 0, 9, 7, 4]	0.22955083847045898
8	15	63	17	[13, 0, 11, 0, 9, 5, 9, 7, 4]	0.2310316562652588
8	20	41	8	[13, 0, 9, 7, 4]	0.23816847801208496
8	25	41	8	[13, 0, 9, 7, 4]	0.3228309154510498
8	1	42	8	[6, 3, 2, 9, 7]	0.17519617080688477
8	5	42	8	[6, 3, 2, 9, 7]	0.14992380142211914
8	10	58	12	[6, 3, 2, 12, 0, 9, 7]	0.14604783058166504
8	15	36	6	[6, 10, 4, 7]	0.1416001319885254
8	20	36	6	[6, 10, 4, 7]	0.13735461235046387
8	25	42	8	[6, 3, 2, 9, 7]	0.14585280418395996
8	1	13	2	[0, 9]	0.08896350860595703
8	5	13	2	[0, 9]	0.0959928035736084
8	10	13	2	[0, 9]	0.09398341178894043
8	15	13	2	[0, 9]	0.07123827934265137
8	20	13	2	[0, 9]	0.07606148719787598
8	25	13	2	[0, 9]	0.0759267807006836
8	1	19	4	[9, 2, 12]	0.1309525966644287
8	5	45	8	[9, 0, 13, 0, 12]	0.12442350387573242
8	10	19	4	[9, 2, 12]	0.12828779220581055
8	15	19	4	[9, 2, 12]	0.1214146614074707
8	20	19	4	[9, 2, 12]	0.11119508743286133
8	25	19	5	[9, 2, 12]	0.13042426109313965
8	1	21	4	[12, 0, 13]	0.17477941513061523
8	5	21	4	[12, 0, 13]	0.1593465805053711
8	10	21	4	[12, 0, 13]	0.1684279441833496
8	15	21	4	[12, 0, 13]	0.1661510467529297
8	20	21	4	[12, 0, 13]	0.13980817794799805
8	25	21	4	[12, 0, 13]	0.15503764152526855
8	1	21	4	[12, 0, 13]	0.16696715354919434
8	5	21	4	[12, 0, 13]	0.17567682266235352
8	10	21	4	[12, 0, 13]	0.1668241024017334
8	15	21	4	[12, 0, 13]	0.13787412643432617
8	20	21	4	[12, 0, 13]	0.15446043014526367
8	25	21	4	[12, 0, 13]	0.15701961517333984
8	1	19	4	[9, 2, 12]	0.12230896949768066
8	5	19	4	[9, 2, 12]	0.12348318099975586
8	10	19	4	[9, 2, 12]	0.12067103385925293
8	15	19	4	[9, 2, 12]	0.12403249740600586
8	20	19	4	[9, 2, 12]	0.10770106315612793
8	25	19	5	[9, 2, 12]	0.11508870124816895
8	1	24	7	[12, 2, 9, 5]	0.1605396270751953
8	5	24	7	[12, 2, 9, 5]	0.15141820907592773
8	10	24	7	[12, 2, 9, 5]	0.15607690811157227
8	15	40	10	[12, 0, 11, 0, 9, 5]	0.12765741348266602
8	20	24	7	[12, 2, 9, 5]	0.13855504989624023
8	25	44	12	[12, 2, 1, 2, 9, 5]	0.14551687240600586
8	1	58	12	[10, 6, 3, 2, 12, 0, 11]	0.2083883285522461
8	5	48	10	[10, 4, 7, 9, 0, 11]	0.17394661903381348
8	10	55	10	[10, 6, 3, 2, 12, 11]	0.20507073402404785
8	15	48	10	[10, 4, 7, 9, 0, 11]	0.15511870384216309
8	20	74	14	[10, 6, 10, 4, 7, 9, 0, 11]	0.16058945655822754
8	25	48	11	[10, 4, 7, 9, 0, 11]	0.18687224388122559
8	1	18	6	[1, 2, 3]	0.10415053367614746
8	5	18	6	[1, 2, 3]	0.10245013236999512
8	10	18	6	[1, 2, 3]	0.10901451110839844
8	15	18	6	[1, 2, 3]	0.09435009956359863
8	20	18	6	[1, 2, 3]	0.10460543632507324
8	25	18	6	[1, 2, 3]	0.08918952941894531
8	1	163	38	[5, 8, 5, 9, 5, 9, 5, 9, 7, 4, 7, 9, 0, 9, 5, 9, 7, 4, 10, 6]	0.26673293113708496
8	5	73	21	[5, 9, 5, 9, 7, 9, 5, 9, 2, 3, 6]	0.2776517868041992
8	10	59	14	[5, 8, 1, 2, 3, 6]	0.30673789978027344
8	15	41	10	[5, 9, 2, 3, 6]	0.2919168472290039
8	20	69	20	[5, 9, 7, 9, 5, 9, 7, 4, 10, 6]	0.2850615978240967
8	25	47	11	[5, 9, 7, 4, 10, 6]	0.3197619915008545
8	1	25	6	[7, 9, 2, 12]	0.12133955955505371
8	5	25	6	[7, 9, 2, 12]	0.13698029518127441
8	10	25	6	[7, 9, 2, 12]	0.11848974227905273
8	15	25	6	[7, 9, 2, 12]	0.200927734375
8	20	25	6	[7, 9, 2, 12]	0.13923382759094238
8	25	25	7	[7, 9, 2, 12]	0.11746573448181152
8	1	41	8	[13, 0, 9, 7, 4]	0.2612919807434082
8	5	41	8	[13, 0, 9, 7, 4]	0.25189805030822754
8	10	41	8	[13, 0, 9, 7, 4]	0.26413536071777344
8	15	41	8	[13, 0, 9, 7, 4]	0.3164191246032715
8	20	53	12	[13, 0, 11, 0, 9, 7, 4]	0.22508931159973145
8	25	41	8	[13, 0, 9, 7, 4]	0.23419737815856934
8	1	58	15	[1, 2, 12, 2, 3, 6, 10]	0.2667124271392822
8	5	46	10	[1, 2, 3, 6, 10]	0.28661370277404785
8	10	46	10	[1, 2, 3, 6, 10]	0.2575981616973877
8	15	60	15	[1, 8, 5, 9, 7, 4, 10]	0.27968406677246094
8	20	60	15	[1, 8, 5, 9, 7, 4, 10]	0.24228572845458984
8	25	46	10	[1, 2, 3, 6, 10]	0.23172664642333984
8	1	11	2	[13, 0]	0.016606569290161133
8	5	11	2	[13, 0]	0.016569137573242188
8	10	11	2	[13, 0]	0.015685081481933594
8	15	11	2	[13, 0]	0.01575779914855957
8	20	11	2	[13, 0]	0.015475749969482422
8	25	11	2	[13, 0]	0.01424551010131836
9	1	21	4	[12, 0, 13]	0.5574676990509033
9	5	21	4	[12, 0, 13]	0.592341423034668
9	10	21	4	[12, 0, 13]	0.6248817443847656
9	15	21	4	[12, 0, 13]	0.5181620121002197
9	20	21	4	[12, 0, 13]	0.5233302116394043
9	25	21	4	[12, 0, 13]	0.500901460647583
9	1	35	9	[13, 0, 12, 2, 3]	0.5937261581420898
9	5	35	9	[13, 0, 12, 2, 3]	0.6862473487854004
9	10	35	9	[13, 0, 12, 2, 3]	0.5570266246795654
9	15	35	9	[13, 0, 12, 2, 3]	0.5715107917785645
9	20	35	11	[13, 0, 12, 2, 3]	0.5919651985168457
9	25	97	22	[13, 0, 12, 2, 9, 7, 4, 10, 6, 3]	0.6141390800476074
9	1	26	6	[0, 12, 2, 1]	0.6745738983154297
9	5	26	6	[0, 12, 2, 1]	0.8295354843139648
9	10	26	6	[0, 12, 2, 1]	0.679051399230957
9	15	26	6	[0, 12, 2, 1]	0.5327434539794922
9	20	26	7	[0, 12, 2, 1]	0.5646147727966309
9	25	26	7	[0, 12, 2, 1]	0.6120543479919434
9	1	29	7	[6, 3, 2, 12]	0.43260836601257324
9	5	29	7	[6, 3, 2, 12]	0.47370171546936035
9	10	29	7	[6, 3, 2, 12]	0.39462900161743164
9	15	29	7	[6, 3, 2, 12]	0.4178287982940674
9	20	29	7	[6, 3, 2, 12]	0.4111015796661377
9	25	29	7	[6, 3, 2, 12]	0.35083889961242676
9	1	17	4	[9, 7, 4]	0.4846782684326172
9	5	17	4	[9, 7, 4]	0.575685977935791
9	10	17	4	[9, 7, 4]	0.5582427978515625
9	15	17	4	[9, 7, 4]	0.4327216148376465
9	20	17	4	[9, 7, 4]	0.565359354019165
9	25	17	4	[9, 7, 4]	0.4521622657775879
9	1	53	12	[13, 0, 9, 7, 4, 10]	1.1071069240570068
9	5	85	18	[13, 0, 11, 0, 9, 2, 3, 6, 10]	1.1021130084991455
9	10	75	17	[13, 0, 9, 7, 4, 7, 4, 10]	1.1193783283233643
9	15	72	17	[13, 0, 11, 12, 2, 3, 6, 10]	1.0453574657440186
9	20	53	13	[13, 0, 9, 7, 4, 10]	1.0192034244537354
9	25	71	18	[13, 11, 0, 12, 2, 3, 6, 10]	0.9142870903015137
9	1	12	3	[4, 10]	0.3378615379333496
9	5	12	3	[4, 10]	0.31377577781677246
9	10	255	61	[4, 7, 9, 5, 9, 0, 11, 13, 11, 0, 12, 0, 13, 0, 11, 12, 2, 3, 2, 12, 2, 1, 8, 1, 2, 3, 6, 10]	0.2884819507598877
9	15	12	3	[4, 10]	0.2512972354888916
9	20	12	3	[4, 10]	0.2874488830566406
9	25	12	3	[4, 10]	0.2556338310241699
9	1	19	4	[0, 9, 7]	0.5174171924591064
9	5	19	4	[0, 9, 7]	0.5186500549316406
9	10	19	4	[0, 9, 7]	0.5484898090362549
9	15	19	4	[0, 9, 7]	0.48293328285217285
9	20	19	5	[0, 9, 7]	0.4544496536254883
9	25	45	10	[0, 9, 0, 9, 7]	0.40090489387512207
9	1	74	16	[11, 0, 12, 11, 0, 12, 2, 3, 6]	0.9008505344390869
9	5	45	10	[11, 0, 12, 2, 3, 6]	0.948643684387207
9	10	67	15	[11, 0, 13, 0, 12, 2, 3, 6]	1.1218774318695068
9	15	45	10	[11, 0, 12, 2, 3, 6]	0.8329544067382812
9	20	71	18	[11, 0, 12, 11, 12, 2, 3, 6]	0.8597679138183594
9	25	68	16	[11, 13, 11, 12, 2, 3, 6]	0.9082796573638916
9	1	13	2	[5, 8]	0.3568258285522461
9	5	13	2	[5, 8]	0.3146018981933594
9	10	13	2	[5, 8]	0.2915186882019043
9	15	13	2	[5, 8]	0.3286244869232178
9	20	13	2	[5, 8]	0.3068108558654785
9	25	13	3	[5, 8]	0.31152987480163574
9	1	36	7	[6, 10, 4, 7]	0.540827751159668
9	5	62	11	[6, 10, 6, 10, 4, 7]	0.514240026473999
9	10	36	7	[6, 10, 4, 7]	0.5366694927215576
9	15	36	7	[6, 10, 4, 7]	0.4637267589569092
9	20	36	7	[6, 10, 4, 7]	0.5719127655029297
9	25	36	8	[6, 10, 4, 7]	0.4343373775482178
9	1	18	4	[2, 9, 5]	0.47950267791748047
9	5	18	4	[2, 9, 5]	0.428666353225708
9	10	18	4	[2, 9, 5]	0.45266270637512207
9	15	18	4	[2, 9, 5]	0.3949007987976074
9	20	44	8	[2, 9, 2, 9, 5]	0.4168853759765625
9	25	18	4	[2, 9, 5]	0.35292816162109375
9	1	29	7	[8, 1, 2, 12]	0.4838292598724365
9	5	29	7	[8, 1, 2, 12]	0.49873948097229004
9	10	29	7	[8, 1, 2, 12]	0.42489147186279297
9	15	29	9	[8, 1, 2, 12]	0.4102187156677246
9	20	55	13	[8, 5, 8, 1, 2, 12]	0.4381415843963623
9	25	37	10	[8, 5, 9, 2, 12]	0.4302530288696289
9	1	46	8	[1, 2, 3, 6, 10]	0.9848165512084961
9	5	46	8	[1, 2, 3, 6, 10]	1.0636610984802246
9	10	60	13	[1, 8, 5, 9, 7, 4, 10]	1.0139884948730469
9	15	112	34	[1, 2, 1, 2, 12, 0, 11, 0, 11, 0, 9, 7, 4, 10]	0.8462026119232178
9	20	46	11	[1, 2, 3, 6, 10]	0.8803212642669678
9	25	46	11	[1, 2, 3, 6, 10]	0.8215291500091553
9	1	26	6	[5, 9, 2, 3]	0.5905890464782715
9	5	26	6	[5, 9, 2, 3]	0.5667784214019775
9	10	26	6	[5, 9, 2, 3]	0.5549428462982178
9	15	26	6	[5, 9, 2, 3]	0.5057251453399658
9	20	46	13	[5, 9, 2, 1, 2, 3]	0.544457197189331
9	25	26	8	[5, 9, 2, 3]	0.5752854347229004
9	1	30	7	[4, 7, 9, 2]	0.3944394588470459
9	5	30	7	[4, 7, 9, 2]	0.4994490146636963
9	10	30	7	[4, 7, 9, 2]	0.39612293243408203
9	15	30	7	[4, 7, 9, 2]	0.37236571311950684
9	20	52	12	[4, 7, 4, 7, 9, 2]	0.34056687355041504
9	25	40	12	[4, 7, 9, 5, 9, 2]	0.36681628227233887
9	1	31	6	[8, 1, 2, 3]	0.6385519504547119
9	5	31	6	[8, 1, 2, 3]	0.5144298076629639
9	10	31	6	[8, 1, 2, 3]	0.5608131885528564
9	15	31	8	[8, 1, 2, 3]	0.503293514251709
9	20	31	9	[8, 1, 2, 3]	0.4959392547607422
9	25	31	9	[8, 1, 2, 3]	0.48499464988708496
9	1	6	2	[11, 0]	0.08208513259887695
9	5	32	7	[11, 13, 11, 0]	0.08954763412475586
9	10	6	2	[11, 0]	0.0841827392578125
9	15	6	2	[11, 0]	0.0936739444732666
9	20	6	3	[11, 0]	0.08834314346313477
9	25	6	3	[11, 0]	0.0878598690032959
9	1	39	9	[6, 3, 2, 12, 0]	0.5284683704376221
9	5	39	9	[6, 3, 2, 12, 0]	0.5649592876434326
9	10	85	15	[6, 3, 6, 10, 4, 7, 9, 0]	0.4578831195831299
9	15	85	21	[6, 3, 2, 1, 8, 1, 2, 12, 0]	0.5010626316070557
9	20	39	9	[6, 3, 2, 12, 0]	0.47618961334228516
9	25	39	9	[6, 3, 2, 12, 0]	0.4501011371612549
9	1	13	2	[8, 5]	0.17204999923706055
9	5	13	2	[8, 5]	0.14797258377075195
9	10	13	2	[8, 5]	0.19160079956054688
9	15	13	2	[8, 5]	0.14220714569091797
9	20	13	2	[8, 5]	0.15735816955566406
9	25	13	2	[8, 5]	0.14049100875854492
10	1	42	10	[10, 4, 7, 9, 0]	2.360715627670288
10	5	42	10	[10, 4, 7, 9, 0]	2.578815221786499
10	10	52	14	[10, 4, 7, 9, 5, 9, 0]	2.515316963195801
10	15	42	10	[10, 4, 7, 9, 0]	2.2961344718933105
10	20	52	12	[10, 6, 3, 2, 12, 0]	2.279942512512207
10	25	52	13	[10, 6, 3, 2, 12, 0]	2.022469997406006
10	1	42	8	[6, 3, 2, 12, 11]	3.0208215713500977
10	5	42	8	[6, 3, 2, 12, 11]	2.918079376220703
10	10	42	9	[6, 3, 2, 12, 11]	2.9235854148864746
10	15	42	9	[6, 3, 2, 12, 11]	2.909027099609375
10	20	42	9	[6, 3, 2, 12, 11]	2.064877986907959
10	25	42	10	[6, 3, 2, 12, 11]	2.440793991088867
10	1	34	10	[10, 4, 7, 9, 5]	2.6452295780181885
10	5	34	10	[10, 4, 7, 9, 5]	2.3604495525360107
10	10	34	10	[10, 4, 7, 9, 5]	2.0774192810058594
10	15	34	10	[10, 4, 7, 9, 5]	2.3892717361450195
10	20	54	11	[10, 6, 3, 2, 9, 5]	2.703158378601074
10	25	54	11	[10, 6, 3, 2, 9, 5]	2.5172312259674072
10	1	23	4	[6, 3, 2]	1.1071991920471191
10	5	23	4	[6, 3, 2]	1.0813486576080322
10	10	23	4	[6, 3, 2]	0.9993674755096436
10	15	23	4	[6, 3, 2]	0.97713303565979
10	20	23	4	[6, 3, 2]	0.793468713760376
10	25	23	4	[6, 3, 2]	0.6310908794403076
10	1	57	15	[8, 5, 9, 5, 9, 7, 4, 10]	4.453150987625122
10	5	47	11	[8, 5, 9, 7, 4, 10]	4.8557164669036865
10	10	47	12	[8, 5, 9, 7, 4, 10]	4.367237567901611
10	15	47	12	[8, 5, 9, 7, 4, 10]	4.398825407028198
10	20	1876	10672	[8, 5, 9, 5, 9, 5, 9, 5, 9, 5, 9, 5, 9, 5, 9, 5, 9, 5, 9, 5, 9, 5, 9, 7, 9, 0, 11, 0, 13, 0, 11, 0, 11, 0, 11, 0, 11, 0, 11, 13, 11, 0, 9, 5, 9, 5, 9, 5, 9, 5, 9, 5, 9, 5, 9, 5, 9, 5, 9, 5, 9, 5, 8, 5, 9, 5, 9, 5, 9, 5, 9, 5, 9, 5, 8, 5, 9, 5, 9, 5, 9, 5, 9, 5, 9, 5, 9, 5, 9, 5, 9, 5, 9, 5, 9, 5, 9, 5, 9, 5, 9, 5, 9, 5, 9, 5, 9, 5, 9, 5, 9, 5, 9, 5, 9, 5, 9, 5, 8, 5, 9, 5, 9, 5, 9, 5, 9, 5, 9, 5, 9, 5, 9, 5, 9, 5, 9, 5, 9, 5, 9, 5, 9, 5, 9, 5, 8, 5, 9, 5, 9, 5, 9, 5, 9, 5, 9, 5, 9, 5, 9, 5, 9, 5, 9, 5, 9, 5, 8, 5, 9, 5, 9, 5, 9, 5, 9, 5, 9, 5, 9, 5, 9, 5, 9, 5, 9, 5, 9, 5, 9, 5, 9, 5, 9, 5, 9, 5, 9, 5, 9, 5, 9, 5, 8, 5, 9, 5, 9, 5, 9, 5, 9, 5, 9, 5, 9, 5, 9, 5, 9, 5, 9, 5, 9, 5, 9, 5, 9, 5, 9, 5, 9, 5, 9, 5, 9, 5, 9, 5, 9, 5, 9, 5, 9, 5, 9, 5, 9, 5, 9, 5, 9, 5, 9, 5, 9, 5, 9, 5, 9, 5, 9, 5, 9, 5, 9, 5, 9, 5, 9, 5, 9, 5, 9, 5, 9, 5, 9, 5, 9, 5, 9, 5, 9, 5, 9, 5, 9, 5, 9, 5, 9, 5, 9, 5, 9, 5, 9, 5, 9, 5, 9, 5, 9, 5, 9, 5, 9, 5, 9, 5, 9, 5, 9, 5, 9, 5, 9, 5, 9, 5, 9, 5, 9, 5, 9, 5, 9, 0, 11, 12, 2, 3, 6, 10]	17.131110429763794
10	25	643	237	[8, 5, 9, 5, 9, 5, 9, 5, 9, 5, 9, 5, 9, 5, 9, 5, 9, 5, 9, 5, 9, 5, 9, 5, 9, 5, 9, 5, 9, 5, 9, 5, 9, 5, 9, 5, 9, 5, 9, 5, 9, 5, 9, 5, 9, 5, 9, 5, 9, 5, 9, 5, 8, 5, 9, 5, 9, 5, 9, 5, 9, 5, 9, 5, 9, 5, 9, 5, 9, 5, 9, 5, 9, 5, 9, 5, 9, 5, 9, 5, 9, 5, 9, 5, 9, 5, 9, 5, 9, 5, 9, 5, 9, 5, 9, 5, 9, 5, 9, 5, 9, 5, 9, 5, 9, 5, 9, 5, 9, 5, 9, 5, 9, 5, 9, 2, 3, 6, 10]	16.26477575302124
10	1	27	6	[3, 2, 9, 7]	2.5511317253112793
10	5	27	6	[3, 2, 9, 7]	2.5332517623901367
10	10	27	7	[3, 2, 9, 7]	2.54984712600708
10	15	77	14	[3, 6, 10, 6, 10, 4, 7]	2.396533966064453
10	20	27	7	[3, 2, 9, 7]	2.234489917755127
10	25	27	7	[3, 2, 9, 7]	1.922548770904541
10	1	37	8	[11, 0, 9, 5, 8]	3.2562355995178223
10	5	37	8	[11, 0, 9, 5, 8]	3.862002372741699
10	10	37	8	[11, 0, 9, 5, 8]	2.8379435539245605
10	15	71	19	[11, 0, 9, 7, 4, 7, 9, 5, 8]	3.442166328430176
10	20	37	8	[11, 0, 9, 5, 8]	2.7128782272338867
10	25	37	9	[11, 0, 9, 5, 8]	2.892476797103882
10	1	13	2	[8, 1]	1.1831138134002686
10	5	13	2	[8, 1]	1.1606240272521973
10	10	13	2	[8, 1]	0.856691837310791
10	15	13	2	[8, 1]	0.8958168029785156
10	20	13	2	[8, 1]	0.9018909931182861
10	25	13	2	[8, 1]	0.8899884223937988
10	1	27	8	[7, 9, 2, 3]	2.7266056537628174
10	5	27	8	[7, 9, 2, 3]	2.7039270401000977
10	10	27	8	[7, 9, 2, 3]	2.4020965099334717
10	15	27	8	[7, 9, 2, 3]	2.5198936462402344
10	20	27	10004	[7, 9, 2, 3]	2.641366958618164
10	25	51	10006	[7, 4, 10, 6, 3]	2.0367071628570557
10	1	13	2	[0, 9]	0.8272905349731445
10	5	13	2	[0, 9]	0.9864544868469238
10	10	13	2	[0, 9]	0.7683651447296143
10	15	13	2	[0, 9]	0.8761129379272461
10	20	13	2	[0, 9]	0.9069700241088867
10	25	13	2	[0, 9]	0.8949258327484131
10	1	178	50	[5, 9, 5, 9, 5, 9, 5, 9, 0, 13, 0, 11, 0, 11, 12, 2, 9, 7, 9, 5, 9, 2, 3, 6]	4.4048051834106445
10	5	77	24	[5, 9, 5, 9, 5, 9, 5, 9, 7, 4, 10, 6]	4.723336458206177
10	10	51	13	[5, 9, 5, 9, 2, 3, 6]	4.789502382278442
10	15	41	9	[5, 9, 2, 3, 6]	4.132907152175903
10	20	113	26	[5, 8, 1, 8, 5, 9, 5, 9, 5, 9, 2, 3, 6]	4.646266937255859
10	25	51	13	[5, 9, 5, 9, 2, 3, 6]	3.560131311416626
10	1	19	5	[7, 9, 0]	1.5805256366729736
10	5	19	5	[7, 9, 0]	1.7487452030181885
10	10	19	5	[7, 9, 0]	1.6682465076446533
10	15	19	5	[7, 9, 0]	1.560486078262329
10	20	19	10001	[7, 9, 0]	2.2709555625915527
10	25	119	10025	[7, 4, 10, 4, 10, 6, 3, 2, 1, 2, 12, 0]	2.1663029193878174
10	1	40	9	[1, 2, 9, 7, 4]	3.7283058166503906
10	5	40	9	[1, 2, 9, 7, 4]	3.2975170612335205
10	10	40	10	[1, 2, 9, 7, 4]	3.2512009143829346
10	15	40	10	[1, 2, 9, 7, 4]	3.3375961780548096
10	20	58	12	[1, 2, 3, 6, 10, 4]	14.417775869369507
10	25	826	299	[1, 2, 12, 0, 11, 0, 11, 0, 11, 0, 13, 0, 11, 0, 11, 0, 11, 0, 9, 5, 9, 5, 9, 5, 9, 5, 9, 5, 9, 5, 9, 5, 9, 5, 9, 5, 9, 5, 9, 5, 9, 5, 9, 5, 9, 5, 9, 5, 9, 5, 9, 5, 9, 5, 9, 5, 9, 5, 9, 5, 9, 5, 9, 5, 9, 5, 8, 5, 9, 5, 9, 5, 9, 5, 9, 5, 9, 5, 9, 5, 9, 5, 9, 5, 9, 5, 9, 5, 9, 5, 9, 5, 9, 5, 9, 5, 9, 5, 9, 5, 9, 5, 9, 5, 9, 5, 8, 5, 9, 5, 9, 5, 9, 5, 9, 5, 9, 5, 9, 5, 9, 5, 9, 5, 9, 5, 9, 5, 9, 5, 9, 5, 9, 5, 9, 5, 9, 5, 9, 2, 3, 6, 10, 4]	10.948397874832153
10	1	42	8	[6, 3, 2, 12, 11]	2.7559127807617188
10	5	42	8	[6, 3, 2, 12, 11]	2.7514727115631104
10	10	42	9	[6, 3, 2, 12, 11]	2.940488815307617
10	15	42	9	[6, 3, 2, 12, 11]	2.773115634918213
10	20	42	9	[6, 3, 2, 12, 11]	2.332413911819458
10	25	42	10	[6, 3, 2, 12, 11]	2.2798914909362793
10	1	37	8	[8, 5, 9, 0, 11]	2.784606695175171
10	5	37	8	[8, 5, 9, 0, 11]	2.5156431198120117
10	10	37	8	[8, 5, 9, 0, 11]	2.46934175491333
10	15	37	8	[8, 5, 9, 0, 11]	2.640684127807617
10	20	37	8	[8, 5, 9, 0, 11]	2.2039847373962402
10	25	37	8	[8, 5, 9, 0, 11]	2.1351187229156494
10	1	93	30	[5, 9, 5, 9, 7, 9, 5, 9, 5, 9, 5, 9, 2, 3, 6]	4.504244327545166
10	5	194	52	[5, 9, 5, 9, 7, 9, 5, 9, 5, 9, 2, 9, 0, 11, 13, 11, 0, 13, 0, 11, 12, 2, 3, 6]	4.4175825119018555
10	10	81	22	[5, 9, 5, 9, 7, 4, 10, 4, 10, 6]	4.2703697681427
10	15	51	13	[5, 9, 5, 9, 2, 3, 6]	3.882416248321533
10	20	51	13	[5, 9, 5, 9, 2, 3, 6]	4.318315505981445
10	25	51	13	[5, 9, 5, 9, 2, 3, 6]	4.144389390945435
10	1	36	7	[9, 2, 3, 6]	4.8645219802856445
10	5	148	41	[9, 5, 9, 5, 9, 5, 9, 0, 13, 0, 11, 0, 9, 5, 9, 7, 9, 2, 3, 6]	5.053792238235474
10	10	82	27	[9, 5, 9, 5, 9, 5, 9, 5, 9, 7, 4, 10, 6]	4.760707855224609
10	15	42	11	[9, 7, 4, 10, 6]	5.382272720336914
10	20	46	11	[9, 5, 9, 2, 3, 6]	4.666883707046509
10	25	56	15	[9, 5, 9, 5, 9, 2, 3, 6]	4.977220296859741
10	1	23	4	[8, 1, 2]	1.3864789009094238
10	5	23	4	[8, 1, 2]	1.4594213962554932
10	10	23	4	[8, 1, 2]	1.2805838584899902
10	15	49	8	[8, 1, 8, 1, 2]	1.1452922821044922
10	20	23	5	[8, 1, 2]	1.0259904861450195
10	25	23	6	[8, 1, 2]	0.9111647605895996
10	1	29	7	[13, 0, 9, 5]	2.134943723678589
10	5	29	7	[13, 0, 9, 5]	2.143548011779785
10	10	29	7	[13, 0, 9, 5]	2.148488998413086
10	15	29	7	[13, 0, 9, 5]	1.655287265777588
10	20	29	7	[13, 0, 9, 5]	1.9752025604248047
10	25	29	7	[13, 0, 9, 5]	1.6524498462677002
10	1	36	9	[4, 7, 9, 0, 11]	2.758108377456665
10	5	36	9	[4, 7, 9, 0, 11]	2.74871826171875
10	10	36	9	[4, 7, 9, 0, 11]	2.527592897415161
10	15	36	9	[4, 7, 9, 0, 11]	2.5400266647338867
10	20	67	14	[4, 10, 6, 3, 2, 12, 11]	2.207113265991211
10	25	67	15	[4, 10, 6, 3, 2, 12, 11]	2.336883306503296
