Num of Nodes	BW	Delay	Num of Hops	Path	Execution Time (seconds)
5	1	40	9	[3, 2, 12, 11, 13]	0.024384498596191406
5	5	55	13	[3, 2, 1, 2, 12, 0, 13]	0.02379441261291504
5	10	40	9	[3, 2, 12, 11, 13]	0.02284526824951172
5	15	94	20	[3, 2, 1, 8, 5, 9, 2, 12, 11, 13]	0.02351546287536621
5	20	35	9	[3, 2, 12, 0, 13]	0.023134708404541016
5	25	35	9	[3, 2, 12, 0, 13]	0.022564411163330078
5	1	11	2	[0, 13]	0.01116037368774414
5	5	11	2	[0, 13]	0.010966300964355469
5	10	11	2	[0, 13]	0.011358261108398438
5	15	11	2	[0, 13]	0.011487960815429688
5	20	11	2	[0, 13]	0.011078119277954102
5	25	11	2	[0, 13]	0.010835409164428711
5	1	22	7	[4, 7, 9, 5]	0.014518022537231445
5	5	22	7	[4, 7, 9, 5]	0.014407157897949219
5	10	22	7	[4, 7, 9, 5]	0.013954877853393555
5	15	22	7	[4, 7, 9, 5]	0.01330256462097168
5	20	22	7	[4, 7, 9, 5]	0.01303410530090332
5	25	22	7	[4, 7, 9, 5]	0.013172149658203125
5	1	76	18	[10, 4, 10, 6, 3, 2, 12, 0]	0.017036914825439453
5	5	52	12	[10, 6, 3, 2, 12, 0]	0.016893625259399414
5	10	42	10	[10, 4, 7, 9, 0]	0.016546010971069336
5	15	42	10	[10, 4, 7, 9, 0]	0.015896320343017578
5	20	42	10	[10, 4, 7, 9, 0]	0.016870498657226562
5	25	42	10	[10, 4, 7, 9, 0]	0.015597105026245117
5	1	31	8	[12, 2, 12, 2, 9]	0.009678840637207031
5	5	32	6	[12, 11, 0, 9]	0.009776115417480469
5	10	19	4	[12, 2, 9]	0.009855508804321289
5	15	19	4	[12, 2, 9]	0.009782552719116211
5	20	19	4	[12, 2, 9]	0.009497642517089844
5	25	19	4	[12, 2, 9]	0.009461164474487305
5	1	41	11	[12, 2, 12, 2, 3, 6]	0.02402949333190918
5	5	29	7	[12, 2, 3, 6]	0.023882150650024414
5	10	29	7	[12, 2, 3, 6]	0.022802352905273438
5	15	29	8	[12, 2, 3, 6]	0.022272825241088867
5	20	29	8	[12, 2, 3, 6]	0.020988941192626953
5	25	29	9	[12, 2, 3, 6]	0.022306442260742188
5	1	28	5	[3, 6, 10]	0.0211484432220459
5	5	28	5	[3, 6, 10]	0.02071404457092285
5	10	28	5	[3, 6, 10]	0.01929783821105957
5	15	28	5	[3, 6, 10]	0.019818544387817383
5	20	28	5	[3, 6, 10]	0.01887822151184082
5	25	28	5	[3, 6, 10]	0.018210887908935547
5	1	24	6	[11, 0, 9, 5]	0.016040325164794922
5	5	24	6	[11, 0, 9, 5]	0.016869068145751953
5	10	24	6	[11, 0, 9, 5]	0.016078710556030273
5	15	24	6	[11, 0, 9, 5]	0.015022039413452148
5	20	24	6	[11, 0, 9, 5]	0.01855778694152832
5	25	24	6	[11, 0, 9, 5]	0.016491413116455078
5	1	51	13	[0, 11, 0, 12, 2, 3, 6]	0.034058332443237305
5	5	39	9	[0, 12, 2, 3, 6]	0.027983427047729492
5	10	48	12	[0, 11, 12, 2, 3, 6]	0.02883124351501465
5	15	49	10	[0, 9, 2, 3, 6]	0.025943756103515625
5	20	39	10	[0, 12, 2, 3, 6]	0.02701878547668457
5	25	95	22	[0, 11, 13, 0, 9, 5, 9, 7, 4, 10, 6]	0.026169300079345703
5	1	42	9	[6, 3, 2, 9, 7]	0.016722440719604492
5	5	36	8	[6, 10, 4, 7]	0.017320632934570312
5	10	42	9	[6, 3, 2, 9, 7]	0.016596078872680664
5	15	36	8	[6, 10, 4, 7]	0.016304492950439453
5	20	58	15	[6, 3, 2, 3, 2, 9, 7]	0.01691746711730957
5	25	36	8	[6, 10, 4, 7]	0.017360687255859375
5	1	24	7	[8, 5, 9, 7]	0.01656174659729004
5	5	24	7	[8, 5, 9, 7]	0.016434431076049805
5	10	24	7	[8, 5, 9, 7]	0.01808953285217285
5	15	24	7	[8, 5, 9, 7]	0.01571178436279297
5	20	24	8	[8, 5, 9, 7]	0.015376091003417969
5	25	50	14	[8, 5, 8, 5, 9, 7]	0.015185117721557617
5	1	34	9	[5, 9, 7, 4, 10]	0.029349565505981445
5	5	34	9	[5, 9, 7, 4, 10]	0.02671957015991211
5	10	34	9	[5, 9, 7, 4, 10]	0.02613353729248047
5	15	34	9	[5, 9, 7, 4, 10]	0.026868343353271484
5	20	34	9	[5, 9, 7, 4, 10]	0.024685382843017578
5	25	34	9	[5, 9, 7, 4, 10]	0.02424907684326172
5	1	36	8	[6, 10, 4, 7]	0.017852783203125
5	5	36	8	[6, 10, 4, 7]	0.0170745849609375
5	10	36	8	[6, 10, 4, 7]	0.01655435562133789
5	15	36	8	[6, 10, 4, 7]	0.016193389892578125
5	20	36	8	[6, 10, 4, 7]	0.015496253967285156
5	25	42	9	[6, 3, 2, 9, 7]	0.015221357345581055
5	1	37	8	[11, 0, 9, 5, 8]	0.03355264663696289
5	5	37	8	[11, 0, 9, 5, 8]	0.029448986053466797
5	10	37	8	[11, 0, 9, 5, 8]	0.02554798126220703
5	15	37	8	[11, 0, 9, 5, 8]	0.022324800491333008
5	20	37	8	[11, 0, 9, 5, 8]	0.02405261993408203
5	25	47	12	[11, 0, 9, 5, 9, 5, 8]	0.0228574275970459
5	1	58	13	[13, 11, 0, 12, 2, 3, 6]	0.029098033905029297
5	5	50	11	[13, 0, 12, 2, 3, 6]	0.028932571411132812
5	10	50	11	[13, 0, 12, 2, 3, 6]	0.029685258865356445
5	15	50	12	[13, 0, 12, 2, 3, 6]	0.02606058120727539
5	20	50	12	[13, 0, 12, 2, 3, 6]	0.02865886688232422
5	25	50	13	[13, 0, 12, 2, 3, 6]	0.026832103729248047
5	1	33	7	[1, 2, 3, 6]	0.023011207580566406
5	5	33	7	[1, 2, 3, 6]	0.022707700729370117
5	10	33	7	[1, 2, 3, 6]	0.023557662963867188
5	15	33	8	[1, 2, 3, 6]	0.020498275756835938
5	20	33	8	[1, 2, 3, 6]	0.02038717269897461
5	25	33	9	[1, 2, 3, 6]	0.02005147933959961
5	1	19	4	[9, 0, 11]	0.01260066032409668
5	5	19	4	[9, 0, 11]	0.01466679573059082
5	10	19	4	[9, 0, 11]	0.01287531852722168
5	15	19	4	[9, 0, 11]	0.012766122817993164
5	20	19	4	[9, 0, 11]	0.013303518295288086
5	25	19	4	[9, 0, 11]	0.013636112213134766
5	1	27	7	[11, 12, 2, 3]	0.02050614356994629
5	5	30	8	[11, 0, 12, 2, 3]	0.01956915855407715
5	10	68	15	[11, 0, 9, 5, 8, 1, 2, 3]	0.01864933967590332
5	15	53	12	[11, 13, 11, 12, 2, 3]	0.016968250274658203
5	20	27	8	[11, 12, 2, 3]	0.017429113388061523
5	25	30	10	[11, 0, 12, 2, 3]	0.01745891571044922
5	1	30	7	[4, 7, 9, 2]	0.012759923934936523
5	5	30	7	[4, 7, 9, 2]	0.012481451034545898
5	10	30	7	[4, 7, 9, 2]	0.013441324234008789
5	15	30	7	[4, 7, 9, 2]	0.011380910873413086
5	20	30	7	[4, 7, 9, 2]	0.011464595794677734
5	25	48	11	[4, 10, 6, 3, 2]	0.01163482666015625
5	1	36	9	[4, 7, 9, 0, 11]	0.017617225646972656
5	5	36	9	[4, 7, 9, 0, 11]	0.018195629119873047
5	10	36	9	[4, 7, 9, 0, 11]	0.01866459846496582
5	15	36	9	[4, 7, 9, 0, 11]	0.019369125366210938
5	20	36	9	[4, 7, 9, 0, 11]	0.01781630516052246
5	25	36	9	[4, 7, 9, 0, 11]	0.019063234329223633
6	1	78	14	[6, 3, 2, 12, 11, 12, 0, 9]	0.018565654754638672
6	5	36	6	[6, 3, 2, 9]	0.017686128616333008
6	10	36	6	[6, 3, 2, 9]	0.01879572868347168
6	15	36	6	[6, 3, 2, 9]	0.0167694091796875
6	20	42	8	[6, 10, 4, 7, 9]	0.015348196029663086
6	25	36	6	[6, 3, 2, 9]	0.014528751373291016
6	1	25	6	[12, 2, 9, 7]	0.024491071701049805
6	5	25	6	[12, 2, 9, 7]	0.024541378021240234
6	10	25	6	[12, 2, 9, 7]	0.023719072341918945
6	15	25	8	[12, 2, 9, 7]	0.022295236587524414
6	20	41	12	[12, 2, 3, 2, 9, 7]	0.0363619327545166
6	25	29	7	[12, 0, 9, 7]	0.01766061782836914
6	1	58	10	[1, 2, 3, 6, 10, 4]	0.03783679008483887
6	5	40	8	[1, 2, 9, 7, 4]	0.03656005859375
6	10	40	10	[1, 2, 9, 7, 4]	0.03644299507141113
6	15	40	10	[1, 2, 9, 7, 4]	0.03557300567626953
6	20	48	10008	[1, 8, 5, 9, 7, 4]	0.03021717071533203
6	25	84	10011	[1, 2, 3, 6, 10, 6, 10, 4]	0.028335094451904297
6	1	11	2	[7, 4]	0.014595746994018555
6	5	11	2	[7, 4]	0.013494491577148438
6	10	11	2	[7, 4]	0.016123533248901367
6	15	11	2	[7, 4]	0.014284849166870117
6	20	11	2	[7, 4]	0.013239145278930664
6	25	11	2	[7, 4]	0.014347553253173828
6	1	5	2	[9, 5]	0.009571075439453125
6	5	5	2	[9, 5]	0.009651660919189453
6	10	5	2	[9, 5]	0.00879049301147461
6	15	5	2	[9, 5]	0.009167194366455078
6	20	5	2	[9, 5]	0.010384559631347656
6	25	5	2	[9, 5]	0.007649660110473633
6	1	26	6	[3, 2, 9, 5]	0.022378921508789062
6	5	26	6	[3, 2, 9, 5]	0.023130416870117188
6	10	26	6	[3, 2, 9, 5]	0.023599624633789062
6	15	26	6	[3, 2, 9, 5]	0.02178668975830078
6	20	26	6	[3, 2, 9, 5]	0.022385358810424805
6	25	26	6	[3, 2, 9, 5]	0.022820234298706055
6	1	15	2	[6, 3]	0.00876307487487793
6	5	15	2	[6, 3]	0.010227441787719727
6	10	15	2	[6, 3]	0.008682012557983398
6	15	15	2	[6, 3]	0.009350061416625977
6	20	15	2	[6, 3]	0.009076833724975586
6	25	15	2	[6, 3]	0.011203765869140625
6	1	35	8	[13, 0, 12, 2, 3]	0.03170514106750488
6	5	35	8	[13, 0, 12, 2, 3]	0.02832627296447754
6	10	44	10	[13, 0, 11, 12, 2, 3]	0.030263662338256836
6	15	40	10007	[13, 11, 12, 2, 3]	0.028218984603881836
6	20	43	10009	[13, 11, 0, 12, 2, 3]	0.02643585205078125
6	25	111	10019	[13, 11, 0, 9, 7, 4, 10, 4, 7, 9, 2, 3]	0.033287763595581055
6	1	127	29	[8, 5, 9, 0, 11, 12, 0, 11, 0, 12, 2, 3, 2, 3, 6]	0.04243731498718262
6	5	46	8	[8, 1, 2, 3, 6]	0.03776383399963379
6	10	66	16	[8, 1, 2, 1, 2, 3, 6]	0.0364069938659668
6	15	110	25	[8, 1, 2, 9, 5, 9, 7, 4, 7, 4, 10, 6]	0.036046743392944336
6	20	66	15	[8, 5, 9, 7, 9, 2, 3, 6]	0.034366607666015625
6	25	54	11	[8, 5, 9, 2, 3, 6]	0.037917375564575195
6	1	16	4	[0, 12, 2]	0.016495227813720703
6	5	16	4	[0, 12, 2]	0.015792131423950195
6	10	16	4	[0, 12, 2]	0.01596355438232422
6	15	16	6	[0, 12, 2]	0.015743017196655273
6	20	16	6	[0, 12, 2]	0.013879060745239258
6	25	26	4	[0, 9, 2]	0.020565271377563477
6	1	42	8	[10, 4, 7, 9, 0]	0.025348186492919922
6	5	42	8	[10, 4, 7, 9, 0]	0.025287866592407227
6	10	42	8	[10, 4, 7, 9, 0]	0.024342060089111328
6	15	42	8	[10, 4, 7, 9, 0]	0.022582530975341797
6	20	42	8	[10, 4, 7, 9, 0]	0.0208587646484375
6	25	42	8	[10, 4, 7, 9, 0]	0.02073526382446289
6	1	5	3	[5, 9]	0.003090381622314453
6	5	5	3	[5, 9]	0.0032339096069335938
6	10	5	3	[5, 9]	0.0030078887939453125
6	15	5	3	[5, 9]	0.0030074119567871094
6	20	5	3	[5, 9]	0.0026738643646240234
6	25	5	3	[5, 9]	0.003131389617919922
6	1	31	6	[8, 1, 2, 3]	0.02415752410888672
6	5	31	6	[8, 1, 2, 3]	0.025633573532104492
6	10	31	8	[8, 1, 2, 3]	0.02645730972290039
6	15	31	8	[8, 1, 2, 3]	0.02272963523864746
6	20	39	9	[8, 5, 9, 2, 3]	0.043486595153808594
6	25	39	9	[8, 5, 9, 2, 3]	0.02532649040222168
6	1	29	7	[5, 9, 0, 13]	0.029849767684936523
6	5	29	7	[5, 9, 0, 13]	0.030035018920898438
6	10	29	7	[5, 9, 0, 13]	0.02925848960876465
6	15	87	19	[5, 9, 7, 4, 10, 4, 7, 9, 0, 13]	0.030492067337036133
6	20	29	7	[5, 9, 0, 13]	0.0261838436126709
6	25	29	7	[5, 9, 0, 13]	0.027352094650268555
6	1	29	6	[13, 0, 9, 5]	0.022483348846435547
6	5	29	6	[13, 0, 9, 5]	0.022072315216064453
6	10	29	6	[13, 0, 9, 5]	0.02263665199279785
6	15	29	10003	[13, 0, 9, 5]	0.02222442626953125
6	20	29	10003	[13, 0, 9, 5]	0.019969701766967773
6	25	29	10003	[13, 0, 9, 5]	0.018148422241210938
6	1	5	3	[5, 9]	0.0037012100219726562
6	5	5	3	[5, 9]	0.003407716751098633
6	10	5	3	[5, 9]	0.0034868717193603516
6	15	5	3	[5, 9]	0.0033164024353027344
6	20	5	3	[5, 9]	0.0030825138092041016
6	25	5	3	[5, 9]	0.003010272979736328
6	1	46	8	[6, 3, 2, 1, 8]	0.03487873077392578
6	5	46	8	[6, 3, 2, 1, 8]	0.03198504447937012
6	10	72	14	[6, 10, 6, 3, 2, 1, 8]	0.03215217590332031
6	15	46	10	[6, 3, 2, 1, 8]	0.030822277069091797
6	20	66	17	[6, 3, 2, 12, 2, 9, 5, 8]	0.03939390182495117
6	25	54	11	[6, 3, 2, 9, 5, 8]	0.034020185470581055
6	1	29	6	[1, 2, 9, 7]	0.023079633712768555
6	5	29	6	[1, 2, 9, 7]	0.026157379150390625
6	10	29	8	[1, 2, 9, 7]	0.028449535369873047
6	15	29	8	[1, 2, 9, 7]	0.02100849151611328
6	20	63	10011	[1, 8, 5, 8, 5, 9, 7]	0.020664453506469727
6	25	29	10003	[1, 2, 9, 7]	0.019412755966186523
6	1	21	4	[9, 2, 3]	0.02254009246826172
6	5	21	4	[9, 2, 3]	0.023889780044555664
6	10	21	4	[9, 2, 3]	0.02739405632019043
6	15	21	4	[9, 2, 3]	0.025002479553222656
6	20	21	4	[9, 2, 3]	0.023467063903808594
6	25	75	20009	[9, 2, 1, 8, 5, 9, 2, 3]	0.024097442626953125
6	1	27	6	[3, 2, 12, 11]	0.029202699661254883
6	5	27	6	[3, 2, 12, 11]	0.026818513870239258
6	10	27	6	[3, 2, 12, 11]	0.024483203887939453
6	15	27	6	[3, 2, 12, 11]	0.029014110565185547
6	20	27	6	[3, 2, 12, 11]	0.024973154067993164
6	25	27	7	[3, 2, 12, 11]	0.03183150291442871
7	1	31	7	[3, 2, 1, 8]	0.051697492599487305
7	5	31	7	[3, 2, 1, 8]	0.05124616622924805
7	10	31	7	[3, 2, 1, 8]	0.040839433670043945
7	15	31	7	[3, 2, 1, 8]	0.03633618354797363
7	20	31	7	[3, 2, 1, 8]	0.036005258560180664
7	25	31	7	[3, 2, 1, 8]	0.03394508361816406
7	1	25	7	[7, 9, 2, 12]	0.02780294418334961
7	5	25	7	[7, 9, 2, 12]	0.027736663818359375
7	10	25	7	[7, 9, 2, 12]	0.027666807174682617
7	15	25	7	[7, 9, 2, 12]	0.028204917907714844
7	20	25	7	[7, 9, 2, 12]	0.02946925163269043
7	25	25	7	[7, 9, 2, 12]	0.026903152465820312
7	1	18	5	[8, 5, 9]	0.01345372200012207
7	5	18	5	[8, 5, 9]	0.014325380325317383
7	10	18	5	[8, 5, 9]	0.01381373405456543
7	15	18	5	[8, 5, 9]	0.013289451599121094
7	20	18	5	[8, 5, 9]	0.013428449630737305
7	25	18	5	[8, 5, 9]	0.020672321319580078
7	1	36	8	[7, 4, 10, 6]	0.04821443557739258
7	5	36	8	[7, 4, 10, 6]	0.04502725601196289
7	10	36	8	[7, 4, 10, 6]	0.04575228691101074
7	15	36	8	[7, 4, 10, 6]	0.04434084892272949
7	20	36	8	[7, 4, 10, 6]	0.042131662368774414
7	25	36	8	[7, 4, 10, 6]	0.0428469181060791
7	1	52	10	[3, 2, 9, 2, 9, 5]	0.033403635025024414
7	5	26	6	[3, 2, 9, 5]	0.03346109390258789
7	10	26	6	[3, 2, 9, 5]	0.032547712326049805
7	15	26	6	[3, 2, 9, 5]	0.030714035034179688
7	20	26	6	[3, 2, 9, 5]	0.030356168746948242
7	25	26	6	[3, 2, 9, 5]	0.029664039611816406
7	1	29	7	[7, 9, 2, 1]	0.03816843032836914
7	5	29	7	[7, 9, 2, 1]	0.03927350044250488
7	10	29	7	[7, 9, 2, 1]	0.034956932067871094
7	15	29	7	[7, 9, 2, 1]	0.036377906799316406
7	20	29	7	[7, 9, 2, 1]	0.03400254249572754
7	25	29	7	[7, 9, 2, 1]	0.032503604888916016
7	1	25	7	[12, 2, 9, 7]	0.031199932098388672
7	5	25	7	[12, 2, 9, 7]	0.030407428741455078
7	10	25	7	[12, 2, 9, 7]	0.029629945755004883
7	15	37	12	[12, 2, 12, 2, 9, 7]	0.030252695083618164
7	20	25	7	[12, 2, 9, 7]	0.030673742294311523
7	25	25	8	[12, 2, 9, 7]	0.02976846694946289
7	1	26	7	[0, 12, 2, 1]	0.03905987739562988
7	5	26	7	[0, 12, 2, 1]	0.03770899772644043
7	10	26	7	[0, 12, 2, 1]	0.03602790832519531
7	15	26	7	[0, 12, 2, 1]	0.033889055252075195
7	20	26	7	[0, 12, 2, 1]	0.03468680381774902
7	25	26	8	[0, 12, 2, 1]	0.031181812286376953
7	1	42	9	[11, 12, 2, 3, 6]	0.05894136428833008
7	5	85	17	[11, 13, 0, 13, 0, 12, 2, 3, 6]	0.05533456802368164
7	10	93	20	[11, 0, 13, 11, 13, 0, 12, 2, 3, 6]	0.0517270565032959
7	15	42	10	[11, 12, 2, 3, 6]	0.054525136947631836
7	20	87	18	[11, 13, 11, 0, 9, 7, 4, 10, 6]	0.05396127700805664
7	25	42	11	[11, 12, 2, 3, 6]	0.05527806282043457
7	1	19	4	[11, 0, 9]	0.020544052124023438
7	5	19	4	[11, 0, 9]	0.019733905792236328
7	10	35	9	[11, 0, 12, 2, 9]	0.01883411407470703
7	15	19	4	[11, 0, 9]	0.019383668899536133
7	20	19	4	[11, 0, 9]	0.02463245391845703
7	25	19	4	[11, 0, 9]	0.020082473754882812
7	1	18	5	[1, 2, 3]	0.025977373123168945
7	5	18	5	[1, 2, 3]	0.07244324684143066
7	10	18	6	[1, 2, 3]	0.034613847732543945
7	15	18	6	[1, 2, 3]	0.025285720825195312
7	20	18	6	[1, 2, 3]	0.026188135147094727
7	25	18	6	[1, 2, 3]	0.03107595443725586
7	1	34	10	[10, 4, 7, 9, 5]	0.03493380546569824
7	5	56	16	[10, 4, 7, 4, 7, 9, 5]	0.05037736892700195
7	10	34	10	[10, 4, 7, 9, 5]	0.04410552978515625
7	15	34	10	[10, 4, 7, 9, 5]	0.03421306610107422
7	20	34	10	[10, 4, 7, 9, 5]	0.03311419486999512
7	25	34	10	[10, 4, 7, 9, 5]	0.03086996078491211
7	1	18	4	[2, 9, 5]	0.02835226058959961
7	5	18	4	[2, 9, 5]	0.028044939041137695
7	10	18	4	[2, 9, 5]	0.02844405174255371
7	15	18	4	[2, 9, 5]	0.03128170967102051
7	20	18	4	[2, 9, 5]	0.029092073440551758
7	25	18	4	[2, 9, 5]	0.02727055549621582
7	1	13	2	[9, 2]	0.016392230987548828
7	5	13	2	[9, 2]	0.017676353454589844
7	10	13	2	[9, 2]	0.015634536743164062
7	15	13	2	[9, 2]	0.015153646469116211
7	20	13	2	[9, 2]	0.015555381774902344
7	25	13	2	[9, 2]	0.014373064041137695
7	1	24	6	[11, 0, 9, 5]	0.032250165939331055
7	5	24	6	[11, 0, 9, 5]	0.032384395599365234
7	10	24	6	[11, 0, 9, 5]	0.030296802520751953
7	15	24	6	[11, 0, 9, 5]	0.030674457550048828
7	20	24	6	[11, 0, 9, 5]	0.030290603637695312
7	25	24	6	[11, 0, 9, 5]	0.028795242309570312
7	1	28	4	[3, 6, 10]	0.03874063491821289
7	5	28	4	[3, 6, 10]	0.037886857986450195
7	10	28	4	[3, 6, 10]	0.03940868377685547
7	15	58	8	[3, 6, 3, 6, 10]	0.03896951675415039
7	20	28	4	[3, 6, 10]	0.038127899169921875
7	25	28	4	[3, 6, 10]	0.036408424377441406
7	1	24	8	[5, 9, 0, 11]	0.032898902893066406
7	5	24	8	[5, 9, 0, 11]	0.031027555465698242
7	10	24	8	[5, 9, 0, 11]	0.029325485229492188
7	15	24	8	[5, 9, 0, 11]	0.028973102569580078
7	20	24	8	[5, 9, 0, 11]	0.02769947052001953
7	25	34	13	[5, 9, 5, 9, 0, 11]	0.02850031852722168
7	1	88	21	[10, 6, 10, 4, 7, 9, 5, 9, 0, 12]	0.03182363510131836
7	5	42	8	[10, 6, 3, 2, 12]	0.03220558166503906
7	10	42	8	[10, 6, 3, 2, 12]	0.030852317810058594
7	15	42	8	[10, 6, 3, 2, 12]	0.03044295310974121
7	20	66	13	[10, 4, 10, 6, 3, 2, 12]	0.031499624252319336
7	25	58	17	[10, 4, 7, 9, 5, 9, 2, 12]	0.030924558639526367
7	1	184	49	[5, 9, 7, 4, 10, 4, 7, 9, 0, 11, 0, 13, 11, 13, 0, 12, 0, 11, 0, 12, 2]	0.01928091049194336
7	5	18	5	[5, 9, 2]	0.018999099731445312
7	10	18	5	[5, 9, 2]	0.018671512603759766
7	15	18	5	[5, 9, 2]	0.019415616989135742
7	20	18	5	[5, 9, 2]	0.018703937530517578
7	25	18	5	[5, 9, 2]	0.01729750633239746
7	1	18	4	[3, 2, 1]	0.02851581573486328
7	5	18	4	[3, 2, 1]	0.02696704864501953
7	10	18	4	[3, 2, 1]	0.02356576919555664
7	15	18	4	[3, 2, 1]	0.022662639617919922
7	20	18	4	[3, 2, 1]	0.024049997329711914
7	25	18	4	[3, 2, 1]	0.021203041076660156
8	1	10	2	[12, 0]	0.0438542366027832
8	5	10	2	[12, 0]	0.0454554557800293
8	10	10	2	[12, 0]	0.04951333999633789
8	15	10	2	[12, 0]	0.04401683807373047
8	20	10	2	[12, 0]	0.05146431922912598
8	25	10	2	[12, 0]	0.05371737480163574
8	1	29	6	[13, 0, 9, 5]	0.14875221252441406
8	5	29	6	[13, 0, 9, 5]	0.15180444717407227
8	10	29	6	[13, 0, 9, 5]	0.15179705619812012
8	15	51	10	[13, 0, 13, 0, 9, 5]	0.16310334205627441
8	20	29	6	[13, 0, 9, 5]	0.1525254249572754
8	25	29	6	[13, 0, 9, 5]	0.15878868103027344
8	1	23	5	[2, 1, 8]	0.16083240509033203
8	5	23	5	[2, 1, 8]	0.15174198150634766
8	10	23	5	[2, 1, 8]	0.1536269187927246
8	15	39	10	[2, 3, 2, 1, 8]	0.15334653854370117
8	20	23	5	[2, 1, 8]	0.1441044807434082
8	25	23	5	[2, 1, 8]	0.1542525291442871
8	1	53	10	[10, 4, 7, 9, 0, 13]	0.2449965476989746
8	5	73	14	[10, 4, 7, 9, 0, 12, 0, 13]	0.22033071517944336
8	10	79	17	[10, 6, 3, 2, 3, 2, 12, 0, 13]	0.23942899703979492
8	15	53	10	[10, 4, 7, 9, 0, 13]	0.2242281436920166
8	20	79	14	[10, 6, 10, 4, 7, 9, 0, 13]	0.22126054763793945
8	25	53	11	[10, 4, 7, 9, 0, 13]	0.2275686264038086
8	1	26	4	[5, 8, 1]	0.13715100288391113
8	5	26	4	[5, 8, 1]	0.1381673812866211
8	10	26	6	[5, 8, 1]	0.13692259788513184
8	15	26	6	[5, 8, 1]	0.1260547637939453
8	20	26	6	[5, 8, 1]	0.12674403190612793
8	25	26	6	[5, 8, 1]	0.13767385482788086
8	1	41	8	[13, 0, 9, 7, 4]	0.23912286758422852
8	5	41	8	[13, 0, 9, 7, 4]	0.24230170249938965
8	10	41	8	[13, 0, 9, 7, 4]	0.2188107967376709
8	15	41	8	[13, 0, 9, 7, 4]	0.2102067470550537
8	20	49	10	[13, 11, 0, 9, 7, 4]	0.23867583274841309
8	25	41	8	[13, 0, 9, 7, 4]	0.2244877815246582
8	1	36	6	[6, 10, 4, 7]	0.13849472999572754
8	5	62	10	[6, 10, 6, 10, 4, 7]	0.15497088432312012
8	10	36	6	[6, 10, 4, 7]	0.13374638557434082
8	15	36	6	[6, 10, 4, 7]	0.12470221519470215
8	20	36	6	[6, 10, 4, 7]	0.1269969940185547
8	25	36	6	[6, 10, 4, 7]	0.12508201599121094
8	1	13	2	[0, 9]	0.07928752899169922
8	5	13	2	[0, 9]	0.08564162254333496
8	10	13	2	[0, 9]	0.08242154121398926
8	15	13	2	[0, 9]	0.061650991439819336
8	20	13	2	[0, 9]	0.06093001365661621
8	25	13	2	[0, 9]	0.06066775321960449
8	1	19	4	[9, 2, 12]	0.10462737083435059
8	5	19	4	[9, 2, 12]	0.10934734344482422
8	10	19	4	[9, 2, 12]	0.10780835151672363
8	15	19	4	[9, 2, 12]	0.09904623031616211
8	20	19	4	[9, 2, 12]	0.10464620590209961
8	25	19	5	[9, 2, 12]	0.0952298641204834
8	1	21	4	[12, 0, 13]	0.15787935256958008
8	5	21	4	[12, 0, 13]	0.1491105556488037
8	10	21	4	[12, 0, 13]	0.1440119743347168
8	15	21	4	[12, 0, 13]	0.1402146816253662
8	20	21	4	[12, 0, 13]	0.13373160362243652
8	25	21	4	[12, 0, 13]	0.1384110450744629
8	1	21	4	[12, 0, 13]	0.16362786293029785
8	5	21	4	[12, 0, 13]	0.16263866424560547
8	10	21	4	[12, 0, 13]	0.14931583404541016
8	15	21	4	[12, 0, 13]	0.1612098217010498
8	20	21	4	[12, 0, 13]	0.16629719734191895
8	25	21	4	[12, 0, 13]	0.139373779296875
8	1	19	4	[9, 2, 12]	0.11005115509033203
8	5	19	4	[9, 2, 12]	0.11687278747558594
8	10	19	4	[9, 2, 12]	0.10930705070495605
8	15	19	4	[9, 2, 12]	0.10548543930053711
8	20	19	4	[9, 2, 12]	0.10898232460021973
8	25	19	5	[9, 2, 12]	0.09189438819885254
8	1	24	7	[12, 2, 9, 5]	0.16568589210510254
8	5	24	7	[12, 2, 9, 5]	0.14622855186462402
8	10	36	12	[12, 2, 12, 2, 9, 5]	0.14961838722229004
8	15	24	7	[12, 2, 9, 5]	0.13192439079284668
8	20	24	7	[12, 2, 9, 5]	0.13372039794921875
8	25	24	7	[12, 2, 9, 5]	0.1478433609008789
8	1	55	10	[10, 6, 3, 2, 12, 11]	0.16518640518188477
8	5	70	14	[10, 4, 7, 4, 7, 9, 0, 11]	0.16317129135131836
8	10	55	10	[10, 6, 3, 2, 12, 11]	0.16435575485229492
8	15	55	10	[10, 6, 3, 2, 12, 11]	0.17259979248046875
8	20	79	14	[10, 4, 10, 6, 3, 2, 12, 11]	0.160569429397583
8	25	48	11	[10, 4, 7, 9, 0, 11]	0.16200470924377441
8	1	38	11	[1, 2, 1, 2, 3]	0.10357093811035156
8	5	18	6	[1, 2, 3]	0.09223175048828125
8	10	18	6	[1, 2, 3]	0.1050882339477539
8	15	18	6	[1, 2, 3]	0.09874820709228516
8	20	18	6	[1, 2, 3]	0.10459113121032715
8	25	50	15	[1, 2, 12, 0, 12, 2, 3]	0.10864710807800293
8	1	41	9	[5, 9, 2, 3, 6]	0.24077606201171875
8	5	47	10	[5, 9, 7, 4, 10, 6]	0.24607324600219727
8	10	41	10	[5, 9, 2, 3, 6]	0.24726152420043945
8	15	89	25	[5, 8, 5, 9, 5, 9, 7, 9, 2, 3, 6]	0.25693321228027344
8	20	41	10	[5, 9, 2, 3, 6]	0.22337913513183594
8	25	41	11	[5, 9, 2, 3, 6]	0.21117591857910156
8	1	25	6	[7, 9, 2, 12]	0.13799715042114258
8	5	47	10	[7, 4, 7, 9, 2, 12]	0.11633515357971191
8	10	25	6	[7, 9, 2, 12]	0.11785125732421875
8	15	25	6	[7, 9, 2, 12]	0.12480545043945312
8	20	25	6	[7, 9, 2, 12]	0.12685227394104004
8	25	25	7	[7, 9, 2, 12]	0.10518312454223633
8	1	41	8	[13, 0, 9, 7, 4]	0.24261903762817383
8	5	41	8	[13, 0, 9, 7, 4]	0.23509860038757324
8	10	41	8	[13, 0, 9, 7, 4]	0.24273109436035156
8	15	41	8	[13, 0, 9, 7, 4]	0.21798396110534668
8	20	53	12	[13, 0, 9, 7, 9, 7, 4]	0.21258878707885742
8	25	63	12	[13, 0, 13, 0, 9, 7, 4]	0.20470333099365234
8	1	72	15	[1, 8, 1, 2, 3, 6, 10]	0.27829861640930176
8	5	46	10	[1, 2, 3, 6, 10]	0.25634169578552246
8	10	46	10	[1, 2, 3, 6, 10]	0.24140334129333496
8	15	68	15	[1, 2, 12, 0, 9, 7, 4, 10]	0.24227380752563477
8	20	92	23	[1, 2, 12, 0, 11, 0, 11, 0, 9, 7, 4, 10]	0.25742125511169434
8	25	96	29	[1, 2, 9, 5, 9, 7, 9, 7, 9, 5, 9, 7, 4, 10]	0.2337174415588379
8	1	11	2	[13, 0]	0.017518043518066406
8	5	11	2	[13, 0]	0.016622066497802734
8	10	11	2	[13, 0]	0.016525745391845703
8	15	11	2	[13, 0]	0.015133142471313477
8	20	11	2	[13, 0]	0.015049934387207031
8	25	11	2	[13, 0]	0.014796733856201172
9	1	21	4	[12, 0, 13]	0.5037384033203125
9	5	21	4	[12, 0, 13]	0.48589229583740234
9	10	21	4	[12, 0, 13]	0.5086667537689209
9	15	29	7	[12, 0, 11, 13]	0.5231623649597168
9	20	21	4	[12, 0, 13]	0.4404275417327881
9	25	21	4	[12, 0, 13]	0.4056088924407959
9	1	35	9	[13, 0, 12, 2, 3]	0.6341202259063721
9	5	64	15	[13, 0, 12, 11, 0, 12, 2, 3]	0.6203804016113281
9	10	35	9	[13, 0, 12, 2, 3]	0.576002836227417
9	15	35	9	[13, 0, 12, 2, 3]	0.5488541126251221
9	20	82	22	[13, 0, 12, 11, 13, 0, 12, 2, 3]	0.590491533279419
9	25	35	11	[13, 0, 12, 2, 3]	0.5441601276397705
9	1	36	6	[0, 9, 2, 1]	0.6495425701141357
9	5	26	6	[0, 12, 2, 1]	0.5765836238861084
9	10	26	6	[0, 12, 2, 1]	0.6318216323852539
9	15	26	6	[0, 12, 2, 1]	0.5799202919006348
9	20	26	7	[0, 12, 2, 1]	0.49157118797302246
9	25	26	7	[0, 12, 2, 1]	0.5042705535888672
9	1	29	7	[6, 3, 2, 12]	0.40425920486450195
9	5	89	20	[6, 10, 4, 7, 9, 5, 8, 1, 2, 12]	0.40128564834594727
9	10	29	7	[6, 3, 2, 12]	0.409679651260376
9	15	79	17	[6, 3, 6, 3, 2, 1, 2, 12]	0.37110257148742676
9	20	29	7	[6, 3, 2, 12]	0.4052541255950928
9	25	29	7	[6, 3, 2, 12]	0.36710572242736816
9	1	17	4	[9, 7, 4]	0.49678587913513184
9	5	17	4	[9, 7, 4]	0.46706628799438477
9	10	17	4	[9, 7, 4]	0.4759025573730469
9	15	17	4	[9, 7, 4]	0.505483865737915
9	20	17	4	[9, 7, 4]	0.46825742721557617
9	25	17	4	[9, 7, 4]	0.4237833023071289
9	1	53	12	[13, 0, 9, 7, 4, 10]	0.9721338748931885
9	5	61	14	[13, 11, 0, 9, 7, 4, 10]	1.0309648513793945
9	10	61	14	[13, 11, 0, 9, 7, 4, 10]	1.0209105014801025
9	15	73	16	[13, 0, 12, 0, 9, 7, 4, 10]	0.9614298343658447
9	20	65	17	[13, 0, 9, 7, 9, 7, 4, 10]	0.8981506824493408
9	25	69	17	[13, 0, 12, 2, 9, 7, 4, 10]	0.8781144618988037
9	1	12	3	[4, 10]	0.2725365161895752
9	5	12	3	[4, 10]	0.25135278701782227
9	10	12	3	[4, 10]	0.27341794967651367
9	15	12	3	[4, 10]	0.23601984977722168
9	20	12	3	[4, 10]	0.26683521270751953
9	25	12	3	[4, 10]	0.24342060089111328
9	1	19	4	[0, 9, 7]	0.5049562454223633
9	5	19	4	[0, 9, 7]	0.5091710090637207
9	10	19	4	[0, 9, 7]	0.4992027282714844
9	15	19	4	[0, 9, 7]	0.4040567874908447
9	20	19	5	[0, 9, 7]	0.4249594211578369
9	25	19	5	[0, 9, 7]	0.4564070701599121
9	1	79	20	[11, 0, 11, 0, 13, 0, 12, 2, 3, 6]	1.0025336742401123
9	5	61	13	[11, 0, 9, 7, 4, 10, 6]	0.8736855983734131
9	10	45	10	[11, 0, 12, 2, 3, 6]	0.8746228218078613
9	15	45	10	[11, 0, 12, 2, 3, 6]	1.0990798473358154
9	20	45	13	[11, 0, 12, 2, 3, 6]	0.7851748466491699
9	25	45	13	[11, 0, 12, 2, 3, 6]	0.8056974411010742
9	1	13	2	[5, 8]	0.2810707092285156
9	5	13	2	[5, 8]	0.3204050064086914
9	10	13	2	[5, 8]	0.30481696128845215
9	15	13	2	[5, 8]	0.30442023277282715
9	20	13	2	[5, 8]	0.3145425319671631
9	25	13	3	[5, 8]	0.2873044013977051
9	1	36	7	[6, 10, 4, 7]	0.5428695678710938
9	5	36	7	[6, 10, 4, 7]	0.4785277843475342
9	10	36	7	[6, 10, 4, 7]	0.46639227867126465
9	15	36	7	[6, 10, 4, 7]	0.6058001518249512
9	20	36	7	[6, 10, 4, 7]	0.4170510768890381
9	25	36	8	[6, 10, 4, 7]	0.4408137798309326
9	1	18	4	[2, 9, 5]	0.49163007736206055
9	5	18	4	[2, 9, 5]	0.557262659072876
9	10	18	4	[2, 9, 5]	0.6016485691070557
9	15	18	4	[2, 9, 5]	0.43552398681640625
9	20	18	4	[2, 9, 5]	0.43982863426208496
9	25	18	4	[2, 9, 5]	0.41063356399536133
9	1	29	7	[8, 1, 2, 12]	0.4143989086151123
9	5	29	7	[8, 1, 2, 12]	0.44336652755737305
9	10	29	7	[8, 1, 2, 12]	0.4659144878387451
9	15	29	9	[8, 1, 2, 12]	0.38864660263061523
9	20	29	9	[8, 1, 2, 12]	0.3691585063934326
9	25	29	9	[8, 1, 2, 12]	0.36129045486450195
9	1	60	13	[1, 8, 5, 9, 7, 4, 10]	0.960679292678833
9	5	46	8	[1, 2, 3, 6, 10]	0.8831126689910889
9	10	66	12	[1, 2, 1, 2, 3, 6, 10]	0.9622406959533691
9	15	46	10	[1, 2, 3, 6, 10]	0.9646894931793213
9	20	52	13	[1, 2, 9, 7, 4, 10]	0.9582140445709229
9	25	46	11	[1, 2, 3, 6, 10]	0.866105318069458
9	1	26	6	[5, 9, 2, 3]	0.5639925003051758
9	5	26	6	[5, 9, 2, 3]	0.6398167610168457
9	10	26	6	[5, 9, 2, 3]	0.5387325286865234
9	15	26	6	[5, 9, 2, 3]	0.6783463954925537
9	20	26	7	[5, 9, 2, 3]	0.4943673610687256
9	25	26	8	[5, 9, 2, 3]	0.4868292808532715
9	1	30	7	[4, 7, 9, 2]	0.38754796981811523
9	5	30	7	[4, 7, 9, 2]	0.3905951976776123
9	10	30	7	[4, 7, 9, 2]	0.36544132232666016
9	15	30	7	[4, 7, 9, 2]	0.49183201789855957
9	20	30	7	[4, 7, 9, 2]	0.31655263900756836
9	25	30	7	[4, 7, 9, 2]	0.35747599601745605
9	1	31	6	[8, 1, 2, 3]	0.5398313999176025
9	5	31	6	[8, 1, 2, 3]	0.4948151111602783
9	10	31	6	[8, 1, 2, 3]	0.49300050735473633
9	15	31	8	[8, 1, 2, 3]	0.48533082008361816
9	20	31	9	[8, 1, 2, 3]	0.5290799140930176
9	25	31	9	[8, 1, 2, 3]	0.4574284553527832
9	1	6	2	[11, 0]	0.08454203605651855
9	5	6	2	[11, 0]	0.08528661727905273
9	10	6	2	[11, 0]	0.08289337158203125
9	15	6	2	[11, 0]	0.08517646789550781
9	20	6	3	[11, 0]	0.08705711364746094
9	25	6	3	[11, 0]	0.09214639663696289
9	1	39	9	[6, 3, 2, 12, 0]	0.5506613254547119
9	5	39	9	[6, 3, 2, 12, 0]	0.5813891887664795
9	10	39	9	[6, 3, 2, 12, 0]	0.5010402202606201
9	15	79	16	[6, 10, 4, 10, 4, 7, 9, 0]	0.48190879821777344
9	20	39	9	[6, 3, 2, 12, 0]	0.43296051025390625
9	25	55	12	[6, 10, 4, 7, 9, 0]	0.44278502464294434
9	1	13	2	[8, 5]	0.17533540725708008
9	5	13	2	[8, 5]	0.1405012607574463
9	10	13	2	[8, 5]	0.1921703815460205
9	15	13	2	[8, 5]	0.13392090797424316
9	20	13	2	[8, 5]	0.1551072597503662
9	25	13	2	[8, 5]	0.17006516456604004
10	1	42	10	[10, 4, 7, 9, 0]	2.476306200027466
10	5	66	15	[10, 4, 10, 4, 7, 9, 0]	2.203585624694824
10	10	42	10	[10, 4, 7, 9, 0]	2.2327678203582764
10	15	42	10	[10, 4, 7, 9, 0]	2.2302980422973633
10	20	62	11	[10, 6, 3, 2, 9, 0]	2.357909917831421
10	25	76	18	[10, 4, 10, 6, 3, 2, 12, 0]	2.2227060794830322
10	1	42	8	[6, 3, 2, 12, 11]	2.907179117202759
10	5	61	14	[6, 10, 4, 7, 9, 0, 11]	2.7643816471099854
10	10	42	9	[6, 3, 2, 12, 11]	2.887138605117798
10	15	42	9	[6, 3, 2, 12, 11]	2.623605489730835
10	20	42	9	[6, 3, 2, 12, 11]	2.6722137928009033
10	25	42	10	[6, 3, 2, 12, 11]	2.5077853202819824
10	1	34	10	[10, 4, 7, 9, 5]	2.5068843364715576
10	5	34	10	[10, 4, 7, 9, 5]	2.60404109954834
10	10	54	11	[10, 6, 3, 2, 9, 5]	2.475327968597412
10	15	58	15	[10, 4, 10, 4, 7, 9, 5]	2.3069043159484863
10	20	54	11	[10, 6, 3, 2, 9, 5]	3.167426109313965
10	25	54	11	[10, 6, 3, 2, 9, 5]	2.671518087387085
10	1	23	4	[6, 3, 2]	1.0624709129333496
10	5	23	4	[6, 3, 2]	1.1754157543182373
10	10	23	4	[6, 3, 2]	1.1177103519439697
10	15	23	4	[6, 3, 2]	1.0593287944793701
10	20	23	4	[6, 3, 2]	0.7895505428314209
10	25	23	4	[6, 3, 2]	0.738682746887207
10	1	47	11	[8, 5, 9, 7, 4, 10]	4.142103910446167
10	5	47	11	[8, 5, 9, 7, 4, 10]	4.42409086227417
10	10	47	12	[8, 5, 9, 7, 4, 10]	3.9353525638580322
10	15	47	12	[8, 5, 9, 7, 4, 10]	3.9713799953460693
10	20	59	11	[8, 1, 2, 3, 6, 10]	6.097952365875244
10	25	157	49	[8, 5, 9, 5, 9, 5, 9, 5, 9, 5, 9, 5, 9, 5, 9, 5, 9, 5, 9, 5, 9, 2, 3, 6, 10]	5.867997646331787
10	1	27	6	[3, 2, 9, 7]	2.5730135440826416
10	5	27	6	[3, 2, 9, 7]	2.570146322250366
10	10	27	7	[3, 2, 9, 7]	2.341754913330078
10	15	27	7	[3, 2, 9, 7]	2.4935154914855957
10	20	27	7	[3, 2, 9, 7]	2.251101016998291
10	25	27	7	[3, 2, 9, 7]	2.5173072814941406
10	1	37	8	[11, 0, 9, 5, 8]	3.7370731830596924
10	5	50	11	[11, 12, 2, 9, 5, 8]	3.5320053100585938
10	10	42	9	[11, 12, 2, 1, 8]	3.152628183364868
10	15	37	8	[11, 0, 9, 5, 8]	3.172692060470581
10	20	37	8	[11, 0, 9, 5, 8]	2.988541603088379
10	25	37	9	[11, 0, 9, 5, 8]	2.7601165771484375
10	1	13	2	[8, 1]	1.1277356147766113
10	5	13	2	[8, 1]	0.9763877391815186
10	10	13	2	[8, 1]	0.8822994232177734
10	15	13	2	[8, 1]	0.8107883930206299
10	20	13	2	[8, 1]	1.0617189407348633
10	25	13	2	[8, 1]	0.7685434818267822
10	1	27	8	[7, 9, 2, 3]	2.5011777877807617
10	5	27	8	[7, 9, 2, 3]	2.859816551208496
10	10	27	8	[7, 9, 2, 3]	2.60697865486145
10	15	49	13	[7, 4, 7, 9, 2, 3]	2.415841817855835
10	20	51	10006	[7, 4, 10, 6, 3]	2.291398763656616
10	25	27	10004	[7, 9, 2, 3]	2.1625680923461914
10	1	13	2	[0, 9]	0.8245902061462402
10	5	13	2	[0, 9]	0.8438117504119873
10	10	13	2	[0, 9]	0.7463507652282715
10	15	13	2	[0, 9]	0.6984446048736572
10	20	13	2	[0, 9]	0.7716619968414307
10	25	13	2	[0, 9]	0.7613062858581543
10	1	59	10	[5, 8, 1, 2, 3, 6]	4.626429319381714
10	5	47	12	[5, 9, 7, 4, 10, 6]	4.9403603076934814
10	10	53	15	[5, 9, 7, 9, 2, 3, 6]	4.491291046142578
10	15	47	13	[5, 9, 7, 4, 10, 6]	4.0872673988342285
10	20	41	9	[5, 9, 2, 3, 6]	3.5737080574035645
10	25	41	9	[5, 9, 2, 3, 6]	3.4518768787384033
10	1	19	5	[7, 9, 0]	1.8164467811584473
10	5	19	5	[7, 9, 0]	1.6548638343811035
10	10	19	5	[7, 9, 0]	1.5646743774414062
10	15	91	20	[7, 4, 10, 6, 10, 4, 7, 9, 0]	1.7512056827545166
10	20	19	10001	[7, 9, 0]	2.024411916732788
10	25	19	10001	[7, 9, 0]	2.2465903759002686
10	1	48	11	[1, 8, 5, 9, 7, 4]	3.631286144256592
10	5	40	9	[1, 2, 9, 7, 4]	3.6469531059265137
10	10	48	12	[1, 8, 5, 9, 7, 4]	3.3164899349212646
10	15	40	10	[1, 2, 9, 7, 4]	3.3747987747192383
10	20	58	12	[1, 2, 3, 6, 10, 4]	14.433307647705078
10	25	58	13	[1, 2, 3, 6, 10, 4]	12.763732433319092
10	1	42	8	[6, 3, 2, 12, 11]	2.9355132579803467
10	5	42	8	[6, 3, 2, 12, 11]	3.2729430198669434
10	10	42	9	[6, 3, 2, 12, 11]	2.871783971786499
10	15	42	9	[6, 3, 2, 12, 11]	2.733107805252075
10	20	42	9	[6, 3, 2, 12, 11]	2.456606149673462
10	25	42	10	[6, 3, 2, 12, 11]	2.2978134155273438
10	1	47	12	[8, 5, 9, 5, 9, 0, 11]	2.686552047729492
10	5	37	8	[8, 5, 9, 0, 11]	2.3965611457824707
10	10	37	8	[8, 5, 9, 0, 11]	2.551737070083618
10	15	37	8	[8, 5, 9, 0, 11]	2.531733512878418
10	20	37	8	[8, 5, 9, 0, 11]	2.065316915512085
10	25	37	8	[8, 5, 9, 0, 11]	1.9912846088409424
10	1	47	12	[5, 9, 7, 4, 10, 6]	4.383429050445557
10	5	41	9	[5, 9, 2, 3, 6]	4.387032747268677
10	10	47	13	[5, 9, 7, 4, 10, 6]	3.9230704307556152
10	15	47	13	[5, 9, 7, 4, 10, 6]	3.9643964767456055
10	20	41	9	[5, 9, 2, 3, 6]	3.302839756011963
10	25	53	15	[5, 9, 2, 12, 2, 3, 6]	3.397956371307373
10	1	36	7	[9, 2, 3, 6]	3.918104648590088
10	5	52	14	[9, 5, 9, 7, 4, 10, 6]	4.016297817230225
10	10	90	17	[9, 5, 8, 1, 2, 9, 2, 3, 6]	3.8592731952667236
10	15	42	11	[9, 7, 4, 10, 6]	3.950624704360962
10	20	52	11	[9, 2, 3, 2, 3, 6]	3.386058807373047
10	25	36	7	[9, 2, 3, 6]	3.2256269454956055
10	1	23	4	[8, 1, 2]	1.3403446674346924
10	5	23	4	[8, 1, 2]	1.269087553024292
10	10	23	4	[8, 1, 2]	1.3111681938171387
10	15	23	4	[8, 1, 2]	1.2217938899993896
10	20	23	5	[8, 1, 2]	0.8607921600341797
10	25	23	6	[8, 1, 2]	0.926201581954956
10	1	29	7	[13, 0, 9, 5]	2.3283987045288086
10	5	29	7	[13, 0, 9, 5]	2.1434075832366943
10	10	29	7	[13, 0, 9, 5]	2.169461965560913
10	15	29	7	[13, 0, 9, 5]	2.0666913986206055
10	20	29	7	[13, 0, 9, 5]	2.067676305770874
10	25	29	7	[13, 0, 9, 5]	1.9399032592773438
10	1	58	14	[4, 7, 9, 0, 13, 0, 11]	2.5531375408172607
10	5	36	9	[4, 7, 9, 0, 11]	2.705223798751831
10	10	36	9	[4, 7, 9, 0, 11]	2.6016674041748047
10	15	36	9	[4, 7, 9, 0, 11]	2.4261715412139893
10	20	93	19	[4, 10, 6, 10, 6, 3, 2, 12, 11]	2.7896625995635986
10	25	97	19	[4, 10, 6, 3, 6, 3, 2, 12, 11]	2.765679359436035
