Num of Nodes	BW	Delay	Num of Hops	Path	Execution Time (seconds)
5	1	54	15	[7, 18, 7, 18, 3, 5, 0]	0.03800010681152344
5	5	30	9	[7, 18, 3, 5, 0]	0.03589630126953125
5	10	30	9	[7, 18, 3, 5, 0]	0.033707618713378906
5	15	48	13	[7, 18, 3, 5, 22, 5, 0]	0.03372454643249512
5	20	30	9	[7, 18, 3, 5, 0]	0.03383946418762207
5	25	30	9	[7, 18, 3, 5, 0]	0.029451370239257812
5	1	29	4	[2, 15, 12]	0.023624181747436523
5	5	29	4	[2, 15, 12]	0.024501800537109375
5	10	29	4	[2, 15, 12]	0.0242156982421875
5	15	29	4	[2, 15, 12]	0.0220029354095459
5	20	29	4	[2, 15, 12]	0.024062156677246094
5	25	29	4	[2, 15, 12]	0.024088144302368164
5	1	31	6	[10, 3, 18, 11]	0.043935298919677734
5	5	31	6	[10, 3, 18, 11]	0.04443049430847168
5	10	31	6	[10, 3, 18, 11]	0.04783272743225098
5	15	31	6	[10, 3, 18, 11]	0.053787946701049805
5	20	31	6	[10, 3, 18, 11]	0.04982399940490723
5	25	31	6	[10, 3, 18, 11]	0.03931784629821777
5	1	47	10	[2, 15, 10, 3, 5, 0]	0.0428004264831543
5	5	47	10	[2, 15, 10, 3, 5, 0]	0.0480191707611084
5	10	101	22	[2, 17, 2, 15, 10, 16, 1, 16, 10, 3, 5, 0]	0.043766021728515625
5	15	53	13	[2, 17, 9, 18, 3, 5, 0]	0.04677557945251465
5	20	53	13	[2, 15, 12, 21, 3, 5, 0]	0.04456281661987305
5	25	61	15	[2, 17, 2, 15, 10, 3, 5, 0]	0.04406571388244629
5	1	43	14	[5, 3, 4, 3, 21, 12, 23]	0.05181527137756348
5	5	56	13	[5, 3, 18, 11, 20, 11, 23]	0.055425167083740234
5	10	201	45	[5, 3, 21, 12, 15, 2, 17, 2, 17, 2, 17, 9, 17, 2, 17, 2, 17, 2, 15, 10, 15, 12, 23]	0.05153036117553711
5	15	46	12	[5, 0, 5, 3, 18, 11, 23]	0.0518193244934082
5	20	40	12	[5, 3, 5, 3, 18, 11, 23]	0.05241131782531738
5	25	30	8	[5, 3, 18, 11, 23]	0.04306197166442871
5	1	13	2	[16, 8]	0.030391454696655273
5	5	13	2	[16, 8]	0.029875516891479492
5	10	13	2	[16, 8]	0.03077983856201172
5	15	13	2	[16, 8]	0.02774190902709961
5	20	13	2	[16, 8]	0.02498936653137207
5	25	13	2	[16, 8]	0.023491859436035156
5	1	27	9	[8, 22, 5, 3, 21]	0.02790093421936035
5	5	27	9	[8, 22, 5, 3, 21]	0.02721691131591797
5	10	27	9	[8, 22, 5, 3, 21]	0.030710935592651367
5	15	27	10005	[8, 22, 5, 3, 21]	0.030196189880371094
5	20	38	10005	[8, 16, 10, 3, 21]	0.030539512634277344
5	25	62	10009	[8, 16, 1, 16, 10, 3, 21]	0.02674126625061035
5	1	53	15	[15, 12, 21, 3, 18, 7, 6]	0.07165074348449707
5	5	61	16	[15, 10, 15, 10, 3, 18, 7, 6]	0.06926870346069336
5	10	61	16	[15, 10, 15, 10, 3, 18, 7, 6]	0.06744956970214844
5	15	147	32	[15, 10, 16, 1, 16, 14, 22, 5, 0, 20, 0, 5, 3, 18, 7, 6]	0.06060338020324707
5	20	47	12	[15, 10, 3, 18, 7, 6]	0.062132835388183594
5	25	47	12	[15, 10, 3, 18, 7, 6]	0.06353473663330078
5	1	20	4	[18, 11, 23]	0.047820091247558594
5	5	20	4	[18, 11, 23]	0.04305887222290039
5	10	20	4	[18, 11, 23]	0.044157981872558594
5	15	20	4	[18, 11, 23]	0.040772199630737305
5	20	20	4	[18, 11, 23]	0.03973817825317383
5	25	20	4	[18, 11, 23]	0.035572052001953125
5	1	62	22	[5, 3, 4, 3, 18, 3, 5, 3, 21, 12, 15]	0.0407872200012207
5	5	52	10	[5, 22, 14, 16, 10, 15]	0.04036831855773926
5	10	36	11	[5, 3, 4, 3, 10, 15]	0.04443717002868652
5	15	72	17	[5, 3, 21, 12, 23, 11, 23, 12, 15]	0.03873038291931152
5	20	24	7	[5, 3, 10, 15]	0.04100799560546875
5	25	24	7	[5, 3, 10, 15]	0.03551983833312988
5	1	17	5	[3, 18, 7]	0.03801774978637695
5	5	17	5	[3, 18, 7]	0.04021596908569336
5	10	17	5	[3, 18, 7]	0.040056467056274414
5	15	17	5	[3, 18, 7]	0.037995338439941406
5	20	17	5	[3, 18, 7]	0.03104090690612793
5	25	71	19	[3, 4, 1, 16, 1, 4, 3, 18, 7]	0.029480934143066406
5	1	32	9	[21, 3, 5, 22, 14]	0.04736733436584473
5	5	162	36	[21, 3, 18, 7, 6, 13, 6, 7, 6, 13, 20, 11, 18, 3, 5, 22, 14]	0.04911231994628906
5	10	44	14	[21, 12, 21, 3, 5, 22, 14]	0.04440951347351074
5	15	92	25	[21, 12, 21, 3, 5, 3, 18, 11, 23, 12, 19, 14]	0.04466819763183594
5	20	32	9	[21, 3, 5, 22, 14]	0.04407334327697754
5	25	113	20019	[21, 3, 18, 11, 23, 11, 20, 0, 5, 22, 8, 16, 14]	0.03957223892211914
5	1	38	8	[17, 9, 18, 3, 21]	0.054259538650512695
5	5	42	8	[17, 2, 15, 12, 21]	0.03325676918029785
5	10	52	12	[17, 2, 17, 9, 18, 3, 21]	0.03848147392272949
5	15	38	9	[17, 9, 18, 3, 21]	0.033231496810913086
5	20	137	30	[17, 2, 15, 12, 23, 11, 23, 11, 20, 13, 20, 11, 18, 3, 21]	0.031136751174926758
5	25	42	9	[17, 2, 15, 12, 21]	0.028473854064941406
5	1	21	4	[12, 15, 10]	0.03227877616882324
5	5	21	4	[12, 15, 10]	0.030034303665161133
5	10	21	4	[12, 15, 10]	0.028537750244140625
5	15	21	4	[12, 15, 10]	0.026990652084350586
5	20	79	17	[12, 19, 14, 16, 1, 4, 3, 10]	0.028213024139404297
5	25	21	4	[12, 15, 10]	0.020447731018066406
5	1	19	5	[21, 12, 19]	0.03446531295776367
5	5	19	5	[21, 12, 19]	0.03381943702697754
5	10	19	5	[21, 12, 19]	0.03342604637145996
5	15	19	5	[21, 12, 19]	0.03130316734313965
5	20	19	5	[21, 12, 19]	0.031520843505859375
5	25	19	10001	[21, 12, 19]	0.04735875129699707
5	1	17	5	[21, 3, 10]	0.0314023494720459
5	5	17	5	[21, 3, 10]	0.030567169189453125
5	10	27	7	[21, 12, 15, 10]	0.030322790145874023
5	15	17	6	[21, 3, 10]	0.024791240692138672
5	20	17	6	[21, 3, 10]	0.025385618209838867
5	25	17	10002	[21, 3, 10]	0.028560161590576172
5	1	77	19	[23, 11, 18, 3, 21, 3, 5, 22, 14, 16]	0.05075836181640625
5	5	58	16	[23, 12, 21, 3, 4, 3, 10, 16]	0.04836559295654297
5	10	72	21	[23, 11, 18, 3, 5, 3, 18, 3, 4, 1, 16]	0.049071311950683594
5	15	56	12	[23, 11, 23, 12, 15, 10, 16]	0.048972368240356445
5	20	102	26	[23, 12, 23, 11, 18, 3, 21, 3, 18, 3, 4, 1, 16]	0.046646833419799805
5	25	70	13	[23, 12, 19, 12, 15, 10, 16]	0.04523134231567383
5	1	8	2	[10, 16]	0.01802992820739746
5	5	8	2	[10, 16]	0.014593839645385742
5	10	8	2	[10, 16]	0.015980005264282227
5	15	8	2	[10, 16]	0.015485286712646484
5	20	8	2	[10, 16]	0.014960050582885742
5	25	8	2	[10, 16]	0.016180038452148438
5	1	49	13	[20, 0, 5, 3, 21, 12, 15]	0.04591488838195801
5	5	77	22	[20, 0, 5, 0, 5, 3, 4, 3, 21, 12, 15]	0.04495429992675781
5	10	71	18	[20, 0, 5, 22, 5, 3, 5, 3, 10, 15]	0.049103498458862305
5	15	69	15	[20, 13, 20, 11, 18, 3, 10, 15]	0.042656660079956055
5	20	81	20	[20, 11, 23, 11, 20, 0, 5, 3, 10, 15]	0.04551053047180176
5	25	43	11	[20, 0, 5, 3, 10, 15]	0.03915834426879883
5	1	24	6	[15, 10, 3, 18]	0.025389671325683594
5	5	24	6	[15, 10, 3, 18]	0.024662017822265625
5	10	24	6	[15, 10, 3, 18]	0.026085615158081055
5	15	24	6	[15, 10, 3, 18]	0.02612924575805664
5	20	24	6	[15, 10, 3, 18]	0.027541637420654297
5	25	24	6	[15, 10, 3, 18]	0.023472070693969727
6	1	39	11	[19, 12, 21, 3, 4, 1]	0.05744433403015137
6	5	58	10	[19, 14, 22, 8, 16, 1]	0.05393385887145996
6	10	54	13	[19, 14, 22, 5, 3, 4, 1]	0.055487871170043945
6	15	39	11	[19, 12, 21, 3, 4, 1]	0.053884029388427734
6	20	39	7	[19, 14, 16, 1]	0.04898548126220703
6	25	126	32	[19, 12, 15, 10, 15, 2, 17, 2, 17, 2, 15, 10, 16, 1]	0.04556608200073242
6	1	11	5	[4, 3, 18]	0.02140974998474121
6	5	11	5	[4, 3, 18]	0.021895408630371094
6	10	11	5	[4, 3, 18]	0.02290034294128418
6	15	11	5	[4, 3, 18]	0.023179292678833008
6	20	11	5	[4, 3, 18]	0.02092289924621582
6	25	11	5	[4, 3, 18]	0.01828932762145996
6	1	39	11	[13, 20, 0, 5, 3, 4]	0.04577159881591797
6	5	39	11	[13, 20, 0, 5, 3, 4]	0.04501962661743164
6	10	169	37	[13, 20, 0, 5, 22, 8, 22, 14, 16, 14, 19, 14, 22, 8, 22, 5, 3, 4]	0.04395270347595215
6	15	60	15	[13, 20, 11, 23, 12, 21, 3, 4]	0.04206109046936035
6	20	39	13	[13, 20, 0, 5, 3, 4]	0.04196000099182129
6	25	39	13	[13, 20, 0, 5, 3, 4]	0.0409245491027832
6	1	37	6	[9, 18, 7, 6]	0.06254696846008301
6	5	37	6	[9, 18, 7, 6]	0.06370878219604492
6	10	37	8	[9, 18, 7, 6]	0.06397247314453125
6	15	37	8	[9, 18, 7, 6]	0.0640413761138916
6	20	37	8	[9, 18, 7, 6]	0.05685925483703613
6	25	37	9	[9, 18, 7, 6]	0.053620338439941406
6	1	42	8	[17, 2, 15, 12, 21]	0.0371699333190918
6	5	42	8	[17, 2, 15, 12, 21]	0.038999080657958984
6	10	46	13	[17, 2, 15, 10, 3, 21]	0.034471988677978516
6	15	42	9	[17, 2, 15, 12, 21]	0.03711986541748047
6	20	38	9	[17, 9, 18, 3, 21]	0.03570079803466797
6	25	42	9	[17, 2, 15, 12, 21]	0.03373885154724121
6	1	17	4	[8, 22, 5]	0.02169013023376465
6	5	17	4	[8, 22, 5]	0.02109813690185547
6	10	17	4	[8, 22, 5]	0.01892685890197754
6	15	17	4	[8, 22, 5]	0.019143342971801758
6	20	17	4	[8, 22, 5]	0.017881155014038086
6	25	17	4	[8, 22, 5]	0.028914928436279297
6	1	33	7	[8, 22, 14, 19]	0.051857709884643555
6	5	33	7	[8, 22, 14, 19]	0.05292987823486328
6	10	33	7	[8, 22, 14, 19]	0.05157184600830078
6	15	33	7	[8, 22, 14, 19]	0.051937103271484375
6	20	33	7	[8, 22, 14, 19]	0.054042816162109375
6	25	33	7	[8, 22, 14, 19]	0.046601057052612305
6	1	84	23	[12, 21, 3, 5, 0, 5, 3, 21, 12, 15, 2, 17]	0.08176565170288086
6	5	36	6	[12, 15, 2, 17]	0.0790095329284668
6	10	36	7	[12, 15, 2, 17]	0.08453178405761719
6	15	36	7	[12, 15, 2, 17]	0.08574295043945312
6	20	36	7	[12, 15, 2, 17]	0.08985662460327148
6	25	36	7	[12, 15, 2, 17]	0.08072710037231445
6	1	15	2	[15, 2]	0.0342252254486084
6	5	15	2	[15, 2]	0.04361891746520996
6	10	15	2	[15, 2]	0.03441119194030762
6	15	15	2	[15, 2]	0.03930521011352539
6	20	15	2	[15, 2]	0.040523529052734375
6	25	15	2	[15, 2]	0.030266523361206055
6	1	27	5	[16, 14, 19]	0.04946184158325195
6	5	27	5	[16, 14, 19]	0.05353045463562012
6	10	27	5	[16, 14, 19]	0.04758501052856445
6	15	27	5	[16, 14, 19]	0.04644966125488281
6	20	27	5	[16, 14, 19]	0.04619622230529785
6	25	27	5	[16, 14, 19]	0.04108476638793945
6	1	24	7	[5, 3, 10, 15]	0.048778533935546875
6	5	24	7	[5, 3, 10, 15]	0.044387102127075195
6	10	24	7	[5, 3, 10, 15]	0.046468496322631836
6	15	24	7	[5, 3, 10, 15]	0.04311037063598633
6	20	24	10	[5, 3, 10, 15]	0.04530501365661621
6	25	30	10	[5, 3, 21, 12, 15]	0.05399131774902344
6	1	27	4	[19, 14, 16]	0.06857967376708984
6	5	27	4	[19, 14, 16]	0.07459688186645508
6	10	27	4	[19, 14, 16]	0.13310480117797852
6	15	27	4	[19, 14, 16]	0.10267806053161621
6	20	27	5	[19, 14, 16]	0.04533195495605469
6	25	27	5	[19, 14, 16]	0.037793874740600586
6	1	15	5	[15, 10, 16]	0.03375673294067383
6	5	15	5	[15, 10, 16]	0.03157973289489746
6	10	15	5	[15, 10, 16]	0.03149104118347168
6	15	15	5	[15, 10, 16]	0.03261280059814453
6	20	15	5	[15, 10, 16]	0.027881383895874023
6	25	15	5	[15, 10, 16]	0.024902820587158203
6	1	37	6	[6, 7, 18, 9]	0.05642819404602051
6	5	37	6	[6, 7, 18, 9]	0.06197762489318848
6	10	3047	1465	[6, 7, 18, 3, 5, 3, 5, 3, 5, 3, 5, 0, 5, 3, 5, 3, 5, 3, 5, 3, 5, 3, 5, 3, 5, 3, 5, 3, 5, 3, 5, 3, 5, 3, 5, 3, 5, 3, 5, 3, 5, 3, 18, 3, 5, 3, 5, 3, 5, 3, 5, 3, 5, 3, 5, 3, 5, 3, 5, 3, 5, 3, 5, 3, 5, 3, 5, 3, 5, 3, 5, 3, 5, 3, 5, 3, 5, 22, 5, 3, 5, 3, 5, 3, 5, 3, 5, 3, 5, 3, 5, 3, 5, 3, 5, 3, 5, 3, 5, 3, 5, 3, 5, 3, 5, 3, 5, 3, 5, 3, 5, 3, 5, 3, 5, 3, 5, 3, 5, 22, 5, 3, 5, 3, 5, 3, 5, 3, 5, 3, 5, 3, 5, 3, 5, 3, 5, 3, 5, 3, 5, 3, 5, 3, 5, 3, 5, 3, 5, 3, 5, 3, 5, 3, 5, 3, 5, 3, 5, 3, 5, 3, 5, 3, 5, 3, 5, 3, 5, 3, 5, 3, 5, 3, 5, 3, 5, 3, 5, 3, 5, 3, 5, 3, 5, 3, 5, 3, 5, 3, 5, 3, 5, 3, 5, 3, 5, 3, 5, 3, 5, 3, 5, 3, 5, 3, 5, 3, 5, 3, 5, 3, 5, 3, 5, 3, 5, 3, 5, 3, 5, 3, 5, 22, 5, 3, 5, 3, 5, 3, 5, 3, 5, 3, 5, 3, 5, 3, 5, 3, 5, 3, 5, 3, 5, 3, 5, 3, 5, 3, 5, 3, 5, 3, 5, 3, 5, 3, 5, 3, 5, 3, 5, 3, 5, 3, 5, 3, 5, 3, 5, 3, 5, 3, 5, 3, 5, 3, 5, 3, 5, 3, 5, 3, 5, 3, 5, 3, 5, 3, 5, 22, 5, 3, 5, 0, 5, 3, 5, 3, 5, 3, 5, 3, 5, 3, 21, 3, 5, 3, 5, 3, 5, 3, 4, 3, 5, 3, 5, 3, 5, 3, 5, 3, 5, 3, 5, 3, 5, 3, 5, 3, 5, 3, 5, 3, 5, 3, 5, 3, 5, 3, 5, 3, 5, 3, 5, 3, 5, 3, 5, 3, 5, 3, 18, 3, 5, 3, 5, 3, 5, 3, 5, 3, 5, 3, 5, 3, 5, 3, 18, 3, 5, 3, 5, 3, 5, 3, 5, 3, 5, 3, 5, 3, 5, 3, 5, 3, 5, 3, 5, 3, 5, 3, 5, 3, 5, 3, 5, 3, 5, 3, 5, 3, 5, 3, 5, 3, 5, 3, 5, 3, 5, 3, 5, 3, 5, 3, 5, 3, 5, 0, 5, 3, 5, 3, 5, 3, 5, 3, 5, 3, 5, 3, 5, 3, 5, 3, 5, 3, 5, 3, 5, 3, 5, 3, 5, 3, 5, 3, 5, 3, 5, 3, 5, 3, 5, 3, 5, 3, 5, 3, 5, 3, 5, 3, 5, 3, 5, 3, 5, 3, 5, 3, 5, 3, 5, 3, 5, 3, 5, 3, 5, 3, 5, 3, 5, 3, 5, 3, 5, 3, 5, 3, 5, 3, 5, 3, 5, 3, 5, 3, 5, 3, 5, 3, 5, 3, 5, 3, 5, 3, 5, 3, 5, 3, 5, 3, 5, 3, 5, 3, 5, 3, 5, 3, 5, 3, 5, 3, 5, 3, 5, 3, 5, 3, 5, 3, 5, 3, 5, 3, 5, 3, 5, 3, 4, 3, 4, 3, 5, 22, 5, 3, 5, 3, 5, 3, 5, 3, 5, 3, 5, 3, 5, 3, 5, 3, 5, 3, 5, 3, 5, 3, 5, 3, 5, 3, 5, 3, 5, 3, 5, 3, 10, 15, 2, 17, 9]	0.45468759536743164
6	15	1438	663	[6, 7, 18, 3, 5, 3, 5, 3, 5, 3, 5, 3, 5, 3, 5, 3, 5, 3, 4, 3, 5, 3, 5, 3, 5, 3, 5, 3, 5, 3, 5, 3, 5, 3, 5, 3, 5, 3, 5, 3, 5, 3, 5, 3, 5, 3, 5, 3, 5, 3, 5, 3, 4, 3, 5, 3, 5, 3, 5, 3, 5, 3, 5, 3, 5, 3, 5, 3, 5, 3, 5, 3, 5, 3, 5, 3, 5, 3, 5, 3, 5, 3, 5, 3, 5, 3, 5, 3, 4, 3, 5, 3, 5, 3, 5, 3, 5, 3, 5, 3, 5, 3, 5, 3, 18, 11, 23, 11, 23, 11, 23, 12, 21, 3, 5, 3, 5, 3, 5, 3, 5, 3, 5, 3, 5, 22, 5, 3, 5, 3, 5, 3, 5, 3, 5, 3, 5, 3, 5, 3, 5, 3, 5, 3, 5, 3, 5, 3, 5, 3, 5, 3, 5, 22, 8, 22, 5, 3, 5, 3, 5, 3, 5, 3, 5, 3, 5, 3, 5, 3, 5, 3, 5, 3, 5, 3, 5, 3, 5, 3, 5, 3, 5, 3, 5, 3, 5, 3, 5, 3, 5, 3, 5, 3, 5, 3, 5, 3, 5, 3, 5, 3, 5, 3, 5, 3, 5, 3, 5, 3, 5, 3, 5, 3, 5, 3, 5, 3, 5, 3, 5, 3, 5, 3, 5, 3, 5, 3, 5, 3, 5, 3, 5, 3, 4, 3, 5, 3, 5, 3, 5, 3, 5, 3, 5, 3, 5, 3, 5, 3, 5, 3, 5, 3, 5, 3, 5, 3, 5, 3, 5, 3, 5, 3, 10, 15, 2, 17, 9]	0.4188718795776367
6	20	1481	966	[6, 7, 18, 3, 5, 3, 5, 3, 5, 3, 5, 3, 5, 3, 5, 3, 5, 3, 5, 3, 5, 3, 5, 3, 18, 3, 5, 3, 5, 3, 5, 3, 5, 3, 5, 3, 5, 3, 5, 3, 5, 3, 5, 3, 5, 0, 5, 3, 5, 3, 5, 3, 5, 3, 5, 3, 5, 3, 5, 3, 5, 3, 5, 3, 21, 12, 21, 3, 5, 3, 5, 3, 5, 3, 5, 3, 5, 3, 5, 3, 5, 3, 5, 3, 21, 12, 21, 3, 5, 3, 5, 3, 5, 3, 5, 3, 5, 3, 5, 3, 5, 3, 5, 3, 5, 3, 5, 3, 5, 3, 5, 3, 5, 3, 5, 3, 5, 3, 5, 3, 5, 3, 5, 3, 5, 3, 5, 3, 5, 3, 5, 3, 5, 3, 5, 3, 5, 3, 5, 3, 5, 3, 5, 3, 5, 3, 5, 3, 5, 3, 5, 3, 5, 3, 5, 3, 5, 3, 5, 3, 5, 3, 5, 3, 5, 3, 5, 3, 5, 3, 5, 3, 5, 3, 5, 3, 5, 3, 5, 3, 5, 3, 5, 3, 5, 3, 5, 3, 5, 3, 5, 3, 5, 3, 5, 3, 5, 3, 5, 0, 5, 3, 5, 3, 5, 3, 5, 3, 5, 3, 5, 3, 5, 3, 5, 3, 5, 3, 5, 3, 5, 3, 4, 3, 5, 3, 5, 3, 5, 3, 5, 3, 5, 3, 5, 3, 5, 3, 5, 3, 5, 3, 5, 3, 5, 3, 5, 3, 5, 3, 5, 3, 5, 3, 5, 3, 5, 3, 5, 3, 5, 3, 5, 3, 5, 3, 5, 3, 5, 3, 5, 3, 5, 3, 5, 3, 5, 3, 5, 3, 10, 15, 2, 17, 9]	0.3048439025878906
6	25	870	269	[6, 13, 20, 13, 20, 0, 5, 0, 20, 0, 5, 3, 21, 12, 21, 12, 21, 12, 21, 12, 21, 12, 21, 12, 21, 12, 21, 12, 21, 12, 21, 12, 21, 12, 21, 12, 21, 12, 21, 12, 21, 12, 21, 12, 21, 12, 21, 12, 21, 12, 21, 12, 21, 12, 21, 12, 21, 12, 21, 12, 21, 12, 21, 12, 21, 12, 21, 12, 21, 12, 21, 12, 21, 12, 21, 12, 21, 12, 21, 12, 21, 12, 21, 12, 21, 12, 21, 12, 21, 12, 21, 12, 21, 12, 21, 12, 21, 12, 21, 12, 21, 12, 21, 12, 21, 12, 21, 12, 21, 12, 21, 12, 21, 12, 21, 12, 21, 12, 21, 12, 19, 14, 16, 14, 16, 10, 15, 2, 17, 9]	0.1772317886352539
6	1	39	8	[9, 18, 3, 10, 16]	0.04967784881591797
6	5	39	8	[9, 18, 3, 10, 16]	0.054160356521606445
6	10	39	9	[9, 18, 3, 10, 16]	0.05655717849731445
6	15	49	13	[9, 18, 3, 21, 3, 10, 16]	0.04876518249511719
6	20	206	52	[9, 18, 7, 6, 13, 20, 13, 6, 7, 18, 11, 23, 11, 18, 3, 21, 12, 21, 3, 5, 22, 8, 16]	0.05301976203918457
6	25	69	21	[9, 18, 3, 4, 1, 4, 3, 10, 16]	0.04888629913330078
6	1	202	45	[12, 21, 3, 5, 0, 20, 11, 18, 11, 23, 11, 20, 13, 6, 13, 20, 0, 5, 3, 18, 9, 17]	0.08705711364746094
6	5	170	39	[12, 21, 3, 5, 0, 20, 11, 20, 0, 5, 3, 18, 11, 23, 11, 23, 11, 18, 9, 17]	0.0811617374420166
6	10	36	7	[12, 15, 2, 17]	0.09071493148803711
6	15	36	7	[12, 15, 2, 17]	0.09349203109741211
6	20	36	7	[12, 15, 2, 17]	0.0826566219329834
6	25	36	7	[12, 15, 2, 17]	0.07155156135559082
6	1	33	8	[21, 3, 18, 7, 6]	0.08207941055297852
6	5	90	16	[21, 12, 23, 11, 20, 11, 18, 7, 6]	0.07174324989318848
6	10	33	10	[21, 3, 18, 7, 6]	0.0795433521270752
6	15	33	10	[21, 3, 18, 7, 6]	0.07705974578857422
6	20	61	14	[21, 3, 18, 11, 18, 7, 6]	0.06797647476196289
6	25	33	11	[21, 3, 18, 7, 6]	0.06875944137573242
6	1	37	9	[16, 10, 3, 18, 7]	0.0692300796508789
6	5	37	9	[16, 10, 3, 18, 7]	0.06163620948791504
6	10	44	14	[16, 1, 4, 3, 18, 7]	0.06455039978027344
6	15	59	14	[16, 14, 22, 5, 3, 18, 7]	0.06236433982849121
6	20	77	18	[16, 10, 15, 2, 17, 9, 18, 7]	0.06448483467102051
6	25	60	19	[16, 10, 16, 1, 4, 3, 18, 7]	0.05753636360168457
6	1	28	4	[11, 18, 9]	0.06523895263671875
6	5	28	4	[11, 18, 9]	0.06429195404052734
6	10	2234	1038	[11, 23, 11, 23, 11, 23, 11, 23, 11, 23, 11, 23, 11, 23, 11, 23, 11, 23, 11, 23, 11, 23, 11, 23, 11, 23, 11, 23, 11, 23, 11, 23, 11, 23, 11, 23, 11, 23, 11, 23, 11, 20, 0, 5, 3, 5, 3, 5, 3, 5, 3, 5, 3, 5, 3, 5, 3, 5, 3, 5, 3, 5, 3, 4, 3, 5, 3, 5, 3, 5, 3, 5, 3, 5, 3, 5, 3, 5, 3, 5, 3, 5, 3, 5, 3, 5, 3, 5, 3, 5, 3, 5, 3, 21, 3, 5, 3, 5, 3, 5, 3, 5, 3, 5, 3, 5, 3, 5, 3, 5, 3, 5, 3, 5, 3, 5, 3, 5, 3, 5, 3, 5, 3, 5, 3, 5, 3, 5, 3, 5, 3, 5, 3, 5, 3, 5, 3, 5, 3, 5, 3, 5, 3, 5, 3, 5, 3, 5, 3, 5, 3, 5, 3, 5, 3, 5, 3, 5, 3, 4, 3, 5, 3, 5, 3, 5, 3, 5, 3, 4, 3, 5, 3, 5, 3, 5, 3, 5, 3, 5, 3, 5, 3, 5, 3, 5, 3, 5, 3, 5, 3, 4, 3, 5, 3, 5, 3, 5, 3, 5, 3, 5, 3, 5, 3, 5, 3, 5, 3, 5, 3, 5, 3, 5, 3, 5, 3, 5, 3, 5, 3, 5, 3, 5, 3, 5, 3, 5, 3, 5, 3, 5, 3, 5, 3, 5, 3, 5, 3, 5, 3, 5, 3, 5, 3, 5, 22, 5, 3, 5, 3, 5, 3, 5, 3, 18, 3, 5, 3, 18, 3, 5, 3, 5, 3, 5, 3, 5, 3, 5, 3, 5, 3, 5, 3, 5, 3, 5, 3, 5, 3, 5, 3, 5, 3, 5, 3, 5, 3, 5, 3, 5, 3, 5, 3, 5, 3, 5, 3, 5, 3, 5, 3, 5, 3, 5, 3, 5, 3, 5, 3, 5, 3, 5, 3, 5, 3, 5, 3, 5, 3, 5, 3, 5, 3, 5, 3, 5, 3, 5, 3, 5, 3, 5, 3, 5, 3, 5, 3, 5, 3, 5, 3, 5, 3, 5, 3, 5, 3, 5, 3, 5, 3, 5, 3, 5, 3, 5, 3, 5, 3, 5, 3, 5, 3, 5, 3, 5, 3, 5, 3, 5, 3, 5, 3, 5, 3, 5, 3, 5, 3, 5, 3, 5, 3, 5, 3, 5, 3, 5, 3, 5, 3, 5, 3, 5, 3, 5, 3, 5, 3, 5, 3, 5, 3, 5, 3, 5, 3, 5, 3, 5, 3, 5, 0, 5, 3, 5, 3, 5, 3, 10, 15, 2, 17, 9]	0.4061241149902344
6	15	1352	622	[11, 20, 13, 6, 7, 6, 7, 18, 3, 5, 3, 5, 3, 5, 3, 5, 3, 5, 3, 5, 3, 5, 3, 5, 3, 5, 3, 5, 3, 5, 3, 5, 3, 5, 3, 5, 3, 5, 3, 5, 3, 5, 3, 5, 3, 5, 3, 5, 3, 5, 3, 5, 3, 5, 3, 5, 3, 5, 3, 5, 0, 5, 3, 5, 3, 5, 3, 5, 3, 5, 3, 5, 3, 5, 3, 5, 3, 5, 3, 5, 3, 5, 3, 5, 3, 5, 3, 5, 3, 5, 3, 5, 3, 5, 3, 5, 3, 5, 3, 5, 3, 5, 3, 5, 3, 5, 3, 5, 3, 5, 3, 5, 3, 5, 3, 21, 3, 5, 3, 5, 3, 5, 3, 5, 3, 5, 3, 5, 3, 5, 3, 5, 3, 5, 3, 21, 3, 5, 3, 5, 3, 5, 3, 5, 3, 5, 3, 5, 3, 5, 3, 5, 3, 5, 3, 5, 3, 5, 3, 5, 3, 5, 3, 5, 3, 5, 3, 5, 3, 5, 3, 5, 3, 5, 3, 5, 3, 5, 3, 5, 3, 5, 3, 5, 3, 5, 3, 5, 3, 5, 3, 5, 3, 5, 3, 5, 22, 5, 3, 5, 3, 5, 22, 5, 3, 5, 3, 5, 3, 5, 3, 5, 3, 5, 3, 5, 3, 5, 3, 5, 3, 5, 3, 5, 3, 5, 3, 5, 3, 5, 3, 5, 3, 5, 3, 5, 3, 5, 3, 5, 3, 5, 3, 5, 3, 5, 3, 10, 15, 2, 17, 9]	0.5019640922546387
6	20	709	411	[11, 23, 11, 23, 11, 23, 11, 23, 11, 23, 11, 23, 11, 23, 11, 23, 11, 23, 12, 21, 3, 5, 3, 5, 3, 5, 3, 5, 3, 5, 3, 5, 3, 4, 3, 5, 3, 5, 3, 5, 3, 5, 3, 5, 3, 5, 3, 5, 3, 5, 3, 5, 22, 5, 3, 5, 3, 5, 3, 5, 3, 5, 3, 5, 3, 5, 3, 5, 3, 5, 3, 5, 3, 5, 3, 5, 3, 5, 3, 5, 3, 5, 3, 5, 3, 5, 3, 18, 3, 5, 3, 5, 3, 5, 3, 5, 3, 5, 3, 5, 3, 5, 3, 5, 3, 5, 3, 5, 3, 5, 0, 5, 3, 5, 3, 5, 3, 5, 3, 5, 3, 5, 3, 10, 15, 2, 17, 9]	0.3475494384765625
6	25	452	140	[11, 23, 11, 23, 11, 23, 11, 18, 3, 18, 3, 21, 12, 21, 12, 21, 12, 21, 12, 21, 12, 21, 12, 21, 12, 21, 12, 21, 12, 21, 12, 21, 12, 21, 12, 21, 12, 21, 12, 21, 12, 21, 12, 21, 12, 21, 12, 21, 12, 21, 12, 21, 12, 21, 12, 19, 14, 19, 12, 21, 12, 21, 12, 15, 2, 17, 9]	0.25118374824523926
6	1	63	14	[0, 20, 0, 5, 3, 18, 7, 6]	0.07474017143249512
6	5	33	7	[0, 20, 13, 6]	0.07065844535827637
6	10	33	7	[0, 20, 13, 6]	0.06680154800415039
6	15	33	7	[0, 20, 13, 6]	0.06779766082763672
6	20	51	21	[0, 5, 3, 5, 3, 18, 7, 6]	0.0719151496887207
6	25	51	12	[0, 20, 13, 20, 13, 6]	0.06025362014770508
7	1	39	11	[1, 4, 3, 21, 12, 19]	0.12558841705322266
7	5	39	7	[1, 16, 14, 19]	0.1195676326751709
7	10	86	21	[1, 4, 3, 5, 0, 20, 11, 23, 12, 19]	0.12446880340576172
7	15	51	16	[1, 4, 3, 4, 3, 21, 12, 19]	0.11196064949035645
7	20	258	54	[1, 16, 8, 22, 5, 0, 20, 11, 18, 9, 17, 2, 17, 2, 17, 9, 18, 11, 23, 11, 20, 11, 23, 12, 19]	0.11802554130554199
7	25	39	11	[1, 4, 3, 21, 12, 19]	0.1128990650177002
7	1	35	7	[2, 15, 12, 21]	0.07622051239013672
7	5	35	7	[2, 15, 12, 21]	0.0789031982421875
7	10	35	7	[2, 15, 12, 21]	0.1252753734588623
7	15	35	7	[2, 15, 12, 21]	0.0935673713684082
7	20	35	7	[2, 15, 12, 21]	0.07052063941955566
7	25	35	7	[2, 15, 12, 21]	0.07763409614562988
7	1	37	8	[6, 7, 18, 11]	0.07863306999206543
7	5	37	8	[6, 7, 18, 11]	0.08026576042175293
7	10	37	8	[6, 7, 18, 11]	0.09868264198303223
7	15	35	8	[6, 13, 20, 11]	0.0837252140045166
7	20	37	8	[6, 7, 18, 11]	0.07836246490478516
7	25	35	9	[6, 13, 20, 11]	0.08104968070983887
7	1	111	23	[0, 5, 0, 5, 22, 14, 19, 14, 22, 14, 16]	0.1446669101715088
7	5	33	9	[0, 5, 3, 10, 16]	0.1775200366973877
7	10	33	9	[0, 5, 3, 10, 16]	0.14427423477172852
7	15	124	32	[0, 5, 22, 14, 19, 14, 22, 8, 22, 5, 3, 4, 1, 16]	0.13347697257995605
7	20	33	9	[0, 5, 3, 10, 16]	0.22945046424865723
7	25	40	12	[0, 5, 3, 4, 1, 16]	0.08948493003845215
7	1	48	13	[20, 13, 20, 0, 5, 3, 4]	0.10136890411376953
7	5	30	9	[20, 0, 5, 3, 4]	0.13759613037109375
7	10	30	9	[20, 0, 5, 3, 4]	0.15887951850891113
7	15	30	9	[20, 0, 5, 3, 4]	0.11174774169921875
7	20	30	9	[20, 0, 5, 3, 4]	0.12442827224731445
7	25	30	10	[20, 0, 5, 3, 4]	0.11494135856628418
7	1	28	6	[22, 5, 0, 20]	0.13823461532592773
7	5	28	6	[22, 5, 0, 20]	0.171539306640625
7	10	28	6	[22, 5, 0, 20]	0.16824889183044434
7	15	28	6	[22, 5, 0, 20]	0.11235761642456055
7	20	28	6	[22, 5, 0, 20]	0.1229410171508789
7	25	28	6	[22, 5, 0, 20]	0.11381101608276367
7	1	40	8	[17, 9, 18, 7]	0.1684892177581787
7	5	40	8	[17, 9, 18, 7]	0.13589167594909668
7	10	372	79	[17, 2, 15, 10, 15, 10, 16, 8, 22, 8, 16, 1, 16, 10, 3, 21, 12, 15, 2, 17, 9, 18, 11, 20, 0, 5, 3, 10, 16, 14, 22, 5, 0, 20, 13, 6, 7]	0.1261141300201416
7	15	40	8	[17, 9, 18, 7]	0.1990063190460205
7	20	40	8	[17, 9, 18, 7]	0.14909696578979492
7	25	68	13	[17, 9, 18, 9, 18, 7]	0.14226436614990234
7	1	51	13	[21, 3, 4, 3, 10, 15, 2]	0.19839787483215332
7	5	35	6	[21, 12, 15, 2]	0.28221869468688965
7	10	51	13	[21, 3, 4, 3, 10, 15, 2]	0.19454574584960938
7	15	112	24	[21, 3, 18, 11, 23, 11, 20, 11, 23, 12, 15, 2]	0.2262887954711914
7	20	35	6	[21, 12, 15, 2]	0.21155476570129395
7	25	70	20	[21, 3, 5, 22, 8, 16, 10, 15, 2]	0.1878807544708252
7	1	18	7	[0, 5, 3, 21]	0.08710718154907227
7	5	18	7	[0, 5, 3, 21]	0.07413244247436523
7	10	18	7	[0, 5, 3, 21]	0.09720325469970703
7	15	18	7	[0, 5, 3, 21]	0.07175493240356445
7	20	18	7	[0, 5, 3, 21]	0.06455421447753906
7	25	18	7	[0, 5, 3, 21]	0.05464911460876465
7	1	118	32	[19, 12, 23, 12, 21, 12, 21, 3, 4, 1, 16, 10, 3, 5]	0.08256673812866211
7	5	29	11	[19, 12, 21, 3, 5]	0.07664275169372559
7	10	29	11	[19, 12, 21, 3, 5]	0.08159708976745605
7	15	34	7	[19, 14, 22, 5]	0.08577132225036621
7	20	34	7	[19, 14, 22, 5]	0.07644391059875488
7	25	29	11	[19, 12, 21, 3, 5]	0.072174072265625
7	1	5	2	[3, 21]	0.0318758487701416
7	5	5	2	[3, 21]	0.03294730186462402
7	10	5	2	[3, 21]	0.030015945434570312
7	15	5	2	[3, 21]	0.029129505157470703
7	20	5	2	[3, 21]	0.02904796600341797
7	25	5	2	[3, 21]	0.029378890991210938
7	1	14	2	[18, 11]	0.06394100189208984
7	5	14	2	[18, 11]	0.055861711502075195
7	10	14	2	[18, 11]	0.059534311294555664
7	15	14	2	[18, 11]	0.0544896125793457
7	20	14	2	[18, 11]	0.04946446418762207
7	25	14	2	[18, 11]	0.05852651596069336
7	1	11	5	[5, 3, 4]	0.05492877960205078
7	5	11	5	[5, 3, 4]	0.05558443069458008
7	10	11	5	[5, 3, 4]	0.055347442626953125
7	15	11	5	[5, 3, 4]	0.05325126647949219
7	20	11	5	[5, 3, 4]	0.04469585418701172
7	25	228	57	[5, 3, 10, 15, 10, 16, 14, 19, 12, 19, 14, 22, 8, 22, 14, 19, 12, 21, 12, 15, 12, 21, 3, 4]	0.04484677314758301
7	1	19	4	[15, 10, 3]	0.04832863807678223
7	5	19	4	[15, 10, 3]	0.050455570220947266
7	10	33	8	[15, 10, 15, 10, 3]	0.047882795333862305
7	15	19	4	[15, 10, 3]	0.04957103729248047
7	20	19	4	[15, 10, 3]	0.043123722076416016
7	25	19	4	[15, 10, 3]	0.05553245544433594
7	1	25	7	[0, 5, 3, 10]	0.06965899467468262
7	5	25	7	[0, 5, 3, 10]	0.07338380813598633
7	10	25	7	[0, 5, 3, 10]	0.07814455032348633
7	15	25	7	[0, 5, 3, 10]	0.08416366577148438
7	20	35	11	[0, 5, 3, 18, 3, 10]	0.11609959602355957
7	25	25	7	[0, 5, 3, 10]	0.1072089672088623
7	1	13	2	[13, 6]	0.05772590637207031
7	5	13	2	[13, 6]	0.058793067932128906
7	10	13	2	[13, 6]	0.07895326614379883
7	15	13	2	[13, 6]	0.05077791213989258
7	20	13	2	[13, 6]	0.051024436950683594
7	25	13	2	[13, 6]	0.05573248863220215
7	1	15	2	[12, 23]	0.05236363410949707
7	5	15	2	[12, 23]	0.05905604362487793
7	10	15	2	[12, 23]	0.056435585021972656
7	15	15	2	[12, 23]	0.059426307678222656
7	20	15	2	[12, 23]	0.05111575126647949
7	25	15	2	[12, 23]	0.05238151550292969
7	1	185	44	[20, 0, 5, 3, 21, 12, 19, 12, 15, 2, 17, 2, 15, 10, 16, 10, 15, 10, 16, 8, 22]	0.08169770240783691
7	5	28	6	[20, 0, 5, 22]	0.08089804649353027
7	10	28	6	[20, 0, 5, 22]	0.07364535331726074
7	15	28	6	[20, 0, 5, 22]	0.0775766372680664
7	20	28	6	[20, 0, 5, 22]	0.08115792274475098
7	25	28	7	[20, 0, 5, 22]	0.083526611328125
7	1	57	13	[5, 3, 21, 12, 15, 12, 19]	0.11072468757629395
7	5	29	9	[5, 3, 21, 12, 19]	0.11728715896606445
7	10	45	13	[5, 0, 5, 3, 21, 12, 19]	0.10483217239379883
7	15	93	21	[5, 0, 20, 13, 20, 11, 18, 3, 21, 12, 19]	0.1114494800567627
7	20	49	17	[5, 3, 21, 3, 18, 3, 21, 12, 19]	0.1157979965209961
7	25	29	9	[5, 3, 21, 12, 19]	0.10954570770263672
7	1	31	10	[22, 5, 3, 18, 7]	0.11846566200256348
7	5	31	10	[22, 5, 3, 18, 7]	0.13093996047973633
7	10	31	10	[22, 5, 3, 18, 7]	0.12322306632995605
7	15	31	10	[22, 5, 3, 18, 7]	0.11545705795288086
7	20	31	10	[22, 5, 3, 18, 7]	0.115264892578125
7	25	31	10	[22, 5, 3, 18, 7]	0.12284660339355469
8	1	31	10	[5, 3, 21, 12, 23]	0.5305371284484863
8	5	31	10	[5, 3, 21, 12, 23]	0.5358781814575195
8	10	41	14	[5, 3, 18, 3, 21, 12, 23]	0.4859597682952881
8	15	31	10	[5, 3, 21, 12, 23]	0.4519782066345215
8	20	38	8	[5, 0, 20, 11, 23]	0.43419671058654785
8	25	31	10	[5, 3, 21, 12, 23]	0.45922374725341797
8	1	117	31	[13, 20, 11, 23, 11, 18, 3, 18, 7, 18, 3, 18, 3, 10, 16]	0.5214841365814209
8	5	69	18	[13, 20, 0, 5, 0, 5, 3, 10, 16]	0.5325791835784912
8	10	89	25	[13, 20, 13, 6, 7, 18, 3, 18, 3, 10, 16]	0.5424888134002686
8	15	180	50	[13, 20, 13, 6, 7, 6, 7, 18, 3, 21, 12, 19, 14, 19, 12, 21, 3, 4, 1, 16]	0.5455901622772217
8	20	58	15	[13, 20, 0, 5, 22, 8, 16]	0.5348286628723145
8	25	86	23	[13, 6, 7, 18, 3, 4, 1, 4, 1, 16]	0.5310444831848145
8	1	11	5	[3, 21, 12]	0.2859673500061035
8	5	11	5	[3, 21, 12]	0.2684001922607422
8	10	11	5	[3, 21, 12]	0.2697591781616211
8	15	11	5	[3, 21, 12]	0.26961326599121094
8	20	11	5	[3, 21, 12]	0.23950600624084473
8	25	11	5	[3, 21, 12]	0.24306488037109375
8	1	5	2	[3, 21]	0.1879422664642334
8	5	5	2	[3, 21]	0.1714022159576416
8	10	5	2	[3, 21]	0.1455061435699463
8	15	5	2	[3, 21]	0.14839792251586914
8	20	5	2	[3, 21]	0.11299800872802734
8	25	5	2	[3, 21]	0.13173222541809082
8	1	58	16	[16, 8, 22, 5, 22, 5, 3, 21]	0.32465124130249023
8	5	25	6	[16, 10, 3, 21]	0.3493540287017822
8	10	25	6	[16, 10, 3, 21]	0.3391878604888916
8	15	25	6	[16, 10, 3, 21]	0.34757375717163086
8	20	25	6	[16, 10, 3, 21]	0.3624308109283447
8	25	39	12	[16, 10, 15, 10, 3, 21]	0.31050801277160645
8	1	34	6	[3, 10, 15, 2]	0.8538093566894531
8	5	34	6	[3, 10, 15, 2]	0.7465887069702148
8	10	34	6	[3, 10, 15, 2]	0.7036013603210449
8	15	34	6	[3, 10, 15, 2]	0.7326552867889404
8	20	40	9	[3, 21, 12, 15, 2]	0.6701560020446777
8	25	158	30	[3, 5, 22, 8, 16, 14, 22, 14, 19, 12, 15, 12, 15, 2]	0.6409425735473633
8	1	50	14	[10, 3, 18, 3, 18, 7, 6]	0.7454068660736084
8	5	40	10	[10, 3, 18, 7, 6]	0.7592442035675049
8	10	179	50	[10, 16, 8, 22, 8, 16, 1, 4, 1, 4, 3, 5, 0, 5, 22, 5, 3, 4, 3, 18, 7, 6]	0.8180630207061768
8	15	40	10	[10, 3, 18, 7, 6]	0.8259344100952148
8	20	40	10	[10, 3, 18, 7, 6]	0.8955605030059814
8	25	258	61	[10, 15, 2, 17, 2, 17, 9, 17, 2, 17, 2, 17, 2, 17, 9, 17, 2, 17, 2, 15, 12, 21, 3, 18, 9, 18, 7, 6]	0.7886486053466797
8	1	28	9	[1, 4, 3, 5, 0]	0.5172271728515625
8	5	28	9	[1, 4, 3, 5, 0]	0.550086498260498
8	10	50	11	[1, 16, 8, 22, 5, 0]	0.49186253547668457
8	15	28	9	[1, 4, 3, 5, 0]	0.4276003837585449
8	20	28	10	[1, 4, 3, 5, 0]	0.45331621170043945
8	25	28	10	[1, 4, 3, 5, 0]	0.5046088695526123
8	1	30	7	[23, 11, 20, 0]	0.5040788650512695
8	5	30	7	[23, 11, 20, 0]	0.45798254013061523
8	10	30	7	[23, 11, 20, 0]	0.532477855682373
8	15	30	7	[23, 11, 20, 0]	0.5739223957061768
8	20	38	11	[23, 11, 18, 3, 5, 0]	0.4858212471008301
8	25	39	13	[23, 12, 21, 3, 5, 0]	0.47553467750549316
8	1	20	5	[13, 20, 0]	0.2861475944519043
8	5	20	5	[13, 20, 0]	0.28261423110961914
8	10	20	5	[13, 20, 0]	0.28429436683654785
8	15	20	5	[13, 20, 0]	0.24720048904418945
8	20	20	5	[13, 20, 0]	0.229020357131958
8	25	20	5	[13, 20, 0]	0.24604511260986328
8	1	21	4	[9, 17, 2]	0.37019944190979004
8	5	21	4	[9, 17, 2]	0.4072105884552002
8	10	21	5	[9, 17, 2]	0.3594362735748291
8	15	21	5	[9, 17, 2]	0.39405274391174316
8	20	21	5	[9, 17, 2]	0.3377654552459717
8	25	21	5	[9, 17, 2]	0.33122730255126953
8	1	102	27	[6, 7, 18, 3, 21, 12, 19, 12, 21, 12, 19, 14]	0.6227593421936035
8	5	55	13	[6, 7, 18, 3, 5, 22, 14]	0.6515629291534424
8	10	81	20	[6, 13, 6, 7, 18, 3, 5, 22, 14]	0.6160385608673096
8	15	121	28	[6, 7, 18, 3, 18, 9, 17, 9, 18, 3, 5, 22, 14]	0.6087405681610107
8	20	135	36	[6, 13, 6, 7, 18, 7, 18, 3, 21, 12, 21, 3, 10, 16, 14]	0.663316011428833
8	25	83	20	[6, 7, 18, 9, 18, 3, 5, 22, 14]	0.6710269451141357
8	1	21	4	[11, 23, 12]	0.31641721725463867
8	5	21	4	[11, 23, 12]	0.2651095390319824
8	10	21	4	[11, 23, 12]	0.2503328323364258
8	15	21	4	[11, 23, 12]	0.25774264335632324
8	20	21	4	[11, 23, 12]	0.22673916816711426
8	25	21	4	[11, 23, 12]	0.24021291732788086
8	1	93	21	[16, 8, 22, 8, 22, 5, 22, 14, 19, 12]	0.3921678066253662
8	5	55	13	[16, 1, 16, 10, 3, 21, 12]	0.37874388694763184
8	10	31	9	[16, 10, 3, 21, 12]	0.37186360359191895
8	15	43	11	[16, 10, 15, 10, 15, 12]	0.41138434410095215
8	20	40	7	[16, 14, 19, 12]	0.3581564426422119
8	25	46	15	[16, 8, 22, 5, 3, 21, 12]	0.36515069007873535
8	1	25	4	[19, 14, 22]	0.37088847160339355
8	5	25	4	[19, 14, 22]	0.32677650451660156
8	10	25	4	[19, 14, 22]	0.33451008796691895
8	15	25	4	[19, 14, 22]	0.32630062103271484
8	20	25	4	[19, 14, 22]	0.31509923934936523
8	25	49	9	[19, 14, 19, 14, 22]	0.32454848289489746
8	1	13	4	[3, 5, 0]	0.3669459819793701
8	5	13	4	[3, 5, 0]	0.3620791435241699
8	10	13	4	[3, 5, 0]	0.32846665382385254
8	15	13	4	[3, 5, 0]	0.3493540287017822
8	20	13	5	[3, 5, 0]	0.3376123905181885
8	25	13	5	[3, 5, 0]	0.35990118980407715
8	1	30	6	[0, 5, 22, 14]	0.546236515045166
8	5	30	6	[0, 5, 22, 14]	0.5592551231384277
8	10	30	6	[0, 5, 22, 14]	0.5580234527587891
8	15	30	6	[0, 5, 22, 14]	0.540748119354248
8	20	30	6	[0, 5, 22, 14]	0.546790361404419
8	25	30	6	[0, 5, 22, 14]	0.5792348384857178
8	1	20	5	[0, 20, 13]	0.5767431259155273
8	5	20	5	[0, 20, 13]	0.48908400535583496
8	10	20	5	[0, 20, 13]	0.4560122489929199
8	15	20	5	[0, 20, 13]	0.446197509765625
8	20	20	5	[0, 20, 13]	0.36875462532043457
8	25	20	5	[0, 20, 13]	0.3930633068084717
8	1	26	5	[7, 18, 11]	0.37874937057495117
8	5	26	5	[7, 18, 11]	0.3832073211669922
8	10	26	5	[7, 18, 11]	0.39115381240844727
8	15	26	5	[7, 18, 11]	0.3751406669616699
8	20	26	5	[7, 18, 11]	0.33200669288635254
8	25	26	5	[7, 18, 11]	0.30040931701660156
8	1	193	40	[9, 17, 2, 17, 2, 15, 10, 15, 2, 17, 2, 15, 2, 17, 2, 17, 2, 15, 12, 19]	0.6893370151519775
8	5	108	26	[9, 18, 3, 4, 1, 16, 8, 22, 8, 22, 14, 19]	0.6286647319793701
8	10	137	37	[9, 18, 7, 6, 7, 6, 13, 6, 7, 18, 3, 21, 12, 19]	0.6202726364135742
8	15	53	17	[9, 18, 3, 18, 3, 21, 12, 19]	0.6205704212188721
8	20	43	13	[9, 18, 3, 21, 12, 19]	0.5585289001464844
8	25	43	13	[9, 18, 3, 21, 12, 19]	0.5544052124023438
9	1	50	11	[13, 20, 0, 5, 22, 14]	1.4997453689575195
9	5	50	11	[13, 20, 0, 5, 22, 14]	1.535904884338379
9	10	50	11	[13, 20, 0, 5, 22, 14]	1.5521950721740723
9	15	94	21	[13, 6, 13, 20, 0, 5, 22, 5, 22, 14]	1.391690969467163
9	20	104	30	[13, 20, 11, 23, 11, 23, 11, 23, 12, 21, 12, 19, 14]	1.3783836364746094
9	25	50	12	[13, 20, 0, 5, 22, 14]	1.3680872917175293
9	1	37	9	[13, 20, 0, 5, 22]	0.950197696685791
9	5	37	9	[13, 20, 0, 5, 22]	0.9800996780395508
9	10	37	9	[13, 20, 0, 5, 22]	0.9150488376617432
9	15	37	9	[13, 20, 0, 5, 22]	0.9379217624664307
9	20	37	9	[13, 20, 0, 5, 22]	1.0069503784179688
9	25	37	10	[13, 20, 0, 5, 22]	1.2912065982818604
9	1	29	8	[20, 0, 5, 3, 21]	0.9427151679992676
9	5	29	8	[20, 0, 5, 3, 21]	0.9181063175201416
9	10	67	18	[20, 11, 23, 11, 20, 0, 5, 3, 21]	0.8003530502319336
9	15	29	8	[20, 0, 5, 3, 21]	0.8054108619689941
9	20	29	9	[20, 0, 5, 3, 21]	0.7890446186065674
9	25	29	10	[20, 0, 5, 3, 21]	0.7717781066894531
9	1	46	11	[9, 18, 3, 5, 22, 14]	1.3141953945159912
9	5	46	11	[9, 18, 3, 5, 22, 14]	1.4303958415985107
9	10	46	11	[9, 18, 3, 5, 22, 14]	1.3737318515777588
9	15	80	22	[9, 17, 2, 17, 2, 15, 10, 16, 14]	1.2661142349243164
9	20	56	15	[9, 18, 3, 21, 3, 5, 22, 14]	1.7112793922424316
9	25	110	20	[9, 17, 9, 18, 9, 18, 3, 10, 16, 14]	1.6693663597106934
9	1	28	6	[22, 5, 0, 20]	1.1945347785949707
9	5	28	6	[22, 5, 0, 20]	1.1496798992156982
9	10	28	6	[22, 5, 0, 20]	1.088270664215088
9	15	28	6	[22, 5, 0, 20]	1.0488667488098145
9	20	28	6	[22, 5, 0, 20]	0.9515776634216309
9	25	28	8	[22, 5, 0, 20]	1.1063652038574219
9	1	59	17	[20, 13, 20, 0, 5, 3, 4, 3, 21]	0.9131467342376709
9	5	29	8	[20, 0, 5, 3, 21]	0.9407253265380859
9	10	55	15	[20, 13, 6, 7, 18, 3, 21]	0.8281066417694092
9	15	29	8	[20, 0, 5, 3, 21]	0.8774175643920898
9	20	29	9	[20, 0, 5, 3, 21]	0.9210104942321777
9	25	29	10	[20, 0, 5, 3, 21]	0.8203942775726318
9	1	35	9	[6, 13, 20, 11]	0.9998905658721924
9	5	35	9	[6, 13, 20, 11]	0.90334153175354
9	10	35	9	[6, 13, 20, 11]	0.9455263614654541
9	15	37	8	[6, 7, 18, 11]	0.9654138088226318
9	20	35	9	[6, 13, 20, 11]	0.8901562690734863
9	25	35	9	[6, 13, 20, 11]	0.8269248008728027
9	1	19	4	[21, 12, 19]	0.9272537231445312
9	5	19	4	[21, 12, 19]	0.9127581119537354
9	10	19	5	[21, 12, 19]	0.991544246673584
9	15	19	5	[21, 12, 19]	0.9941537380218506
9	20	19	5	[21, 12, 19]	0.9636194705963135
9	25	19	5	[21, 12, 19]	0.6570637226104736
9	1	307	77	[22, 5, 22, 8, 22, 5, 0, 5, 3, 18, 11, 20, 0, 20, 13, 6, 13, 6, 7, 6, 13, 20, 13, 20, 11, 23, 11, 18, 3, 5, 3, 21, 12, 15]	1.191737413406372
9	5	145	32	[22, 5, 22, 8, 22, 5, 3, 18, 9, 17, 2, 17, 9, 17, 2, 15]	1.1733338832855225
9	10	49	12	[22, 8, 22, 5, 3, 10, 15]	1.214803695678711
9	15	78	16	[22, 8, 16, 1, 4, 1, 16, 10, 15]	1.137451410293579
9	20	69	17	[22, 5, 3, 18, 9, 17, 2, 15]	1.1538872718811035
9	25	36	8	[22, 8, 16, 10, 15]	1.0603032112121582
9	1	44	11	[16, 1, 4, 3, 18, 7]	1.4806034564971924
9	5	65	13	[16, 10, 3, 18, 9, 18, 7]	1.4275133609771729
9	10	78	21	[16, 8, 22, 5, 0, 5, 3, 18, 3, 18, 7]	1.3032763004302979
9	15	80	17	[16, 8, 22, 5, 3, 18, 9, 18, 7]	1.1870977878570557
9	20	37	9	[16, 10, 3, 18, 7]	1.1956748962402344
9	25	37	9	[16, 10, 3, 18, 7]	1.1140620708465576
9	1	30	8	[9, 18, 3, 21, 12]	0.9280049800872803
9	5	30	8	[9, 18, 3, 21, 12]	1.0031471252441406
9	10	64	13	[9, 17, 2, 15, 10, 15, 12]	0.9588165283203125
9	15	30	8	[9, 18, 3, 21, 12]	0.934337854385376
9	20	30	8	[9, 18, 3, 21, 12]	0.8073115348815918
9	25	30	8	[9, 18, 3, 21, 12]	0.7245128154754639
9	1	26	7	[23, 12, 21, 3]	0.5222477912902832
9	5	25	7	[23, 11, 18, 3]	0.5654294490814209
9	10	25	7	[23, 11, 18, 3]	0.4991493225097656
9	15	25	7	[23, 11, 18, 3]	0.5129513740539551
9	20	25	7	[23, 11, 18, 3]	0.5017013549804688
9	25	25	7	[23, 11, 18, 3]	0.43341588973999023
9	1	69	14	[16, 14, 19, 14, 22, 5, 0]	1.0118143558502197
9	5	47	13	[16, 10, 15, 10, 3, 5, 0]	1.1587848663330078
9	10	69	14	[16, 14, 19, 14, 22, 5, 0]	1.0417327880859375
9	15	62	12	[16, 1, 16, 8, 22, 5, 0]	0.9838283061981201
9	20	38	8	[16, 8, 22, 5, 0]	0.8737640380859375
9	25	202	58	[16, 10, 15, 10, 3, 21, 12, 21, 3, 18, 3, 21, 12, 15, 2, 17, 2, 17, 2, 15, 10, 16, 8, 22, 5, 0]	1.3140044212341309
9	1	16	6	[18, 3, 21, 12]	0.7557828426361084
9	5	16	6	[18, 3, 21, 12]	0.85408616065979
9	10	88	24	[18, 7, 6, 13, 6, 7, 18, 3, 21, 12]	0.8485214710235596
9	15	40	12	[18, 7, 18, 3, 21, 12]	0.8386456966400146
9	20	16	6	[18, 3, 21, 12]	0.7252728939056396
9	25	16	6	[18, 3, 21, 12]	0.6790993213653564
9	1	5	2	[3, 21]	0.42245912551879883
9	5	5	2	[3, 21]	0.3654642105102539
9	10	5	2	[3, 21]	0.39990973472595215
9	15	5	2	[3, 21]	0.29346394538879395
9	20	5	2	[3, 21]	0.36606526374816895
9	25	5	2	[3, 21]	0.2689025402069092
9	1	15	3	[2, 15]	0.2579965591430664
9	5	15	3	[2, 15]	0.3001434803009033
9	10	15	3	[2, 15]	0.2871980667114258
9	15	15	4	[2, 15]	0.24349188804626465
9	20	15	4	[2, 15]	0.24941706657409668
9	25	15	4	[2, 15]	0.238922119140625
9	1	38	11	[21, 3, 5, 0, 20, 13]	1.6875786781311035
9	5	48	15	[21, 3, 18, 3, 5, 0, 20, 13]	1.8384885787963867
9	10	61	16	[21, 12, 23, 11, 23, 11, 20, 13]	1.730482578277588
9	15	126	34	[21, 3, 4, 1, 16, 14, 19, 12, 21, 3, 5, 3, 5, 0, 20, 13]	1.6486868858337402
9	20	118	33	[21, 12, 21, 3, 4, 3, 18, 7, 18, 3, 5, 0, 20, 0, 20, 13]	1.6548552513122559
9	25	75	17	[21, 12, 19, 12, 23, 11, 20, 13]	1.832226037979126
9	1	56	15	[4, 3, 5, 3, 18, 9, 17, 2]	2.4264097213745117
9	5	86	27	[4, 3, 21, 3, 18, 3, 5, 3, 18, 3, 21, 12, 15, 2]	1.9707303047180176
9	10	100	27	[4, 1, 4, 3, 5, 0, 5, 3, 18, 3, 21, 12, 15, 2]	1.877913475036621
9	15	56	15	[4, 3, 5, 3, 21, 12, 15, 2]	1.8716340065002441
9	20	99	24	[4, 3, 18, 11, 23, 11, 23, 12, 21, 12, 15, 2]	1.750723123550415
9	25	119	28	[4, 1, 16, 14, 22, 5, 0, 5, 3, 21, 12, 15, 2]	1.5460293292999268
9	1	20	4	[1, 16, 10]	0.602933406829834
9	5	20	4	[1, 16, 10]	0.6291477680206299
9	10	20	4	[1, 16, 10]	0.6111619472503662
9	15	20	4	[1, 16, 10]	0.6331071853637695
9	20	20	4	[1, 16, 10]	0.5855090618133545
9	25	20	4	[1, 16, 10]	0.5179092884063721
9	1	38	11	[18, 3, 5, 0, 20, 13]	1.7075834274291992
9	5	48	15	[18, 3, 18, 3, 5, 0, 20, 13]	1.677943468093872
9	10	128	29	[18, 3, 5, 22, 14, 16, 14, 22, 8, 22, 5, 0, 20, 13]	1.7134244441986084
9	15	38	11	[18, 3, 5, 0, 20, 13]	1.530125379562378
9	20	36	7	[18, 11, 20, 13]	1.5389893054962158
9	25	36	9	[18, 7, 6, 13]	1.6468653678894043
10	1	21	4	[16, 1, 4]	4.8006768226623535
10	5	21	4	[16, 1, 4]	5.183185338973999
10	10	21	4	[16, 1, 4]	4.619777202606201
10	15	21	4	[16, 1, 4]	4.42505669593811
10	20	21	4	[16, 1, 4]	4.331400394439697
10	25	21	4	[16, 1, 4]	4.431856155395508
10	1	65	16	[16, 8, 22, 8, 22, 5, 0, 20]	10.571261644363403
10	5	58	16	[16, 10, 15, 10, 3, 5, 0, 20]	10.649919986724854
10	10	51	13	[16, 1, 4, 3, 5, 0, 20]	10.045326709747314
10	15	69	18	[16, 1, 4, 1, 4, 3, 5, 0, 20]	9.684062957763672
10	20	137	32	[16, 10, 15, 10, 3, 18, 9, 17, 2, 15, 12, 23, 11, 20]	9.998661041259766
10	25	49	11	[16, 8, 22, 5, 0, 20]	9.883087635040283
10	1	31	9	[4, 3, 18, 11, 23]	8.774368286132812
10	5	59	18	[4, 3, 5, 22, 5, 3, 18, 11, 23]	8.571689367294312
10	10	31	9	[4, 3, 18, 11, 23]	8.834376573562622
10	15	31	9	[4, 3, 18, 11, 23]	8.551030158996582
10	20	31	10	[4, 3, 18, 11, 23]	7.970562934875488
10	25	31	10	[4, 3, 18, 11, 23]	8.373554229736328
10	1	21	4	[12, 15, 10]	6.321480989456177
10	5	21	4	[12, 15, 10]	5.780508518218994
10	10	21	4	[12, 15, 10]	5.469843149185181
10	15	21	4	[12, 15, 10]	5.335836410522461
10	20	21	4	[12, 15, 10]	5.352790117263794
10	25	84	23	[12, 21, 3, 18, 11, 23, 11, 23, 12, 15, 10]	5.325185775756836
10	1	149	32	[6, 13, 20, 0, 20, 13, 20, 11, 20, 0, 20, 11, 23, 11, 18]	2.687854290008545
10	5	23	4	[6, 7, 18]	2.6782052516937256
10	10	23	4	[6, 7, 18]	2.586693525314331
10	15	23	5	[6, 7, 18]	2.8810765743255615
10	20	23	5	[6, 7, 18]	2.439775228500366
10	25	23	5	[6, 7, 18]	2.5759646892547607
10	1	47	14	[20, 13, 20, 0, 5, 3, 21]	6.091794013977051
10	5	37	8	[20, 11, 18, 3, 21]	6.2200539112091064
10	10	29	9	[20, 0, 5, 3, 21]	5.974567174911499
10	15	49	13	[20, 11, 23, 11, 18, 3, 21]	5.926592588424683
10	20	29	9	[20, 0, 5, 3, 21]	6.105113744735718
10	25	40	9	[20, 11, 23, 12, 21]	5.74763298034668
10	1	68	17	[2, 17, 2, 15, 12, 21, 3, 5, 22]	8.476370811462402
10	5	54	13	[2, 17, 9, 18, 3, 5, 22]	8.529320001602173
10	10	54	13	[2, 17, 9, 18, 3, 5, 22]	7.894844055175781
10	15	48	11	[2, 15, 10, 3, 5, 22]	7.797266721725464
10	20	48	11	[2, 15, 10, 3, 5, 22]	7.770550489425659
10	25	48	12	[2, 15, 10, 3, 5, 22]	8.007809162139893
10	1	19	5	[21, 12, 19]	6.678257703781128
10	5	19	5	[21, 12, 19]	6.82858419418335
10	10	19	5	[21, 12, 19]	6.788145065307617
10	15	19	5	[21, 12, 19]	6.8142242431640625
10	20	19	5	[21, 12, 19]	6.952929258346558
10	25	19	5	[21, 12, 19]	6.4428205490112305
10	1	9	2	[5, 22]	2.669928550720215
10	5	9	2	[5, 22]	2.942780017852783
10	10	9	2	[5, 22]	2.862987995147705
10	15	9	2	[5, 22]	2.7232561111450195
10	20	9	2	[5, 22]	2.84844708442688
10	25	9	2	[5, 22]	2.754389762878418
10	1	34	9	[1, 4, 3, 18, 9]	9.343408823013306
10	5	34	9	[1, 4, 3, 18, 9]	9.417980194091797
10	10	34	9	[1, 4, 3, 18, 9]	9.005709171295166
10	15	34	9	[1, 4, 3, 18, 9]	8.816886186599731
10	20	185	39	[1, 16, 8, 22, 14, 16, 8, 22, 8, 22, 5, 0, 20, 13, 6, 7, 18, 9]	8.703227043151855
10	25	34	10	[1, 4, 3, 18, 9]	8.496186256408691
10	1	57	18	[8, 22, 5, 3, 21, 3, 18, 11, 23]	9.940041780471802
10	5	55	13	[8, 22, 5, 0, 20, 11, 23]	10.079953908920288
10	10	47	14	[8, 22, 5, 3, 18, 11, 23]	10.026577234268188
10	15	107	27	[8, 22, 14, 19, 14, 22, 5, 3, 21, 3, 18, 11, 23]	9.614401817321777
10	20	83	22	[8, 16, 1, 4, 1, 4, 3, 18, 11, 23]	9.243806838989258
10	25	55	13	[8, 22, 5, 0, 20, 11, 23]	9.54723334312439
10	1	57	16	[2, 15, 10, 3, 5, 3, 5, 0]	9.067031145095825
10	5	98	26	[2, 17, 2, 15, 10, 16, 8, 22, 8, 22, 5, 0]	8.976179599761963
10	10	47	11	[2, 15, 10, 3, 5, 0]	8.220746994018555
10	15	47	11	[2, 15, 10, 3, 5, 0]	8.23711633682251
10	20	61	16	[2, 17, 2, 15, 10, 3, 5, 0]	7.961289644241333
10	25	61	18	[2, 17, 2, 15, 10, 3, 5, 0]	8.324954986572266
10	1	18	7	[0, 5, 3, 21]	4.444775104522705
10	5	18	7	[0, 5, 3, 21]	5.319256782531738
10	10	34	11	[0, 5, 0, 5, 3, 21]	4.386922836303711
10	15	18	7	[0, 5, 3, 21]	4.7390196323394775
10	20	18	7	[0, 5, 3, 21]	4.892423629760742
10	25	18	7	[0, 5, 3, 21]	4.790590763092041
10	1	28	6	[6, 7, 18, 3]	3.3446691036224365
10	5	28	6	[6, 7, 18, 3]	3.4813995361328125
10	10	28	6	[6, 7, 18, 3]	3.349076509475708
10	15	28	7	[6, 7, 18, 3]	3.8418829441070557
10	20	28	7	[6, 7, 18, 3]	3.376354217529297
10	25	28	7	[6, 7, 18, 3]	3.399667263031006
10	1	15	2	[12, 23]	5.449591159820557
10	5	15	2	[12, 23]	5.641222238540649
10	10	15	2	[12, 23]	5.67686653137207
10	15	15	2	[12, 23]	5.9957499504089355
10	20	15	2	[12, 23]	5.393439054489136
10	25	15	2	[12, 23]	5.434738397598267
10	1	139	36	[20, 0, 20, 11, 23, 11, 23, 11, 20, 0, 5, 3, 21, 3, 18, 9, 17]	14.676629543304443
10	5	181	49	[20, 13, 6, 7, 6, 13, 20, 0, 5, 0, 5, 3, 18, 3, 4, 3, 21, 3, 5, 3, 18, 9, 17]	14.29784083366394
10	10	121	22	[20, 13, 6, 7, 6, 13, 6, 7, 18, 9, 17]	14.145161151885986
10	15	55	8	[20, 11, 18, 9, 17]	13.680260419845581
10	20	73	14	[20, 13, 6, 7, 18, 9, 17]	13.742413997650146
10	25	73	14	[20, 13, 6, 7, 18, 9, 17]	13.377585887908936
10	1	92	19	[16, 14, 22, 14, 19, 14, 22, 5, 3]	3.9122707843780518
10	5	20	5	[16, 10, 3]	3.8853507041931152
10	10	58	14	[16, 1, 16, 10, 15, 10, 3]	3.6934406757354736
10	15	44	9	[16, 1, 16, 10, 3]	3.837259531021118
10	20	27	7	[16, 1, 4, 3]	3.700463056564331
10	25	27	7	[16, 1, 4, 3]	3.65287709236145
10	1	52	13	[1, 4, 3, 5, 0, 20, 11]	8.381876468658447
10	5	34	9	[1, 4, 3, 18, 11]	7.867868185043335
10	10	34	9	[1, 4, 3, 18, 11]	7.391456604003906
10	15	34	9	[1, 4, 3, 18, 11]	7.482379913330078
10	20	34	10	[1, 4, 3, 18, 11]	7.538748025894165
10	25	34	10	[1, 4, 3, 18, 11]	7.2483227252960205
10	1	116	28	[7, 18, 11, 23, 12, 15, 10, 16, 10, 15, 10, 3, 4]	4.9541003704071045
10	5	23	6	[7, 18, 3, 4]	5.116574287414551
10	10	23	6	[7, 18, 3, 4]	5.200594425201416
10	15	23	7	[7, 18, 3, 4]	5.3208394050598145
10	20	23	7	[7, 18, 3, 4]	5.006947994232178
10	25	23	7	[7, 18, 3, 4]	4.7182581424713135
10	1	29	5	[23, 12, 15]	7.38032078742981
10	5	29	5	[23, 12, 15]	6.971278190612793
10	10	29	5	[23, 12, 15]	6.696583032608032
10	15	29	5	[23, 12, 15]	6.737049102783203
10	20	41	10	[23, 11, 23, 12, 15]	6.989892959594727
10	25	29	5	[23, 12, 15]	6.935060739517212
