Num of Nodes	BW	Delay	Num of Hops	Path	Execution Time (seconds)
5	1	40	9	[3, 2, 12, 11, 13]	0.02527928352355957
5	5	40	9	[3, 2, 12, 11, 13]	0.024452924728393555
5	10	35	9	[3, 2, 12, 0, 13]	0.023512840270996094
5	15	51	15	[3, 2, 3, 2, 12, 0, 13]	0.025437355041503906
5	20	55	13	[3, 2, 9, 5, 9, 0, 13]	0.023767709732055664
5	25	71	20	[3, 2, 3, 2, 12, 0, 12, 0, 13]	0.02406167984008789
5	1	11	2	[0, 13]	0.011931657791137695
5	5	11	2	[0, 13]	0.011791706085205078
5	10	11	2	[0, 13]	0.01169276237487793
5	15	11	2	[0, 13]	0.011925220489501953
5	20	11	2	[0, 13]	0.011949777603149414
5	25	11	2	[0, 13]	0.011906623840332031
5	1	22	7	[4, 7, 9, 5]	0.013829946517944336
5	5	22	7	[4, 7, 9, 5]	0.015272140502929688
5	10	66	14	[4, 7, 9, 2, 1, 8, 5]	0.014081239700317383
5	15	22	7	[4, 7, 9, 5]	0.014538049697875977
5	20	22	7	[4, 7, 9, 5]	0.013997793197631836
5	25	22	7	[4, 7, 9, 5]	0.01382756233215332
5	1	42	10	[10, 4, 7, 9, 0]	0.016336679458618164
5	5	54	14	[10, 4, 7, 9, 7, 9, 0]	0.016850948333740234
5	10	54	14	[10, 4, 7, 9, 7, 9, 0]	0.016345977783203125
5	15	42	10	[10, 4, 7, 9, 0]	0.0159299373626709
5	20	42	10	[10, 4, 7, 9, 0]	0.015806198120117188
5	25	42	10	[10, 4, 7, 9, 0]	0.016271114349365234
5	1	19	4	[12, 2, 9]	0.00971364974975586
5	5	19	4	[12, 2, 9]	0.009941816329956055
5	10	19	4	[12, 2, 9]	0.009325981140136719
5	15	19	4	[12, 2, 9]	0.009449243545532227
5	20	19	4	[12, 2, 9]	0.011154651641845703
5	25	19	4	[12, 2, 9]	0.009284019470214844
5	1	29	7	[12, 2, 3, 6]	0.023078203201293945
5	5	29	7	[12, 2, 3, 6]	0.023680448532104492
5	10	45	12	[12, 2, 3, 2, 3, 6]	0.022870302200317383
5	15	29	8	[12, 2, 3, 6]	0.02007436752319336
5	20	29	8	[12, 2, 3, 6]	0.021561145782470703
5	25	29	9	[12, 2, 3, 6]	0.020456790924072266
5	1	28	5	[3, 6, 10]	0.02155327796936035
5	5	28	5	[3, 6, 10]	0.020691394805908203
5	10	28	5	[3, 6, 10]	0.020867586135864258
5	15	28	5	[3, 6, 10]	0.021045684814453125
5	20	58	10	[3, 6, 3, 6, 10]	0.02082228660583496
5	25	28	5	[3, 6, 10]	0.01951766014099121
5	1	24	6	[11, 0, 9, 5]	0.016102075576782227
5	5	24	6	[11, 0, 9, 5]	0.016020536422729492
5	10	24	6	[11, 0, 9, 5]	0.015568971633911133
5	15	24	6	[11, 0, 9, 5]	0.01769852638244629
5	20	24	6	[11, 0, 9, 5]	0.016385555267333984
5	25	24	6	[11, 0, 9, 5]	0.015463113784790039
5	1	89	20	[0, 9, 7, 9, 5, 8, 1, 2, 3, 6]	0.029485702514648438
5	5	39	9	[0, 12, 2, 3, 6]	0.02852034568786621
5	10	48	12	[0, 11, 12, 2, 3, 6]	0.02828383445739746
5	15	39	10	[0, 12, 2, 3, 6]	0.02529287338256836
5	20	61	14	[0, 13, 0, 12, 2, 3, 6]	0.026958703994750977
5	25	51	15	[0, 12, 2, 12, 2, 3, 6]	0.02559375762939453
5	1	36	8	[6, 10, 4, 7]	0.01723170280456543
5	5	36	8	[6, 10, 4, 7]	0.017059326171875
5	10	62	13	[6, 10, 6, 10, 4, 7]	0.01627039909362793
5	15	66	13	[6, 3, 6, 10, 4, 7]	0.01590895652770996
5	20	36	8	[6, 10, 4, 7]	0.015824317932128906
5	25	36	8	[6, 10, 4, 7]	0.015176057815551758
5	1	24	7	[8, 5, 9, 7]	0.015219688415527344
5	5	24	7	[8, 5, 9, 7]	0.015048503875732422
5	10	24	7	[8, 5, 9, 7]	0.014122247695922852
5	15	24	7	[8, 5, 9, 7]	0.01535344123840332
5	20	24	8	[8, 5, 9, 7]	0.01732158660888672
5	25	34	12	[8, 5, 9, 5, 9, 7]	0.013109683990478516
5	1	34	9	[5, 9, 7, 4, 10]	0.02743244171142578
5	5	98	24	[5, 9, 0, 11, 0, 12, 2, 3, 2, 3, 6, 10]	0.028985977172851562
5	10	34	9	[5, 9, 7, 4, 10]	0.025889873504638672
5	15	34	9	[5, 9, 7, 4, 10]	0.024952411651611328
5	20	34	9	[5, 9, 7, 4, 10]	0.025559425354003906
5	25	34	9	[5, 9, 7, 4, 10]	0.02689814567565918
5	1	36	8	[6, 10, 4, 7]	0.025960683822631836
5	5	36	8	[6, 10, 4, 7]	0.016522645950317383
5	10	36	8	[6, 10, 4, 7]	0.016556739807128906
5	15	36	8	[6, 10, 4, 7]	0.0161130428314209
5	20	70	17	[6, 3, 2, 1, 8, 5, 9, 7]	0.016057729721069336
5	25	86	19	[6, 10, 4, 10, 6, 10, 4, 7]	0.015209674835205078
5	1	79	16	[11, 0, 9, 0, 12, 2, 9, 5, 8]	0.02631974220275879
5	5	37	8	[11, 0, 9, 5, 8]	0.026044368743896484
5	10	37	8	[11, 0, 9, 5, 8]	0.025582313537597656
5	15	37	8	[11, 0, 9, 5, 8]	0.024624347686767578
5	20	37	8	[11, 0, 9, 5, 8]	0.02645564079284668
5	25	37	8	[11, 0, 9, 5, 8]	0.025928974151611328
5	1	50	11	[13, 0, 12, 2, 3, 6]	0.030124902725219727
5	5	67	16	[13, 11, 0, 11, 12, 2, 3, 6]	0.03130793571472168
5	10	100	23	[13, 0, 9, 7, 4, 7, 9, 7, 4, 10, 6]	0.031397342681884766
5	15	58	14	[13, 11, 0, 12, 2, 3, 6]	0.02631545066833496
5	20	96	22	[13, 0, 9, 5, 8, 5, 9, 2, 3, 6]	0.02773261070251465
5	25	58	15	[13, 11, 0, 12, 2, 3, 6]	0.028027057647705078
5	1	33	7	[1, 2, 3, 6]	0.022791147232055664
5	5	33	7	[1, 2, 3, 6]	0.023670434951782227
5	10	33	7	[1, 2, 3, 6]	0.022561073303222656
5	15	33	8	[1, 2, 3, 6]	0.01959514617919922
5	20	33	8	[1, 2, 3, 6]	0.02000737190246582
5	25	33	9	[1, 2, 3, 6]	0.019084453582763672
5	1	19	4	[9, 0, 11]	0.013385295867919922
5	5	19	4	[9, 0, 11]	0.012832164764404297
5	10	36	6	[9, 0, 12, 11]	0.013015270233154297
5	15	19	4	[9, 0, 11]	0.012949705123901367
5	20	19	4	[9, 0, 11]	0.012835264205932617
5	25	19	4	[9, 0, 11]	0.01345062255859375
5	1	40	8	[11, 0, 9, 2, 3]	0.019622325897216797
5	5	30	8	[11, 0, 12, 2, 3]	0.023097753524780273
5	10	27	7	[11, 12, 2, 3]	0.019626617431640625
5	15	27	8	[11, 12, 2, 3]	0.017466306686401367
5	20	27	8	[11, 12, 2, 3]	0.017251968383789062
5	25	27	9	[11, 12, 2, 3]	0.016771316528320312
5	1	52	12	[4, 7, 4, 7, 9, 2]	0.012551546096801758
5	5	30	7	[4, 7, 9, 2]	0.01226806640625
5	10	30	7	[4, 7, 9, 2]	0.01220250129699707
5	15	52	12	[4, 7, 4, 7, 9, 2]	0.013989686965942383
5	20	30	7	[4, 7, 9, 2]	0.012635946273803711
5	25	30	7	[4, 7, 9, 2]	0.011954069137573242
5	1	36	9	[4, 7, 9, 0, 11]	0.018405675888061523
5	5	36	9	[4, 7, 9, 0, 11]	0.01793956756591797
5	10	36	9	[4, 7, 9, 0, 11]	0.017982006072998047
5	15	36	9	[4, 7, 9, 0, 11]	0.01809239387512207
5	20	36	9	[4, 7, 9, 0, 11]	0.017615556716918945
5	25	36	9	[4, 7, 9, 0, 11]	0.017784833908081055
6	1	36	6	[6, 3, 2, 9]	0.01798105239868164
6	5	36	6	[6, 3, 2, 9]	0.017772197723388672
6	10	36	6	[6, 3, 2, 9]	0.01743793487548828
6	15	36	6	[6, 3, 2, 9]	0.01792001724243164
6	20	66	10	[6, 3, 6, 3, 2, 9]	0.015741825103759766
6	25	36	6	[6, 3, 2, 9]	0.015686750411987305
6	1	25	6	[12, 2, 9, 7]	0.02608656883239746
6	5	25	6	[12, 2, 9, 7]	0.02579951286315918
6	10	25	6	[12, 2, 9, 7]	0.024605512619018555
6	15	25	8	[12, 2, 9, 7]	0.02337646484375
6	20	25	8	[12, 2, 9, 7]	0.02077937126159668
6	25	65	17	[12, 0, 9, 5, 8, 5, 9, 7]	0.017439842224121094
6	1	40	8	[1, 2, 9, 7, 4]	0.0391535758972168
6	5	40	8	[1, 2, 9, 7, 4]	0.039304256439208984
6	10	40	10	[1, 2, 9, 7, 4]	0.03944849967956543
6	15	56	14	[1, 2, 3, 2, 9, 7, 4]	0.03745913505554199
6	20	74	10013	[1, 8, 5, 8, 5, 9, 7, 4]	0.03462505340576172
6	25	56	10009	[1, 2, 3, 2, 9, 7, 4]	0.031914710998535156
6	1	11	2	[7, 4]	0.016246557235717773
6	5	11	2	[7, 4]	0.0162661075592041
6	10	11	2	[7, 4]	0.014309883117675781
6	15	11	2	[7, 4]	0.013154745101928711
6	20	11	2	[7, 4]	0.012883901596069336
6	25	11	2	[7, 4]	0.012156248092651367
6	1	5	2	[9, 5]	0.00890660285949707
6	5	5	2	[9, 5]	0.00865936279296875
6	10	5	2	[9, 5]	0.008409500122070312
6	15	5	2	[9, 5]	0.007444143295288086
6	20	5	2	[9, 5]	0.008960485458374023
6	25	5	2	[9, 5]	0.007352590560913086
6	1	26	6	[3, 2, 9, 5]	0.0222930908203125
6	5	26	6	[3, 2, 9, 5]	0.027624130249023438
6	10	26	6	[3, 2, 9, 5]	0.023380756378173828
6	15	26	6	[3, 2, 9, 5]	0.023319005966186523
6	20	26	6	[3, 2, 9, 5]	0.019404888153076172
6	25	26	6	[3, 2, 9, 5]	0.020022153854370117
6	1	15	2	[6, 3]	0.009229421615600586
6	5	15	2	[6, 3]	0.009907960891723633
6	10	15	2	[6, 3]	0.009813547134399414
6	15	15	2	[6, 3]	0.008580207824707031
6	20	15	2	[6, 3]	0.009576797485351562
6	25	15	2	[6, 3]	0.010111093521118164
6	1	35	8	[13, 0, 12, 2, 3]	0.030023574829101562
6	5	35	8	[13, 0, 12, 2, 3]	0.030088186264038086
6	10	35	8	[13, 0, 12, 2, 3]	0.02884984016418457
6	15	43	10009	[13, 11, 0, 12, 2, 3]	0.02662944793701172
6	20	40	10007	[13, 11, 12, 2, 3]	0.024888992309570312
6	25	45	10005	[13, 0, 9, 2, 3]	0.03380250930786133
6	1	46	8	[8, 1, 2, 3, 6]	0.044084787368774414
6	5	60	13	[8, 5, 9, 7, 4, 10, 6]	0.04570603370666504
6	10	46	10	[8, 1, 2, 3, 6]	0.04129791259765625
6	15	46	10	[8, 1, 2, 3, 6]	0.04174470901489258
6	20	256	90	[8, 5, 9, 5, 9, 5, 8, 5, 9, 5, 9, 5, 9, 5, 9, 5, 9, 5, 9, 5, 9, 5, 8, 5, 9, 5, 9, 5, 9, 0, 11, 0, 11, 0, 12, 2, 3, 6]	0.08402323722839355
6	25	180	73	[8, 5, 9, 5, 9, 5, 9, 5, 9, 5, 9, 5, 9, 5, 9, 5, 9, 5, 9, 5, 9, 5, 9, 5, 9, 5, 9, 7, 4, 10, 6]	0.15590143203735352
6	1	16	4	[0, 12, 2]	0.016064167022705078
6	5	16	4	[0, 12, 2]	0.016127824783325195
6	10	16	4	[0, 12, 2]	0.015821456909179688
6	15	16	6	[0, 12, 2]	0.013837337493896484
6	20	45	12	[0, 12, 11, 0, 12, 2]	0.01324152946472168
6	25	38	8	[0, 11, 0, 9, 2]	0.018605470657348633
6	1	42	8	[10, 4, 7, 9, 0]	0.025077342987060547
6	5	42	8	[10, 4, 7, 9, 0]	0.024341106414794922
6	10	42	8	[10, 4, 7, 9, 0]	0.02504873275756836
6	15	42	8	[10, 4, 7, 9, 0]	0.025156497955322266
6	20	42	8	[10, 4, 7, 9, 0]	0.03939223289489746
6	25	42	8	[10, 4, 7, 9, 0]	0.023777484893798828
6	1	5	3	[5, 9]	0.003245830535888672
6	5	5	3	[5, 9]	0.004935026168823242
6	10	5	3	[5, 9]	0.005726337432861328
6	15	5	3	[5, 9]	0.0038673877716064453
6	20	5	3	[5, 9]	0.0045163631439208984
6	25	5	3	[5, 9]	0.007056713104248047
6	1	39	9	[8, 5, 9, 2, 3]	0.03387451171875
6	5	31	6	[8, 1, 2, 3]	0.029355287551879883
6	10	31	8	[8, 1, 2, 3]	0.027391433715820312
6	15	31	8	[8, 1, 2, 3]	0.023546695709228516
6	20	39	9	[8, 5, 9, 2, 3]	0.028254985809326172
6	25	39	9	[8, 5, 9, 2, 3]	0.0309298038482666
6	1	29	7	[5, 9, 0, 13]	0.03315925598144531
6	5	29	7	[5, 9, 0, 13]	0.03467822074890137
6	10	29	7	[5, 9, 0, 13]	0.04368185997009277
6	15	29	7	[5, 9, 0, 13]	0.035349369049072266
6	20	29	7	[5, 9, 0, 13]	0.03411602973937988
6	25	29	7	[5, 9, 0, 13]	0.030763864517211914
6	1	29	6	[13, 0, 9, 5]	0.022472381591796875
6	5	29	6	[13, 0, 9, 5]	0.023877620697021484
6	10	29	6	[13, 0, 9, 5]	0.0222623348236084
6	15	55	10007	[13, 0, 9, 0, 9, 5]	0.02376580238342285
6	20	29	10003	[13, 0, 9, 5]	0.022385120391845703
6	25	29	10003	[13, 0, 9, 5]	0.020095348358154297
6	1	5	3	[5, 9]	0.002955913543701172
6	5	5	3	[5, 9]	0.006746768951416016
6	10	5	3	[5, 9]	0.003832578659057617
6	15	5	3	[5, 9]	0.007153034210205078
6	20	5	3	[5, 9]	0.0035486221313476562
6	25	5	3	[5, 9]	0.003540515899658203
6	1	72	12	[6, 10, 6, 3, 2, 1, 8]	0.03461956977844238
6	5	60	13	[6, 10, 4, 7, 9, 5, 8]	0.034240007400512695
6	10	46	10	[6, 3, 2, 1, 8]	0.033434152603149414
6	15	46	10	[6, 3, 2, 1, 8]	0.03321075439453125
6	20	54	11	[6, 3, 2, 9, 5, 8]	0.04247260093688965
6	25	54	11	[6, 3, 2, 9, 5, 8]	0.034902334213256836
6	1	29	6	[1, 2, 9, 7]	0.024436473846435547
6	5	29	6	[1, 2, 9, 7]	0.023453474044799805
6	10	29	8	[1, 2, 9, 7]	0.024457931518554688
6	15	29	8	[1, 2, 9, 7]	0.022359371185302734
6	20	29	10003	[1, 2, 9, 7]	0.021311283111572266
6	25	29	10003	[1, 2, 9, 7]	0.021770715713500977
6	1	21	4	[9, 2, 3]	0.02898240089416504
6	5	21	4	[9, 2, 3]	0.024954557418823242
6	10	21	4	[9, 2, 3]	0.027413606643676758
6	15	21	4	[9, 2, 3]	0.025325536727905273
6	20	21	4	[9, 2, 3]	0.025534868240356445
6	25	21	4	[9, 2, 3]	0.028329133987426758
6	1	27	6	[3, 2, 12, 11]	0.028677701950073242
6	5	27	6	[3, 2, 12, 11]	0.029842138290405273
6	10	27	6	[3, 2, 12, 11]	0.0260772705078125
6	15	27	6	[3, 2, 12, 11]	0.02849102020263672
6	20	27	6	[3, 2, 12, 11]	0.024279356002807617
6	25	27	7	[3, 2, 12, 11]	0.022150754928588867
7	1	111	27	[3, 6, 10, 4, 10, 4, 7, 9, 7, 9, 5, 8]	0.05792737007141113
7	5	31	7	[3, 2, 1, 8]	0.05271744728088379
7	10	31	7	[3, 2, 1, 8]	0.046427011489868164
7	15	31	7	[3, 2, 1, 8]	0.0463411808013916
7	20	31	7	[3, 2, 1, 8]	0.04794049263000488
7	25	31	7	[3, 2, 1, 8]	0.042714834213256836
7	1	25	7	[7, 9, 2, 12]	0.03306722640991211
7	5	25	7	[7, 9, 2, 12]	0.035867929458618164
7	10	25	7	[7, 9, 2, 12]	0.034288644790649414
7	15	25	7	[7, 9, 2, 12]	0.035909175872802734
7	20	25	7	[7, 9, 2, 12]	0.037978410720825195
7	25	25	7	[7, 9, 2, 12]	0.0355987548828125
7	1	18	5	[8, 5, 9]	0.016211986541748047
7	5	18	5	[8, 5, 9]	0.01544952392578125
7	10	18	5	[8, 5, 9]	0.014562606811523438
7	15	18	5	[8, 5, 9]	0.014889001846313477
7	20	18	5	[8, 5, 9]	0.016399383544921875
7	25	18	5	[8, 5, 9]	0.015136003494262695
7	1	36	8	[7, 4, 10, 6]	0.054328203201293945
7	5	214	59	[7, 9, 5, 9, 0, 12, 2, 12, 0, 11, 13, 0, 11, 0, 13, 0, 12, 11, 0, 11, 0, 11, 12, 2, 3, 6]	0.05334973335266113
7	10	36	8	[7, 4, 10, 6]	0.0563809871673584
7	15	36	8	[7, 4, 10, 6]	0.05642080307006836
7	20	36	8	[7, 4, 10, 6]	0.053637027740478516
7	25	36	8	[7, 4, 10, 6]	0.05592679977416992
7	1	26	6	[3, 2, 9, 5]	0.03387737274169922
7	5	26	6	[3, 2, 9, 5]	0.03682088851928711
7	10	26	6	[3, 2, 9, 5]	0.04008126258850098
7	15	26	6	[3, 2, 9, 5]	0.03533363342285156
7	20	26	6	[3, 2, 9, 5]	0.03729104995727539
7	25	26	6	[3, 2, 9, 5]	0.03706789016723633
7	1	29	7	[7, 9, 2, 1]	0.04443955421447754
7	5	29	7	[7, 9, 2, 1]	0.04875612258911133
7	10	93	19	[7, 4, 10, 4, 10, 6, 3, 2, 1]	0.0437464714050293
7	15	29	7	[7, 9, 2, 1]	0.046662330627441406
7	20	37	10	[7, 9, 5, 8, 1]	0.04591727256774902
7	25	41	12	[7, 9, 7, 9, 2, 1]	0.04415154457092285
7	1	25	7	[12, 2, 9, 7]	0.03700518608093262
7	5	25	7	[12, 2, 9, 7]	0.03946995735168457
7	10	25	7	[12, 2, 9, 7]	0.04087042808532715
7	15	25	7	[12, 2, 9, 7]	0.052248239517211914
7	20	25	7	[12, 2, 9, 7]	0.04313921928405762
7	25	25	8	[12, 2, 9, 7]	0.03327155113220215
7	1	26	7	[0, 12, 2, 1]	0.04690146446228027
7	5	26	7	[0, 12, 2, 1]	0.046944618225097656
7	10	26	7	[0, 12, 2, 1]	0.038944244384765625
7	15	38	12	[0, 11, 0, 12, 2, 1]	0.04205203056335449
7	20	26	7	[0, 12, 2, 1]	0.05161547660827637
7	25	64	17	[0, 11, 13, 11, 0, 12, 2, 1]	0.03457069396972656
7	1	61	14	[11, 0, 9, 7, 4, 10, 6]	0.06827998161315918
7	5	42	9	[11, 12, 2, 3, 6]	0.07066893577575684
7	10	45	12	[11, 0, 12, 2, 3, 6]	0.07163166999816895
7	15	45	12	[11, 0, 12, 2, 3, 6]	0.0644066333770752
7	20	45	12	[11, 0, 12, 2, 3, 6]	0.056517839431762695
7	25	45	13	[11, 0, 12, 2, 3, 6]	0.06521749496459961
7	1	19	4	[11, 0, 9]	0.02467489242553711
7	5	19	4	[11, 0, 9]	0.020562171936035156
7	10	19	4	[11, 0, 9]	0.01903080940246582
7	15	19	4	[11, 0, 9]	0.019524574279785156
7	20	19	4	[11, 0, 9]	0.01933884620666504
7	25	19	4	[11, 0, 9]	0.020478248596191406
7	1	78	24	[1, 2, 9, 7, 9, 5, 9, 7, 9, 2, 3]	0.027150630950927734
7	5	18	5	[1, 2, 3]	0.028795242309570312
7	10	18	6	[1, 2, 3]	0.029532909393310547
7	15	18	6	[1, 2, 3]	0.02925705909729004
7	20	18	6	[1, 2, 3]	0.024376392364501953
7	25	18	6	[1, 2, 3]	0.024296283721923828
7	1	34	10	[10, 4, 7, 9, 5]	0.0359349250793457
7	5	34	10	[10, 4, 7, 9, 5]	0.03484702110290527
7	10	34	10	[10, 4, 7, 9, 5]	0.03535795211791992
7	15	34	10	[10, 4, 7, 9, 5]	0.034720420837402344
7	20	34	10	[10, 4, 7, 9, 5]	0.031127214431762695
7	25	58	15	[10, 4, 10, 4, 7, 9, 5]	0.03507518768310547
7	1	18	4	[2, 9, 5]	0.03770899772644043
7	5	18	4	[2, 9, 5]	0.03676438331604004
7	10	18	4	[2, 9, 5]	0.03445148468017578
7	15	18	4	[2, 9, 5]	0.03193831443786621
7	20	38	9	[2, 1, 2, 9, 5]	0.03354930877685547
7	25	34	9	[2, 3, 2, 9, 5]	0.03583192825317383
7	1	13	2	[9, 2]	0.02064800262451172
7	5	13	2	[9, 2]	0.020946979522705078
7	10	13	2	[9, 2]	0.024626970291137695
7	15	13	2	[9, 2]	0.01927781105041504
7	20	13	2	[9, 2]	0.01638650894165039
7	25	13	2	[9, 2]	0.0183560848236084
7	1	24	6	[11, 0, 9, 5]	0.03879523277282715
7	5	24	6	[11, 0, 9, 5]	0.03784370422363281
7	10	24	6	[11, 0, 9, 5]	0.03330254554748535
7	15	58	15	[11, 0, 13, 0, 9, 7, 9, 5]	0.031124591827392578
7	20	24	6	[11, 0, 9, 5]	0.03314018249511719
7	25	82	22	[11, 0, 9, 7, 4, 10, 4, 7, 9, 5]	0.0370633602142334
7	1	220	57	[3, 2, 12, 0, 11, 0, 13, 0, 12, 11, 12, 2, 12, 2, 9, 7, 9, 2, 1, 8, 5, 9, 7, 4, 10]	0.05699777603149414
7	5	28	4	[3, 6, 10]	0.053482770919799805
7	10	28	4	[3, 6, 10]	0.04872012138366699
7	15	28	4	[3, 6, 10]	0.04952287673950195
7	20	28	4	[3, 6, 10]	0.05083274841308594
7	25	28	4	[3, 6, 10]	0.04986882209777832
7	1	24	8	[5, 9, 0, 11]	0.03665733337402344
7	5	24	8	[5, 9, 0, 11]	0.03460335731506348
7	10	24	8	[5, 9, 0, 11]	0.029836654663085938
7	15	24	8	[5, 9, 0, 11]	0.029704570770263672
7	20	24	8	[5, 9, 0, 11]	0.03155350685119629
7	25	24	8	[5, 9, 0, 11]	0.031847476959228516
7	1	66	13	[10, 4, 10, 6, 3, 2, 12]	0.038655757904052734
7	5	52	12	[10, 4, 7, 9, 0, 12]	0.03766894340515137
7	10	48	12	[10, 4, 7, 9, 2, 12]	0.03809523582458496
7	15	42	8	[10, 6, 3, 2, 12]	0.03908967971801758
7	20	42	8	[10, 6, 3, 2, 12]	0.04018139839172363
7	25	48	12	[10, 4, 7, 9, 2, 12]	0.037268877029418945
7	1	18	5	[5, 9, 2]	0.024869680404663086
7	5	18	5	[5, 9, 2]	0.023450136184692383
7	10	18	5	[5, 9, 2]	0.023932933807373047
7	15	18	5	[5, 9, 2]	0.022112369537353516
7	20	18	5	[5, 9, 2]	0.021320581436157227
7	25	18	5	[5, 9, 2]	0.020421981811523438
7	1	18	4	[3, 2, 1]	0.03321695327758789
7	5	18	4	[3, 2, 1]	0.04071831703186035
7	10	18	4	[3, 2, 1]	0.027525901794433594
7	15	18	4	[3, 2, 1]	0.027021408081054688
7	20	18	4	[3, 2, 1]	0.025922060012817383
7	25	18	4	[3, 2, 1]	0.024319171905517578
8	1	10	2	[12, 0]	0.07505464553833008
8	5	10	2	[12, 0]	0.05528974533081055
8	10	10	2	[12, 0]	0.056801557540893555
8	15	10	2	[12, 0]	0.0471189022064209
8	20	10	2	[12, 0]	0.048212528228759766
8	25	10	2	[12, 0]	0.047922372817993164
8	1	29	6	[13, 0, 9, 5]	0.16519880294799805
8	5	29	6	[13, 0, 9, 5]	0.15955281257629395
8	10	29	6	[13, 0, 9, 5]	0.15382790565490723
8	15	29	6	[13, 0, 9, 5]	0.17120361328125
8	20	29	6	[13, 0, 9, 5]	0.16693115234375
8	25	29	6	[13, 0, 9, 5]	0.2152843475341797
8	1	23	5	[2, 1, 8]	0.2182445526123047
8	5	23	5	[2, 1, 8]	0.18251895904541016
8	10	23	5	[2, 1, 8]	0.16981816291809082
8	15	23	5	[2, 1, 8]	0.1828782558441162
8	20	23	5	[2, 1, 8]	0.19364547729492188
8	25	23	5	[2, 1, 8]	0.2552816867828369
8	1	65	14	[10, 4, 7, 9, 7, 9, 0, 13]	0.2633223533630371
8	5	68	12	[10, 6, 3, 2, 12, 11, 13]	0.2763185501098633
8	10	63	12	[10, 6, 3, 2, 12, 0, 13]	0.2738990783691406
8	15	63	12	[10, 6, 3, 2, 12, 0, 13]	0.24381399154663086
8	20	63	12	[10, 6, 3, 2, 12, 0, 13]	0.23386502265930176
8	25	69	15	[10, 4, 7, 9, 2, 12, 0, 13]	0.26215362548828125
8	1	28	6	[5, 9, 2, 1]	0.17523193359375
8	5	26	4	[5, 8, 1]	0.1537628173828125
8	10	26	6	[5, 8, 1]	0.15013742446899414
8	15	26	6	[5, 8, 1]	0.13521862030029297
8	20	28	7	[5, 9, 2, 1]	0.14830493927001953
8	25	54	13	[5, 9, 0, 9, 2, 1]	0.14151310920715332
8	1	41	8	[13, 0, 9, 7, 4]	0.24782109260559082
8	5	113	25	[13, 0, 9, 5, 9, 5, 8, 1, 8, 5, 9, 7, 4]	0.27236080169677734
8	10	159	38	[13, 0, 12, 2, 12, 2, 1, 8, 5, 8, 1, 2, 3, 6, 10, 4]	0.22749090194702148
8	15	41	8	[13, 0, 9, 7, 4]	0.24977898597717285
8	20	41	8	[13, 0, 9, 7, 4]	0.2783496379852295
8	25	41	8	[13, 0, 9, 7, 4]	0.24329066276550293
8	1	62	10	[6, 10, 6, 10, 4, 7]	0.15010690689086914
8	5	36	6	[6, 10, 4, 7]	0.14439010620117188
8	10	80	17	[6, 10, 6, 3, 2, 12, 2, 9, 7]	0.1406383514404297
8	15	36	6	[6, 10, 4, 7]	0.14113521575927734
8	20	42	8	[6, 3, 2, 9, 7]	0.15142202377319336
8	25	36	6	[6, 10, 4, 7]	0.14269304275512695
8	1	13	2	[0, 9]	0.0827019214630127
8	5	13	2	[0, 9]	0.08327269554138184
8	10	13	2	[0, 9]	0.07561850547790527
8	15	13	2	[0, 9]	0.07170915603637695
8	20	13	2	[0, 9]	0.0684056282043457
8	25	13	2	[0, 9]	0.07072043418884277
8	1	19	4	[9, 2, 12]	0.1189875602722168
8	5	19	4	[9, 2, 12]	0.12447261810302734
8	10	19	4	[9, 2, 12]	0.12008953094482422
8	15	19	4	[9, 2, 12]	0.1255791187286377
8	20	19	4	[9, 2, 12]	0.1404862403869629
8	25	19	5	[9, 2, 12]	0.1165614128112793
8	1	151	30	[12, 2, 3, 6, 10, 4, 7, 4, 10, 6, 3, 2, 12, 0, 13]	0.21381306648254395
8	5	21	4	[12, 0, 13]	0.19295525550842285
8	10	21	4	[12, 0, 13]	0.19456839561462402
8	15	21	4	[12, 0, 13]	0.16205191612243652
8	20	21	4	[12, 0, 13]	0.1858196258544922
8	25	29	6	[12, 0, 11, 13]	0.15486526489257812
8	1	21	4	[12, 0, 13]	0.20455694198608398
8	5	21	4	[12, 0, 13]	0.1720433235168457
8	10	21	4	[12, 0, 13]	0.19111371040344238
8	15	21	4	[12, 0, 13]	0.22604036331176758
8	20	21	4	[12, 0, 13]	0.3073418140411377
8	25	21	4	[12, 0, 13]	0.23236846923828125
8	1	19	4	[9, 2, 12]	0.12169456481933594
8	5	19	4	[9, 2, 12]	0.12275075912475586
8	10	19	4	[9, 2, 12]	0.11960577964782715
8	15	19	4	[9, 2, 12]	0.12523365020751953
8	20	19	4	[9, 2, 12]	0.11516571044921875
8	25	19	5	[9, 2, 12]	0.10194206237792969
8	1	24	7	[12, 2, 9, 5]	0.17704153060913086
8	5	24	7	[12, 2, 9, 5]	0.1538844108581543
8	10	24	7	[12, 2, 9, 5]	0.16318988800048828
8	15	24	7	[12, 2, 9, 5]	0.14142107963562012
8	20	24	7	[12, 2, 9, 5]	0.1476447582244873
8	25	24	7	[12, 2, 9, 5]	0.18181753158569336
8	1	55	10	[10, 6, 3, 2, 12, 11]	0.2955160140991211
8	5	55	10	[10, 6, 3, 2, 12, 11]	0.2274482250213623
8	10	58	12	[10, 6, 3, 2, 12, 0, 11]	0.17933368682861328
8	15	55	10	[10, 6, 3, 2, 12, 11]	0.17177104949951172
8	20	61	12	[10, 4, 7, 9, 2, 12, 11]	0.1973724365234375
8	25	55	10	[10, 6, 3, 2, 12, 11]	0.17574191093444824
8	1	18	6	[1, 2, 3]	0.0877537727355957
8	5	18	6	[1, 2, 3]	0.09508204460144043
8	10	18	6	[1, 2, 3]	0.10488200187683105
8	15	18	6	[1, 2, 3]	0.09156012535095215
8	20	18	6	[1, 2, 3]	0.10516119003295898
8	25	18	6	[1, 2, 3]	0.0943748950958252
8	1	41	9	[5, 9, 2, 3, 6]	0.2653641700744629
8	5	78	21	[5, 9, 7, 9, 0, 11, 12, 2, 3, 6]	0.2622406482696533
8	10	63	19	[5, 9, 5, 9, 7, 9, 2, 3, 6]	0.2752857208251953
8	15	41	10	[5, 9, 2, 3, 6]	0.27844715118408203
8	20	63	19	[5, 9, 5, 9, 7, 9, 2, 3, 6]	0.27137136459350586
8	25	41	11	[5, 9, 2, 3, 6]	0.2313065528869629
8	1	25	6	[7, 9, 2, 12]	0.13449645042419434
8	5	25	6	[7, 9, 2, 12]	0.1263427734375
8	10	25	6	[7, 9, 2, 12]	0.13175201416015625
8	15	25	6	[7, 9, 2, 12]	0.12447834014892578
8	20	71	17	[7, 9, 2, 1, 8, 1, 2, 12]	0.11674308776855469
8	25	25	7	[7, 9, 2, 12]	0.139923095703125
8	1	41	8	[13, 0, 9, 7, 4]	0.2697148323059082
8	5	41	8	[13, 0, 9, 7, 4]	0.30529212951660156
8	10	41	8	[13, 0, 9, 7, 4]	0.2820713520050049
8	15	53	12	[13, 0, 11, 0, 9, 7, 4]	0.32085180282592773
8	20	41	8	[13, 0, 9, 7, 4]	0.24643993377685547
8	25	41	8	[13, 0, 9, 7, 4]	0.24077057838439941
8	1	46	10	[1, 2, 3, 6, 10]	0.3439674377441406
8	5	46	10	[1, 2, 3, 6, 10]	0.3390624523162842
8	10	58	15	[1, 2, 12, 2, 3, 6, 10]	0.30757761001586914
8	15	58	15	[1, 2, 12, 2, 3, 6, 10]	0.29752111434936523
8	20	58	15	[1, 2, 12, 2, 3, 6, 10]	0.30672717094421387
8	25	46	10	[1, 2, 3, 6, 10]	0.3019282817840576
8	1	11	2	[13, 0]	0.019803524017333984
8	5	11	2	[13, 0]	0.02019524574279785
8	10	11	2	[13, 0]	0.01822638511657715
8	15	11	2	[13, 0]	0.018719911575317383
8	20	19	4	[13, 11, 0]	0.0179901123046875
8	25	11	2	[13, 0]	0.021498918533325195
9	1	21	4	[12, 0, 13]	0.48238682746887207
9	5	21	4	[12, 0, 13]	0.48737072944641113
9	10	21	4	[12, 0, 13]	0.49541401863098145
9	15	21	4	[12, 0, 13]	0.4963715076446533
9	20	21	4	[12, 0, 13]	0.48765063285827637
9	25	26	5	[12, 11, 13]	0.5074026584625244
9	1	35	9	[13, 0, 12, 2, 3]	0.622330904006958
9	5	35	9	[13, 0, 12, 2, 3]	0.6648962497711182
9	10	103	25	[13, 0, 9, 7, 9, 0, 11, 13, 0, 12, 2, 3]	0.621164083480835
9	15	35	9	[13, 0, 12, 2, 3]	0.6238205432891846
9	20	35	11	[13, 0, 12, 2, 3]	0.5910799503326416
9	25	35	11	[13, 0, 12, 2, 3]	0.5327801704406738
9	1	66	14	[0, 12, 0, 12, 0, 12, 2, 1]	0.6878626346588135
9	5	38	11	[0, 12, 2, 12, 2, 1]	0.6270301342010498
9	10	26	6	[0, 12, 2, 1]	0.5817415714263916
9	15	26	6	[0, 12, 2, 1]	0.5841012001037598
9	20	26	7	[0, 12, 2, 1]	0.49634838104248047
9	25	104	23	[0, 12, 2, 9, 7, 4, 10, 6, 3, 2, 1]	0.544062614440918
9	1	29	7	[6, 3, 2, 12]	0.3993551731109619
9	5	29	7	[6, 3, 2, 12]	0.38039135932922363
9	10	29	7	[6, 3, 2, 12]	0.37195491790771484
9	15	29	7	[6, 3, 2, 12]	0.36976051330566406
9	20	29	7	[6, 3, 2, 12]	0.3869919776916504
9	25	29	7	[6, 3, 2, 12]	0.3119359016418457
9	1	268	59	[9, 0, 12, 2, 3, 6, 3, 2, 1, 8, 5, 9, 0, 13, 0, 11, 12, 2, 12, 0, 11, 0, 12, 2, 3, 6, 10, 4]	0.4931447505950928
9	5	17	4	[9, 7, 4]	0.46770429611206055
9	10	17	4	[9, 7, 4]	0.41216421127319336
9	15	17	4	[9, 7, 4]	0.44414281845092773
9	20	17	4	[9, 7, 4]	0.4431912899017334
9	25	17	4	[9, 7, 4]	0.46375536918640137
9	1	141	30	[13, 0, 12, 2, 3, 2, 12, 2, 1, 2, 3, 6, 3, 6, 10]	1.0390770435333252
9	5	53	12	[13, 0, 9, 7, 4, 10]	1.1150944232940674
9	10	53	12	[13, 0, 9, 7, 4, 10]	1.064178466796875
9	15	65	17	[13, 0, 11, 0, 9, 7, 4, 10]	0.9525589942932129
9	20	79	19	[13, 11, 13, 0, 9, 7, 4, 10]	1.0916025638580322
9	25	53	13	[13, 0, 9, 7, 4, 10]	1.0900542736053467
9	1	12	3	[4, 10]	0.2707998752593994
9	5	12	3	[4, 10]	0.35863399505615234
9	10	12	3	[4, 10]	0.3259856700897217
9	15	12	3	[4, 10]	0.28292155265808105
9	20	12	3	[4, 10]	0.252413272857666
9	25	12	3	[4, 10]	0.19939374923706055
9	1	19	4	[0, 9, 7]	0.48368024826049805
9	5	19	4	[0, 9, 7]	0.5039668083190918
9	10	19	4	[0, 9, 7]	0.44810938835144043
9	15	19	4	[0, 9, 7]	0.4436619281768799
9	20	19	5	[0, 9, 7]	0.42023277282714844
9	25	19	5	[0, 9, 7]	0.43141984939575195
9	1	45	10	[11, 0, 12, 2, 3, 6]	0.9890031814575195
9	5	62	13	[11, 12, 2, 1, 2, 3, 6]	0.9722003936767578
9	10	55	10	[11, 0, 9, 2, 3, 6]	0.9269373416900635
9	15	45	10	[11, 0, 12, 2, 3, 6]	0.8687121868133545
9	20	73	21	[11, 0, 11, 0, 9, 7, 4, 10, 6]	0.7865426540374756
9	25	143	39	[11, 0, 9, 7, 9, 5, 8, 5, 9, 7, 4, 7, 9, 7, 4, 10, 6]	0.8512852191925049
9	1	13	2	[5, 8]	0.30770182609558105
9	5	13	2	[5, 8]	0.29897475242614746
9	10	13	2	[5, 8]	0.2736399173736572
9	15	13	2	[5, 8]	0.27707862854003906
9	20	291	77	[5, 9, 7, 9, 0, 11, 13, 11, 0, 13, 0, 11, 12, 2, 12, 0, 12, 11, 0, 13, 11, 13, 0, 9, 7, 4, 7, 9, 2, 1, 8]	0.3164660930633545
9	25	13	3	[5, 8]	0.2754182815551758
9	1	36	7	[6, 10, 4, 7]	0.500316858291626
9	5	36	7	[6, 10, 4, 7]	0.49225521087646484
9	10	36	7	[6, 10, 4, 7]	0.45104551315307617
9	15	36	7	[6, 10, 4, 7]	0.431988000869751
9	20	36	7	[6, 10, 4, 7]	0.6125681400299072
9	25	36	8	[6, 10, 4, 7]	0.4442417621612549
9	1	18	4	[2, 9, 5]	0.43514513969421387
9	5	18	4	[2, 9, 5]	0.501042366027832
9	10	18	4	[2, 9, 5]	0.4889836311340332
9	15	18	4	[2, 9, 5]	0.5171844959259033
9	20	18	4	[2, 9, 5]	0.4351348876953125
9	25	18	4	[2, 9, 5]	0.46212053298950195
9	1	88	22	[8, 5, 9, 0, 11, 0, 11, 13, 11, 12]	0.39392757415771484
9	5	29	7	[8, 1, 2, 12]	0.3974936008453369
9	10	95	23	[8, 5, 9, 7, 4, 10, 4, 7, 9, 2, 12]	0.4025285243988037
9	15	29	9	[8, 1, 2, 12]	0.3630855083465576
9	20	29	9	[8, 1, 2, 12]	0.3416597843170166
9	25	29	9	[8, 1, 2, 12]	0.34996676445007324
9	1	58	13	[1, 2, 12, 2, 3, 6, 10]	1.0000343322753906
9	5	46	8	[1, 2, 3, 6, 10]	1.0197632312774658
9	10	46	8	[1, 2, 3, 6, 10]	0.8785350322723389
9	15	46	10	[1, 2, 3, 6, 10]	0.81813645362854
9	20	62	16	[1, 2, 3, 2, 3, 6, 10]	0.8464300632476807
9	25	46	11	[1, 2, 3, 6, 10]	0.8378925323486328
9	1	26	6	[5, 9, 2, 3]	0.5021648406982422
9	5	26	6	[5, 9, 2, 3]	0.49770379066467285
9	10	26	6	[5, 9, 2, 3]	0.5269482135772705
9	15	26	6	[5, 9, 2, 3]	0.5159652233123779
9	20	26	7	[5, 9, 2, 3]	0.45320725440979004
9	25	26	8	[5, 9, 2, 3]	0.3934922218322754
9	1	30	7	[4, 7, 9, 2]	0.349381685256958
9	5	30	7	[4, 7, 9, 2]	0.349334716796875
9	10	30	7	[4, 7, 9, 2]	0.3535754680633545
9	15	48	9	[4, 10, 6, 3, 2]	0.34224724769592285
9	20	30	7	[4, 7, 9, 2]	0.3063538074493408
9	25	30	7	[4, 7, 9, 2]	0.30210208892822266
9	1	31	6	[8, 1, 2, 3]	0.47892117500305176
9	5	31	6	[8, 1, 2, 3]	0.5183722972869873
9	10	57	10	[8, 1, 8, 1, 2, 3]	0.47475337982177734
9	15	31	8	[8, 1, 2, 3]	0.5205302238464355
9	20	31	9	[8, 1, 2, 3]	0.44080424308776855
9	25	31	9	[8, 1, 2, 3]	0.43400120735168457
9	1	6	2	[11, 0]	0.07378053665161133
9	5	6	2	[11, 0]	0.045758962631225586
9	10	6	2	[11, 0]	0.05519294738769531
9	15	6	2	[11, 0]	0.07172369956970215
9	20	6	3	[11, 0]	0.07910943031311035
9	25	6	3	[11, 0]	0.07237696647644043
9	1	39	9	[6, 3, 2, 12, 0]	0.4550328254699707
9	5	39	9	[6, 3, 2, 12, 0]	0.5278537273406982
9	10	65	13	[6, 10, 6, 3, 2, 12, 0]	0.5322401523590088
9	15	55	11	[6, 10, 4, 7, 9, 0]	0.5307893753051758
9	20	39	9	[6, 3, 2, 12, 0]	0.4831860065460205
9	25	39	9	[6, 3, 2, 12, 0]	0.4032461643218994
9	1	13	2	[8, 5]	0.18528962135314941
9	5	13	2	[8, 5]	0.17419171333312988
9	10	13	2	[8, 5]	0.16606736183166504
9	15	13	2	[8, 5]	0.13712859153747559
9	20	13	2	[8, 5]	0.16311144828796387
9	25	85	26	[8, 1, 2, 12, 0, 11, 0, 12, 2, 9, 5]	0.14441561698913574
10	1	95	21	[10, 6, 3, 2, 3, 2, 12, 11, 13, 0]	2.3433337211608887
10	5	79	17	[10, 6, 3, 2, 12, 11, 13, 0]	2.1826958656311035
10	10	42	10	[10, 4, 7, 9, 0]	2.1729986667633057
10	15	42	10	[10, 4, 7, 9, 0]	2.2050771713256836
10	20	52	12	[10, 6, 3, 2, 12, 0]	2.1931538581848145
10	25	52	13	[10, 6, 3, 2, 12, 0]	2.2911453247070312
10	1	61	15	[6, 3, 2, 3, 2, 12, 0, 11]	2.59472918510437
10	5	45	11	[6, 3, 2, 12, 0, 11]	2.6257662773132324
10	10	42	9	[6, 3, 2, 12, 11]	2.4294254779815674
10	15	42	9	[6, 3, 2, 12, 11]	2.47054386138916
10	20	42	9	[6, 3, 2, 12, 11]	2.2477211952209473
10	25	42	10	[6, 3, 2, 12, 11]	1.955019474029541
10	1	34	10	[10, 4, 7, 9, 5]	2.1846559047698975
10	5	34	10	[10, 4, 7, 9, 5]	2.139998197555542
10	10	34	10	[10, 4, 7, 9, 5]	2.017364978790283
10	15	34	10	[10, 4, 7, 9, 5]	3.1232314109802246
10	20	54	11	[10, 6, 3, 2, 9, 5]	2.8127522468566895
10	25	54	11	[10, 6, 3, 2, 9, 5]	2.740597724914551
10	1	23	4	[6, 3, 2]	1.1314365863800049
10	5	23	4	[6, 3, 2]	1.143345832824707
10	10	23	4	[6, 3, 2]	1.0832829475402832
10	15	23	4	[6, 3, 2]	1.110764980316162
10	20	23	4	[6, 3, 2]	0.7061471939086914
10	25	23	4	[6, 3, 2]	0.7071070671081543
10	1	47	11	[8, 5, 9, 7, 4, 10]	4.212625980377197
10	5	47	11	[8, 5, 9, 7, 4, 10]	4.173593282699585
10	10	47	12	[8, 5, 9, 7, 4, 10]	3.5726826190948486
10	15	47	12	[8, 5, 9, 7, 4, 10]	4.823642730712891
10	20	59	11	[8, 1, 2, 3, 6, 10]	13.340784072875977
10	25	147	45	[8, 5, 9, 5, 9, 5, 9, 5, 9, 5, 9, 5, 9, 5, 9, 5, 9, 5, 9, 2, 3, 6, 10]	17.909543991088867
10	1	27	6	[3, 2, 9, 7]	2.911630153656006
10	5	27	6	[3, 2, 9, 7]	2.4746205806732178
10	10	27	7	[3, 2, 9, 7]	2.175903081893921
10	15	27	7	[3, 2, 9, 7]	2.0926125049591064
10	20	27	7	[3, 2, 9, 7]	2.2397661209106445
10	25	27	7	[3, 2, 9, 7]	2.2020461559295654
10	1	37	8	[11, 0, 9, 5, 8]	3.604679822921753
10	5	37	8	[11, 0, 9, 5, 8]	3.7363743782043457
10	10	37	8	[11, 0, 9, 5, 8]	3.8842391967773438
10	15	37	8	[11, 0, 9, 5, 8]	3.454592704772949
10	20	45	13	[11, 0, 12, 2, 1, 8]	2.9472527503967285
10	25	63	15	[11, 13, 11, 0, 9, 5, 8]	3.1664137840270996
10	1	13	2	[8, 1]	1.157851219177246
10	5	13	2	[8, 1]	1.131925106048584
10	10	13	2	[8, 1]	0.97562575340271
10	15	13	2	[8, 1]	0.99375319480896
10	20	13	2	[8, 1]	0.8968336582183838
10	25	13	2	[8, 1]	0.8621001243591309
10	1	27	8	[7, 9, 2, 3]	2.600769281387329
10	5	27	8	[7, 9, 2, 3]	2.718371629714966
10	10	27	8	[7, 9, 2, 3]	2.447664499282837
10	15	27	8	[7, 9, 2, 3]	2.356668710708618
10	20	51	10006	[7, 4, 10, 6, 3]	2.015984058380127
10	25	51	10006	[7, 4, 10, 6, 3]	1.9565904140472412
10	1	13	2	[0, 9]	0.8350415229797363
10	5	13	2	[0, 9]	0.8522360324859619
10	10	13	2	[0, 9]	0.8825972080230713
10	15	13	2	[0, 9]	0.8616812229156494
10	20	13	2	[0, 9]	0.7448775768280029
10	25	13	2	[0, 9]	0.7679603099822998
10	1	318	85	[5, 9, 5, 9, 7, 9, 2, 12, 11, 0, 11, 0, 13, 0, 11, 13, 11, 0, 12, 0, 11, 0, 11, 0, 11, 0, 11, 12, 11, 0, 11, 0, 12, 2, 1, 2, 3, 2, 3, 6]	4.765052556991577
10	5	41	9	[5, 9, 2, 3, 6]	6.021413564682007
10	10	41	9	[5, 9, 2, 3, 6]	4.906462907791138
10	15	41	9	[5, 9, 2, 3, 6]	4.420121431350708
10	20	41	9	[5, 9, 2, 3, 6]	3.6582047939300537
10	25	41	9	[5, 9, 2, 3, 6]	3.6439337730407715
10	1	19	5	[7, 9, 0]	1.6113860607147217
10	5	19	5	[7, 9, 0]	1.752133846282959
10	10	19	5	[7, 9, 0]	1.547069787979126
10	15	19	5	[7, 9, 0]	1.7809529304504395
10	20	75	10013	[7, 4, 10, 6, 3, 2, 12, 0]	2.350160837173462
10	25	19	10001	[7, 9, 0]	2.1882810592651367
10	1	40	9	[1, 2, 9, 7, 4]	4.25714111328125
10	5	40	9	[1, 2, 9, 7, 4]	3.7414298057556152
10	10	40	10	[1, 2, 9, 7, 4]	3.3169784545898438
10	15	40	10	[1, 2, 9, 7, 4]	3.2851362228393555
10	20	2633	10863	[1, 2, 12, 0, 11, 0, 11, 12, 0, 11, 0, 11, 0, 11, 0, 11, 0, 11, 0, 11, 0, 11, 0, 11, 0, 11, 0, 11, 0, 11, 0, 11, 0, 11, 0, 11, 0, 11, 0, 11, 0, 12, 0, 11, 0, 11, 0, 11, 0, 11, 0, 11, 0, 11, 12, 0, 11, 0, 11, 0, 11, 0, 11, 0, 11, 0, 11, 0, 11, 0, 11, 0, 11, 0, 11, 0, 11, 0, 11, 0, 11, 0, 11, 0, 11, 0, 11, 0, 12, 0, 11, 0, 11, 0, 11, 0, 11, 0, 11, 0, 11, 0, 11, 0, 11, 0, 11, 12, 0, 11, 0, 11, 0, 11, 0, 11, 0, 11, 0, 11, 12, 0, 11, 0, 11, 0, 11, 0, 11, 0, 11, 0, 11, 0, 11, 0, 11, 0, 11, 0, 11, 0, 11, 0, 11, 0, 11, 0, 11, 0, 11, 0, 11, 0, 11, 0, 11, 0, 11, 0, 11, 0, 11, 0, 11, 0, 11, 0, 11, 0, 11, 0, 11, 0, 11, 0, 11, 0, 11, 0, 11, 0, 11, 0, 11, 0, 11, 0, 11, 0, 11, 0, 11, 0, 11, 0, 11, 0, 11, 0, 11, 0, 11, 0, 11, 0, 11, 0, 11, 0, 11, 0, 11, 0, 13, 0, 11, 0, 11, 0, 11, 0, 11, 0, 11, 0, 9, 5, 9, 5, 9, 5, 9, 5, 9, 5, 8, 5, 9, 5, 9, 2, 12, 0, 11, 0, 11, 0, 11, 0, 11, 0, 11, 0, 11, 0, 11, 0, 11, 0, 11, 0, 11, 0, 11, 0, 11, 0, 11, 0, 11, 0, 11, 0, 11, 0, 11, 0, 11, 0, 11, 0, 11, 0, 11, 12, 0, 11, 0, 11, 0, 11, 0, 11, 0, 11, 0, 11, 0, 11, 0, 13, 0, 11, 0, 11, 0, 11, 0, 11, 0, 11, 0, 11, 0, 11, 0, 11, 0, 11, 0, 11, 0, 11, 0, 11, 0, 11, 0, 11, 0, 11, 0, 11, 0, 11, 0, 11, 0, 11, 0, 11, 0, 9, 5, 9, 5, 9, 5, 9, 5, 9, 5, 9, 5, 9, 5, 9, 5, 9, 5, 9, 5, 9, 5, 9, 5, 9, 5, 9, 5, 9, 5, 9, 0, 9, 5, 9, 5, 9, 5, 9, 5, 9, 5, 9, 5, 9, 5, 9, 5, 9, 5, 9, 5, 9, 5, 9, 5, 9, 5, 9, 5, 9, 5, 9, 5, 9, 5, 8, 5, 9, 5, 9, 5, 9, 5, 9, 5, 9, 5, 9, 5, 9, 7, 4]	198.5555717945099
10	25	3523	21397	[1, 2, 12, 0, 11, 0, 11, 0, 11, 0, 11, 0, 11, 0, 11, 0, 11, 0, 11, 0, 11, 0, 11, 0, 11, 0, 11, 0, 11, 0, 11, 0, 11, 0, 11, 0, 11, 0, 11, 0, 11, 0, 11, 0, 11, 0, 11, 0, 11, 0, 11, 0, 11, 0, 11, 0, 11, 0, 11, 0, 11, 0, 11, 0, 11, 0, 11, 0, 11, 0, 11, 0, 13, 0, 11, 0, 9, 5, 9, 5, 9, 5, 9, 5, 9, 5, 9, 5, 9, 5, 9, 7, 9, 5, 9, 5, 9, 5, 9, 5, 9, 5, 9, 5, 9, 5, 9, 5, 9, 5, 9, 5, 9, 5, 9, 5, 9, 5, 9, 5, 9, 5, 8, 5, 9, 5, 9, 5, 9, 5, 9, 5, 9, 5, 9, 5, 8, 1, 2, 12, 0, 11, 12, 0, 11, 0, 11, 0, 11, 0, 11, 0, 11, 0, 11, 0, 11, 0, 11, 0, 11, 0, 11, 0, 11, 13, 0, 11, 0, 11, 0, 11, 0, 11, 0, 11, 0, 11, 0, 11, 0, 11, 0, 11, 0, 11, 0, 11, 0, 11, 0, 13, 0, 11, 0, 11, 0, 11, 0, 11, 0, 11, 0, 11, 0, 11, 0, 11, 0, 11, 0, 11, 0, 11, 0, 11, 0, 11, 0, 11, 0, 11, 0, 11, 0, 11, 0, 11, 0, 11, 0, 11, 0, 11, 0, 11, 0, 11, 0, 11, 0, 11, 13, 0, 11, 0, 11, 0, 11, 12, 0, 11, 0, 11, 0, 11, 0, 11, 0, 11, 0, 11, 0, 11, 0, 11, 0, 11, 0, 11, 0, 11, 0, 11, 0, 11, 0, 11, 0, 11, 0, 11, 0, 11, 0, 11, 0, 11, 0, 11, 0, 11, 0, 11, 0, 11, 0, 11, 0, 11, 0, 11, 0, 11, 0, 11, 0, 11, 0, 11, 0, 11, 0, 11, 0, 11, 0, 11, 0, 11, 0, 11, 0, 11, 0, 11, 0, 11, 0, 11, 0, 11, 0, 11, 0, 11, 0, 11, 0, 11, 0, 11, 0, 11, 0, 11, 0, 11, 0, 11, 0, 11, 0, 11, 0, 11, 0, 11, 0, 11, 0, 11, 0, 11, 0, 13, 0, 11, 0, 11, 0, 11, 0, 12, 0, 11, 0, 11, 0, 11, 0, 11, 0, 11, 0, 11, 0, 11, 0, 11, 0, 11, 0, 11, 0, 11, 0, 11, 0, 11, 0, 11, 0, 11, 0, 11, 0, 11, 0, 11, 0, 11, 0, 11, 0, 11, 0, 11, 0, 11, 0, 11, 0, 11, 0, 11, 0, 11, 0, 11, 0, 11, 0, 11, 0, 11, 0, 11, 0, 11, 0, 11, 0, 11, 0, 11, 0, 11, 0, 11, 12, 0, 11, 0, 11, 0, 11, 0, 11, 0, 11, 0, 11, 0, 11, 0, 11, 0, 11, 0, 11, 0, 11, 0, 11, 0, 11, 0, 11, 0, 11, 0, 11, 0, 11, 0, 11, 0, 11, 0, 11, 0, 11, 0, 11, 0, 11, 0, 11, 0, 11, 0, 11, 0, 11, 0, 11, 0, 11, 0, 11, 0, 11, 0, 11, 0, 11, 0, 11, 0, 11, 0, 11, 0, 11, 0, 11, 0, 11, 0, 11, 0, 11, 0, 11, 0, 11, 0, 11, 0, 11, 0, 11, 0, 11, 0, 11, 0, 11, 0, 11, 0, 11, 0, 11, 0, 11, 0, 11, 0, 11, 0, 11, 0, 11, 0, 11, 0, 9, 7, 4]	170.48977613449097
10	1	55	10	[6, 3, 2, 9, 0, 11]	3.3336150646209717
10	5	45	11	[6, 3, 2, 12, 0, 11]	2.908022165298462
10	10	42	9	[6, 3, 2, 12, 11]	2.4841880798339844
10	15	45	11	[6, 3, 2, 12, 0, 11]	2.6043007373809814
10	20	42	9	[6, 3, 2, 12, 11]	2.875215530395508
10	25	54	16	[6, 3, 2, 12, 2, 12, 11]	2.574538469314575
10	1	37	8	[8, 5, 9, 0, 11]	2.857158899307251
10	5	37	8	[8, 5, 9, 0, 11]	2.8775274753570557
10	10	63	12	[8, 5, 9, 0, 9, 0, 11]	2.3904049396514893
10	15	42	9	[8, 1, 2, 12, 11]	2.3222999572753906
10	20	37	8	[8, 5, 9, 0, 11]	2.153337001800537
10	25	37	8	[8, 5, 9, 0, 11]	2.9734034538269043
10	1	47	12	[5, 9, 7, 4, 10, 6]	4.5521204471588135
10	5	41	9	[5, 9, 2, 3, 6]	3.940087080001831
10	10	47	13	[5, 9, 7, 4, 10, 6]	3.4850094318389893
10	15	98	24	[5, 9, 5, 9, 0, 13, 0, 11, 12, 2, 3, 6]	3.6037914752960205
10	20	41	9	[5, 9, 2, 3, 6]	3.2456912994384766
10	25	41	9	[5, 9, 2, 3, 6]	3.3966145515441895
10	1	46	11	[9, 5, 9, 2, 3, 6]	3.9134020805358887
10	5	66	15	[9, 7, 4, 10, 4, 10, 6]	4.003614902496338
10	10	42	11	[9, 7, 4, 10, 6]	3.57942533493042
10	15	64	21	[9, 7, 9, 5, 9, 7, 4, 10, 6]	3.889298915863037
10	20	36	7	[9, 2, 3, 6]	3.4109554290771484
10	25	46	11	[9, 5, 9, 2, 3, 6]	3.2593233585357666
10	1	31	7	[8, 5, 9, 2]	1.1954491138458252
10	5	23	4	[8, 1, 2]	1.1146671772003174
10	10	23	4	[8, 1, 2]	1.2336435317993164
10	15	23	4	[8, 1, 2]	1.1318011283874512
10	20	23	5	[8, 1, 2]	0.9090931415557861
10	25	23	6	[8, 1, 2]	1.0138041973114014
10	1	29	7	[13, 0, 9, 5]	2.4891490936279297
10	5	29	7	[13, 0, 9, 5]	2.145385503768921
10	10	29	7	[13, 0, 9, 5]	2.045488119125366
10	15	29	7	[13, 0, 9, 5]	1.9978125095367432
10	20	29	7	[13, 0, 9, 5]	1.9951128959655762
10	25	29	7	[13, 0, 9, 5]	1.7997219562530518
10	1	36	9	[4, 7, 9, 0, 11]	2.414663076400757
10	5	36	9	[4, 7, 9, 0, 11]	2.618083953857422
10	10	58	14	[4, 7, 4, 7, 9, 0, 11]	2.446826457977295
10	15	36	9	[4, 7, 9, 0, 11]	2.1719462871551514
10	20	97	18	[4, 10, 6, 3, 6, 3, 2, 12, 11]	2.3923699855804443
10	25	67	15	[4, 10, 6, 3, 2, 12, 11]	2.179189443588257
