Num of Nodes	BW	Delay	Num of Hops	Path	Execution Time (seconds)
5	1	30	9	[7, 18, 3, 5, 0]	0.0356137752532959
5	5	30	9	[7, 18, 3, 5, 0]	0.0347292423248291
5	10	30	9	[7, 18, 3, 5, 0]	0.0344393253326416
5	15	30	9	[7, 18, 3, 5, 0]	0.03741025924682617
5	20	60	19	[7, 18, 3, 4, 1, 4, 3, 5, 0]	0.03585672378540039
5	25	30	9	[7, 18, 3, 5, 0]	0.029477596282958984
5	1	91	21	[2, 17, 9, 18, 11, 23, 11, 18, 3, 21, 12]	0.025545597076416016
5	5	29	4	[2, 15, 12]	0.025573253631591797
5	10	29	4	[2, 15, 12]	0.0272371768951416
5	15	29	4	[2, 15, 12]	0.025044918060302734
5	20	29	4	[2, 15, 12]	0.025190353393554688
5	25	29	4	[2, 15, 12]	0.029198884963989258
5	1	55	10	[10, 3, 10, 3, 18, 11]	0.05049252510070801
5	5	31	6	[10, 3, 18, 11]	0.05128335952758789
5	10	31	6	[10, 3, 18, 11]	0.05216240882873535
5	15	31	6	[10, 3, 18, 11]	0.050826072692871094
5	20	31	6	[10, 3, 18, 11]	0.047293663024902344
5	25	31	6	[10, 3, 18, 11]	0.043436527252197266
5	1	63	16	[2, 17, 9, 18, 3, 5, 3, 5, 0]	0.05420494079589844
5	5	97	20	[2, 17, 2, 15, 2, 17, 9, 18, 3, 5, 0]	0.04566812515258789
5	10	61	14	[2, 15, 10, 15, 10, 3, 5, 0]	0.043912410736083984
5	15	53	13	[2, 17, 9, 18, 3, 5, 0]	0.040505170822143555
5	20	53	13	[2, 15, 12, 21, 3, 5, 0]	0.04064369201660156
5	25	63	14	[2, 15, 10, 16, 10, 3, 5, 0]	0.044359445571899414
5	1	38	8	[5, 0, 20, 11, 23]	0.08301806449890137
5	5	76	19	[5, 3, 18, 7, 6, 7, 18, 11, 23]	0.07372617721557617
5	10	31	9	[5, 3, 21, 12, 23]	0.05300593376159668
5	15	30	8	[5, 3, 18, 11, 23]	0.04897904396057129
5	20	40	12	[5, 3, 5, 3, 18, 11, 23]	0.053644418716430664
5	25	30	8	[5, 3, 18, 11, 23]	0.04642963409423828
5	1	13	2	[16, 8]	0.031293630599975586
5	5	13	2	[16, 8]	0.031204700469970703
5	10	13	2	[16, 8]	0.030436038970947266
5	15	13	2	[16, 8]	0.028053760528564453
5	20	13	2	[16, 8]	0.03297758102416992
5	25	13	2	[16, 8]	0.028874874114990234
5	1	65	17	[8, 22, 5, 0, 20, 0, 5, 3, 21]	0.031768083572387695
5	5	68	16	[8, 22, 14, 16, 1, 4, 3, 21]	0.033287763595581055
5	10	27	9	[8, 22, 5, 3, 21]	0.03458285331726074
5	15	27	10005	[8, 22, 5, 3, 21]	0.030273914337158203
5	20	27	10005	[8, 22, 5, 3, 21]	0.030218124389648438
5	25	27	10005	[8, 22, 5, 3, 21]	0.02413153648376465
5	1	47	12	[15, 10, 3, 18, 7, 6]	0.07490086555480957
5	5	47	12	[15, 10, 3, 18, 7, 6]	0.07471418380737305
5	10	47	12	[15, 10, 3, 18, 7, 6]	0.06631922721862793
5	15	47	12	[15, 10, 3, 18, 7, 6]	0.06329178810119629
5	20	53	15	[15, 12, 21, 3, 18, 7, 6]	0.06513237953186035
5	25	47	12	[15, 10, 3, 18, 7, 6]	0.05934715270996094
5	1	20	4	[18, 11, 23]	0.048862457275390625
5	5	20	4	[18, 11, 23]	0.049239397048950195
5	10	20	4	[18, 11, 23]	0.05098295211791992
5	15	66	15	[18, 7, 6, 7, 18, 11, 23]	0.04752683639526367
5	20	20	4	[18, 11, 23]	0.04536247253417969
5	25	20	4	[18, 11, 23]	0.03980660438537598
5	1	80	22	[5, 3, 18, 11, 18, 3, 4, 3, 21, 12, 15]	0.043179988861083984
5	5	52	18	[5, 3, 18, 3, 4, 3, 21, 12, 15]	0.04696774482727051
5	10	69	16	[5, 3, 5, 3, 18, 11, 23, 12, 15]	0.04439687728881836
5	15	24	7	[5, 3, 10, 15]	0.03823494911193848
5	20	24	7	[5, 3, 10, 15]	0.039971113204956055
5	25	24	7	[5, 3, 10, 15]	0.035491943359375
5	1	17	5	[3, 18, 7]	0.035535573959350586
5	5	17	5	[3, 18, 7]	0.034216880798339844
5	10	65	20	[3, 21, 12, 19, 12, 21, 3, 18, 7]	0.03226351737976074
5	15	17	5	[3, 18, 7]	0.029826641082763672
5	20	17	5	[3, 18, 7]	0.0318145751953125
5	25	17	5	[3, 18, 7]	0.030434846878051758
5	1	42	13	[21, 3, 18, 3, 5, 22, 14]	0.05509662628173828
5	5	62	19	[21, 3, 4, 1, 4, 3, 5, 22, 14]	0.05074453353881836
5	10	32	9	[21, 3, 5, 22, 14]	0.0522160530090332
5	15	58	17	[21, 3, 18, 3, 5, 0, 5, 22, 14]	0.04791545867919922
5	20	123	28	[21, 3, 4, 1, 16, 10, 15, 2, 15, 10, 3, 5, 22, 14]	0.050673723220825195
5	25	31	10004	[21, 12, 19, 14]	0.04941916465759277
5	1	64	17	[17, 2, 17, 9, 18, 3, 4, 3, 21]	0.0305938720703125
5	5	52	12	[17, 2, 17, 9, 18, 3, 21]	0.03228497505187988
5	10	70	12	[17, 9, 17, 2, 15, 12, 21]	0.035578250885009766
5	15	42	9	[17, 2, 15, 12, 21]	0.0326845645904541
5	20	52	14	[17, 2, 17, 9, 18, 3, 21]	0.02973198890686035
5	25	38	9	[17, 9, 18, 3, 21]	0.028357744216918945
5	1	21	4	[12, 15, 10]	0.03309440612792969
5	5	21	4	[12, 15, 10]	0.037718772888183594
5	10	21	4	[12, 15, 10]	0.033814430236816406
5	15	21	4	[12, 15, 10]	0.040393829345703125
5	20	35	13	[12, 21, 3, 4, 3, 10]	0.03640604019165039
5	25	21	4	[12, 15, 10]	0.021930217742919922
5	1	19	5	[21, 12, 19]	0.03851175308227539
5	5	19	5	[21, 12, 19]	0.04372882843017578
5	10	19	5	[21, 12, 19]	0.03895998001098633
5	15	19	5	[21, 12, 19]	0.03705191612243652
5	20	19	5	[21, 12, 19]	0.03741002082824707
5	25	19	10001	[21, 12, 19]	0.05324244499206543
5	1	17	5	[21, 3, 10]	0.040688276290893555
5	5	17	5	[21, 3, 10]	0.036130428314208984
5	10	17	5	[21, 3, 10]	0.04354047775268555
5	15	17	6	[21, 3, 10]	0.029228925704956055
5	20	17	6	[21, 3, 10]	0.03220677375793457
5	25	17	10002	[21, 3, 10]	0.03526782989501953
5	1	130	28	[23, 11, 20, 13, 6, 13, 20, 11, 18, 3, 5, 22, 8, 16]	0.05972409248352051
5	5	56	13	[23, 12, 21, 12, 15, 10, 16]	0.0683443546295166
5	10	131	27	[23, 11, 20, 0, 20, 13, 20, 0, 5, 0, 5, 22, 14, 16]	0.06129789352416992
5	15	79	20	[23, 11, 20, 0, 5, 0, 5, 3, 10, 16]	0.05572962760925293
5	20	63	18	[23, 12, 21, 3, 5, 3, 4, 1, 16]	0.050734758377075195
5	25	86	23	[23, 11, 18, 3, 18, 7, 18, 3, 4, 1, 16]	0.04819798469543457
5	1	8	2	[10, 16]	0.015962839126586914
5	5	8	2	[10, 16]	0.0171353816986084
5	10	8	2	[10, 16]	0.016540050506591797
5	15	8	2	[10, 16]	0.016840219497680664
5	20	8	2	[10, 16]	0.01749563217163086
5	25	8	2	[10, 16]	0.014716386795043945
5	1	49	13	[20, 0, 5, 3, 21, 12, 15]	0.06381011009216309
5	5	157	30	[20, 13, 6, 7, 6, 13, 6, 7, 18, 9, 17, 2, 17, 2, 15]	0.05634593963623047
5	10	93	20	[20, 0, 5, 3, 18, 9, 17, 2, 17, 2, 15]	0.06364703178405762
5	15	65	15	[20, 0, 20, 0, 5, 3, 10, 15]	0.044497013092041016
5	20	43	11	[20, 0, 5, 3, 10, 15]	0.04868721961975098
5	25	69	16	[20, 13, 6, 7, 18, 3, 10, 15]	0.05146360397338867
5	1	24	6	[15, 10, 3, 18]	0.028043270111083984
5	5	24	6	[15, 10, 3, 18]	0.025354385375976562
5	10	24	6	[15, 10, 3, 18]	0.032903432846069336
5	15	103	21	[15, 12, 19, 14, 19, 14, 16, 10, 3, 18]	0.02474188804626465
5	20	24	6	[15, 10, 3, 18]	0.02283024787902832
5	25	24	6	[15, 10, 3, 18]	0.022189617156982422
6	1	39	11	[19, 12, 21, 3, 4, 1]	0.06803107261657715
6	5	39	11	[19, 12, 21, 3, 4, 1]	0.06481766700744629
6	10	49	16	[19, 12, 21, 3, 5, 3, 4, 1]	0.06628632545471191
6	15	39	11	[19, 12, 21, 3, 4, 1]	0.07030296325683594
6	20	39	7	[19, 14, 16, 1]	0.08540940284729004
6	25	39	11	[19, 12, 21, 3, 4, 1]	0.08402681350708008
6	1	11	5	[4, 3, 18]	0.02507805824279785
6	5	11	5	[4, 3, 18]	0.02256631851196289
6	10	292	59	[4, 3, 5, 22, 14, 16, 8, 22, 8, 16, 10, 15, 12, 19, 12, 23, 12, 19, 14, 19, 14, 22, 5, 0, 20, 11, 18]	0.022993803024291992
6	15	11	5	[4, 3, 18]	0.024627208709716797
6	20	11	5	[4, 3, 18]	0.03457474708557129
6	25	11	5	[4, 3, 18]	0.018030166625976562
6	1	39	11	[13, 20, 0, 5, 3, 4]	0.049094200134277344
6	5	39	11	[13, 20, 0, 5, 3, 4]	0.05538177490234375
6	10	39	11	[13, 20, 0, 5, 3, 4]	0.046151161193847656
6	15	72	19	[13, 20, 11, 23, 11, 23, 12, 21, 3, 4]	0.049363136291503906
6	20	39	13	[13, 20, 0, 5, 3, 4]	0.04701519012451172
6	25	65	18	[13, 20, 13, 6, 7, 18, 3, 4]	0.03981733322143555
6	1	37	6	[9, 18, 7, 6]	0.09261679649353027
6	5	37	6	[9, 18, 7, 6]	0.07270336151123047
6	10	37	8	[9, 18, 7, 6]	0.06853771209716797
6	15	37	8	[9, 18, 7, 6]	0.07227420806884766
6	20	37	8	[9, 18, 7, 6]	0.0667874813079834
6	25	37	9	[9, 18, 7, 6]	0.05503702163696289
6	1	56	12	[17, 2, 17, 2, 15, 12, 21]	0.04456043243408203
6	5	42	8	[17, 2, 15, 12, 21]	0.03827953338623047
6	10	42	9	[17, 2, 15, 12, 21]	0.03929591178894043
6	15	72	14	[17, 2, 15, 2, 15, 12, 21]	0.03923606872558594
6	20	42	9	[17, 2, 15, 12, 21]	0.03842353820800781
6	25	231	56	[17, 2, 15, 10, 16, 1, 16, 14, 22, 14, 16, 8, 22, 5, 0, 20, 13, 20, 0, 5, 22, 5, 3, 21]	0.03670787811279297
6	1	17	4	[8, 22, 5]	0.022919178009033203
6	5	17	4	[8, 22, 5]	0.02043914794921875
6	10	17	4	[8, 22, 5]	0.022597312927246094
6	15	17	4	[8, 22, 5]	0.02131962776184082
6	20	17	4	[8, 22, 5]	0.02455878257751465
6	25	17	4	[8, 22, 5]	0.039572954177856445
6	1	59	11	[8, 22, 14, 22, 14, 19]	0.06415462493896484
6	5	33	7	[8, 22, 14, 19]	0.06084942817687988
6	10	138	44	[8, 22, 5, 3, 4, 3, 21, 12, 15, 10, 3, 5, 0, 5, 3, 18, 3, 21, 12, 19]	0.0690758228302002
6	15	113	20	[8, 22, 14, 16, 1, 16, 14, 22, 14, 19]	0.05788064002990723
6	20	33	7	[8, 22, 14, 19]	0.07864046096801758
6	25	333	91	[8, 16, 10, 15, 10, 15, 12, 15, 10, 3, 4, 1, 4, 3, 10, 15, 2, 17, 2, 17, 2, 17, 9, 17, 2, 17, 9, 18, 7, 6, 7, 18, 3, 21, 12, 19]	0.07546067237854004
6	1	36	6	[12, 15, 2, 17]	0.13011741638183594
6	5	78	24	[12, 21, 3, 5, 3, 5, 3, 21, 12, 15, 2, 17]	0.13448357582092285
6	10	36	7	[12, 15, 2, 17]	0.1213066577911377
6	15	36	7	[12, 15, 2, 17]	0.15063691139221191
6	20	36	7	[12, 15, 2, 17]	0.35864830017089844
6	25	36	7	[12, 15, 2, 17]	0.10324978828430176
6	1	15	2	[15, 2]	0.0522308349609375
6	5	15	2	[15, 2]	0.0504918098449707
6	10	15	2	[15, 2]	0.03899192810058594
6	15	15	2	[15, 2]	0.04128146171569824
6	20	15	2	[15, 2]	0.04507780075073242
6	25	15	2	[15, 2]	0.050327301025390625
6	1	27	5	[16, 14, 19]	0.06179404258728027
6	5	27	5	[16, 14, 19]	0.053372859954833984
6	10	27	5	[16, 14, 19]	0.054935455322265625
6	15	27	5	[16, 14, 19]	0.05964541435241699
6	20	27	5	[16, 14, 19]	0.05655622482299805
6	25	27	5	[16, 14, 19]	0.05214810371398926
6	1	24	7	[5, 3, 10, 15]	0.051355600357055664
6	5	24	7	[5, 3, 10, 15]	0.04980206489562988
6	10	24	7	[5, 3, 10, 15]	0.050052642822265625
6	15	24	7	[5, 3, 10, 15]	0.041727304458618164
6	20	24	10	[5, 3, 10, 15]	0.0517120361328125
6	25	24	10	[5, 3, 10, 15]	0.0548405647277832
6	1	27	4	[19, 14, 16]	0.08565115928649902
6	5	27	4	[19, 14, 16]	0.04627728462219238
6	10	258	60	[19, 12, 21, 3, 18, 7, 6, 13, 6, 7, 18, 11, 20, 13, 20, 0, 5, 3, 5, 0, 20, 11, 23, 11, 18, 3, 10, 16]	0.04429149627685547
6	15	27	4	[19, 14, 16]	0.03883671760559082
6	20	27	5	[19, 14, 16]	0.04290652275085449
6	25	53	10	[19, 14, 22, 14, 16]	0.04983949661254883
6	1	15	5	[15, 10, 16]	0.03570079803466797
6	5	15	5	[15, 10, 16]	0.029321908950805664
6	10	15	5	[15, 10, 16]	0.03183722496032715
6	15	110	31	[15, 10, 3, 18, 7, 6, 7, 18, 3, 5, 22, 8, 16]	0.029302597045898438
6	20	15	5	[15, 10, 16]	0.02992725372314453
6	25	15	5	[15, 10, 16]	0.029064416885375977
6	1	37	6	[6, 7, 18, 9]	0.05913805961608887
6	5	37	6	[6, 7, 18, 9]	0.06860923767089844
6	10	1477	705	[6, 7, 18, 3, 5, 3, 5, 3, 5, 3, 5, 3, 5, 3, 5, 3, 5, 3, 5, 3, 5, 3, 5, 3, 18, 3, 5, 3, 5, 3, 5, 3, 5, 3, 5, 3, 5, 3, 5, 3, 5, 3, 5, 3, 5, 0, 5, 3, 5, 3, 5, 3, 5, 3, 5, 3, 5, 3, 5, 3, 5, 3, 5, 3, 21, 3, 5, 3, 5, 3, 5, 3, 5, 3, 5, 3, 5, 3, 5, 3, 5, 3, 5, 3, 21, 3, 5, 3, 5, 3, 5, 3, 5, 3, 5, 3, 5, 3, 5, 3, 5, 3, 5, 3, 5, 3, 5, 3, 5, 3, 5, 3, 5, 3, 5, 3, 5, 3, 5, 3, 5, 3, 5, 3, 5, 3, 5, 3, 5, 3, 5, 3, 5, 3, 5, 3, 5, 3, 5, 3, 5, 3, 5, 3, 5, 3, 5, 3, 5, 3, 5, 3, 5, 3, 5, 3, 5, 3, 5, 3, 5, 3, 5, 3, 5, 3, 5, 3, 5, 3, 5, 3, 5, 3, 5, 3, 5, 3, 5, 3, 5, 3, 5, 3, 5, 3, 5, 3, 5, 3, 5, 3, 5, 3, 5, 3, 5, 3, 5, 0, 5, 3, 5, 3, 5, 3, 5, 3, 5, 3, 5, 3, 5, 3, 5, 3, 5, 3, 5, 3, 5, 3, 4, 3, 5, 3, 5, 3, 5, 3, 5, 3, 5, 3, 5, 3, 5, 3, 5, 3, 5, 3, 5, 3, 5, 3, 5, 3, 5, 3, 5, 3, 5, 3, 5, 3, 5, 3, 5, 3, 5, 3, 5, 3, 5, 3, 5, 3, 5, 3, 5, 3, 5, 3, 5, 3, 5, 3, 5, 3, 10, 15, 2, 17, 9]	0.8039758205413818
6	15	123	39	[6, 7, 18, 3, 5, 3, 5, 3, 5, 3, 5, 3, 10, 15, 2, 17, 9]	0.7105722427368164
6	20	183	90	[6, 7, 18, 3, 5, 3, 5, 3, 5, 3, 5, 3, 5, 3, 5, 3, 5, 3, 5, 3, 5, 3, 5, 3, 10, 15, 2, 17, 9]	0.7389256954193115
6	25	895	415	[6, 7, 18, 3, 18, 3, 18, 3, 18, 3, 18, 3, 18, 3, 18, 3, 18, 3, 18, 3, 18, 3, 18, 3, 18, 3, 18, 3, 18, 3, 18, 3, 18, 3, 18, 3, 18, 3, 18, 3, 18, 3, 18, 3, 18, 3, 18, 3, 18, 3, 18, 3, 18, 3, 18, 3, 18, 3, 18, 3, 18, 3, 18, 3, 18, 3, 18, 3, 18, 3, 18, 3, 18, 3, 18, 3, 18, 7, 18, 3, 18, 3, 18, 3, 18, 3, 18, 3, 18, 3, 4, 3, 18, 3, 18, 3, 18, 3, 18, 3, 18, 3, 18, 3, 18, 3, 18, 3, 18, 3, 18, 3, 18, 3, 18, 3, 18, 3, 18, 3, 18, 3, 18, 3, 18, 3, 18, 3, 18, 3, 18, 3, 18, 3, 18, 3, 18, 3, 18, 3, 18, 7, 18, 3, 18, 3, 18, 3, 18, 3, 18, 3, 4, 3, 18, 3, 18, 3, 18, 3, 10, 15, 2, 17, 9]	0.2557969093322754
6	1	61	16	[9, 18, 3, 21, 12, 21, 3, 10, 16]	0.052451133728027344
6	5	49	13	[9, 18, 3, 5, 3, 10, 16]	0.05097055435180664
6	10	39	9	[9, 18, 3, 10, 16]	0.051723480224609375
6	15	151	41	[9, 18, 3, 4, 3, 10, 3, 21, 12, 21, 3, 5, 22, 14, 22, 5, 3, 10, 16]	0.05283522605895996
6	20	171	53	[9, 18, 7, 6, 13, 20, 13, 6, 7, 18, 3, 4, 3, 5, 3, 21, 3, 5, 3, 10, 16]	0.0567626953125
6	25	51	12	[9, 17, 2, 15, 10, 16]	0.04977130889892578
6	1	36	6	[12, 15, 2, 17]	0.09378886222839355
6	5	36	6	[12, 15, 2, 17]	0.09567618370056152
6	10	36	7	[12, 15, 2, 17]	0.0916297435760498
6	15	36	7	[12, 15, 2, 17]	0.09081625938415527
6	20	36	7	[12, 15, 2, 17]	0.1424098014831543
6	25	36	7	[12, 15, 2, 17]	0.07772111892700195
6	1	67	17	[21, 3, 18, 3, 10, 3, 18, 7, 6]	0.07884502410888672
6	5	33	8	[21, 3, 18, 7, 6]	0.07921600341796875
6	10	33	10	[21, 3, 18, 7, 6]	0.07963776588439941
6	15	164	36	[21, 12, 19, 14, 19, 12, 23, 11, 23, 11, 20, 11, 23, 11, 18, 7, 6]	0.06629323959350586
6	20	33	10	[21, 3, 18, 7, 6]	0.06834626197814941
6	25	33	11	[21, 3, 18, 7, 6]	0.058801889419555664
6	1	57	15	[16, 10, 15, 12, 21, 3, 18, 7]	0.06824588775634766
6	5	44	11	[16, 1, 4, 3, 18, 7]	0.0659170150756836
6	10	78	18	[16, 8, 22, 14, 22, 5, 3, 18, 7]	0.06361699104309082
6	15	37	11	[16, 10, 3, 18, 7]	0.05563044548034668
6	20	37	11	[16, 10, 3, 18, 7]	0.05787014961242676
6	25	110	32	[16, 10, 15, 12, 21, 12, 19, 14, 22, 5, 3, 18, 7]	0.0541079044342041
6	1	28	4	[11, 18, 9]	0.06361603736877441
6	5	28	4	[11, 18, 9]	0.058670997619628906
6	10	292	100	[11, 23, 11, 23, 11, 23, 11, 23, 11, 23, 11, 20, 0, 5, 3, 5, 3, 5, 3, 5, 3, 5, 3, 5, 3, 5, 3, 5, 3, 5, 3, 5, 3, 5, 3, 5, 3, 10, 15, 2, 15, 2, 17, 9]	0.7384355068206787
6	15	584	204	[11, 23, 11, 23, 11, 23, 11, 23, 11, 23, 11, 23, 11, 23, 11, 23, 11, 23, 11, 23, 11, 23, 11, 23, 11, 23, 11, 23, 11, 23, 11, 23, 11, 23, 11, 23, 11, 23, 11, 23, 11, 23, 11, 23, 11, 23, 11, 23, 11, 23, 11, 23, 11, 23, 11, 20, 13, 6, 7, 18, 3, 5, 3, 5, 3, 5, 3, 5, 3, 5, 3, 5, 3, 4, 3, 5, 3, 5, 3, 5, 3, 5, 3, 5, 3, 5, 3, 5, 3, 10, 15, 2, 17, 9]	0.6392614841461182
6	20	1056	654	[11, 23, 11, 20, 13, 20, 11, 23, 11, 18, 3, 5, 3, 5, 3, 5, 3, 5, 3, 5, 3, 5, 3, 5, 3, 5, 0, 5, 3, 5, 3, 5, 3, 5, 3, 5, 3, 5, 3, 5, 3, 5, 0, 5, 3, 5, 3, 18, 3, 5, 3, 5, 3, 5, 3, 5, 3, 5, 3, 5, 3, 4, 3, 5, 3, 5, 3, 5, 3, 21, 3, 5, 3, 5, 3, 5, 3, 5, 3, 5, 3, 5, 3, 5, 3, 5, 3, 5, 3, 5, 3, 5, 3, 5, 3, 5, 3, 5, 3, 5, 3, 5, 3, 5, 3, 5, 3, 5, 3, 5, 3, 18, 3, 5, 3, 5, 3, 5, 3, 5, 3, 5, 3, 5, 3, 5, 3, 5, 3, 5, 3, 5, 3, 5, 3, 5, 3, 5, 3, 5, 3, 5, 3, 5, 3, 5, 3, 5, 3, 5, 3, 5, 3, 5, 3, 5, 3, 5, 3, 5, 3, 5, 3, 5, 3, 5, 3, 5, 3, 5, 3, 5, 3, 5, 3, 5, 3, 5, 3, 5, 3, 5, 3, 5, 3, 5, 3, 5, 3, 5, 3, 10, 15, 2, 17, 9]	0.5455973148345947
6	25	815	300	[11, 23, 11, 23, 11, 23, 11, 23, 11, 23, 11, 23, 11, 23, 11, 23, 11, 23, 11, 23, 11, 23, 11, 23, 11, 23, 11, 23, 11, 23, 11, 23, 11, 23, 12, 21, 12, 21, 12, 21, 12, 21, 12, 21, 12, 21, 12, 21, 12, 21, 12, 21, 12, 19, 12, 21, 12, 21, 12, 23, 11, 23, 11, 23, 11, 23, 11, 23, 11, 23, 11, 23, 11, 23, 11, 23, 11, 23, 11, 23, 11, 23, 11, 23, 11, 23, 11, 23, 11, 23, 11, 23, 11, 23, 11, 23, 11, 23, 11, 23, 11, 23, 11, 23, 11, 23, 11, 23, 11, 20, 0, 5, 3, 18, 3, 18, 3, 4, 1, 16, 10, 15, 2, 17, 9]	0.48334670066833496
6	1	33	7	[0, 20, 13, 6]	0.09282803535461426
6	5	211	54	[0, 5, 3, 4, 1, 4, 3, 5, 22, 8, 16, 14, 19, 12, 15, 10, 15, 12, 21, 12, 21, 3, 18, 7, 6]	0.09889912605285645
6	10	41	12	[0, 5, 3, 18, 7, 6]	0.08096671104431152
6	15	33	7	[0, 20, 13, 6]	0.07108354568481445
6	20	33	7	[0, 20, 13, 6]	0.0664818286895752
6	25	79	10021	[0, 5, 3, 18, 9, 18, 3, 18, 7, 6]	0.060527801513671875
7	1	39	11	[1, 4, 3, 21, 12, 19]	0.11928105354309082
7	5	39	11	[1, 4, 3, 21, 12, 19]	0.1322643756866455
7	10	39	11	[1, 4, 3, 21, 12, 19]	0.12139010429382324
7	15	91	19	[1, 16, 1, 4, 3, 21, 12, 15, 12, 19]	0.12109661102294922
7	20	39	11	[1, 4, 3, 21, 12, 19]	0.1330249309539795
7	25	57	12	[1, 4, 1, 16, 14, 19]	0.11545038223266602
7	1	35	7	[2, 15, 12, 21]	0.07339191436767578
7	5	35	7	[2, 15, 12, 21]	0.0744009017944336
7	10	63	11	[2, 15, 12, 15, 12, 21]	0.07413768768310547
7	15	49	11	[2, 17, 2, 15, 12, 21]	0.0743560791015625
7	20	35	7	[2, 15, 12, 21]	0.08106446266174316
7	25	35	7	[2, 15, 12, 21]	0.07044029235839844
7	1	57	14	[6, 7, 6, 13, 20, 11]	0.08502078056335449
7	5	35	8	[6, 13, 20, 11]	0.08736252784729004
7	10	37	8	[6, 7, 18, 11]	0.08684873580932617
7	15	37	8	[6, 7, 18, 11]	0.07599544525146484
7	20	37	8	[6, 7, 18, 11]	0.0698237419128418
7	25	37	9	[6, 7, 18, 11]	0.06926655769348145
7	1	239	55	[0, 5, 3, 21, 12, 15, 2, 17, 2, 17, 9, 18, 7, 6, 13, 6, 7, 18, 11, 23, 11, 18, 3, 10, 16]	0.08979296684265137
7	5	143	30	[0, 20, 13, 6, 7, 18, 11, 23, 11, 23, 12, 19, 14, 16]	0.10312294960021973
7	10	83	22	[0, 5, 3, 21, 12, 15, 12, 21, 3, 10, 16]	0.10195636749267578
7	15	45	10	[0, 5, 22, 14, 16]	0.10089230537414551
7	20	43	13	[0, 5, 3, 21, 3, 10, 16]	0.08416366577148438
7	25	33	9	[0, 5, 3, 10, 16]	0.09500312805175781
7	1	30	9	[20, 0, 5, 3, 4]	0.07305121421813965
7	5	30	9	[20, 0, 5, 3, 4]	0.07181024551391602
7	10	30	9	[20, 0, 5, 3, 4]	0.07202577590942383
7	15	30	9	[20, 0, 5, 3, 4]	0.07346987724304199
7	20	30	9	[20, 0, 5, 3, 4]	0.07352685928344727
7	25	30	10	[20, 0, 5, 3, 4]	0.06690788269042969
7	1	28	6	[22, 5, 0, 20]	0.10870075225830078
7	5	28	6	[22, 5, 0, 20]	0.10600996017456055
7	10	28	6	[22, 5, 0, 20]	0.09742903709411621
7	15	44	10	[22, 5, 0, 5, 0, 20]	0.09862804412841797
7	20	28	6	[22, 5, 0, 20]	0.10732150077819824
7	25	28	6	[22, 5, 0, 20]	0.10316920280456543
7	1	40	8	[17, 9, 18, 7]	0.12210869789123535
7	5	40	8	[17, 9, 18, 7]	0.1267383098602295
7	10	40	8	[17, 9, 18, 7]	0.13000106811523438
7	15	40	8	[17, 9, 18, 7]	0.10966205596923828
7	20	40	8	[17, 9, 18, 7]	0.11779141426086426
7	25	40	8	[17, 9, 18, 7]	0.10848712921142578
7	1	121	35	[21, 3, 4, 3, 5, 3, 4, 1, 16, 1, 4, 3, 21, 12, 15, 2]	0.17354178428649902
7	5	185	47	[21, 3, 18, 9, 18, 7, 6, 13, 20, 0, 5, 22, 5, 0, 5, 3, 5, 3, 10, 15, 2]	0.1560220718383789
7	10	35	6	[21, 12, 15, 2]	0.16116094589233398
7	15	39	8	[21, 3, 10, 15, 2]	0.1608443260192871
7	20	93	23	[21, 3, 4, 1, 16, 1, 4, 3, 10, 15, 2]	0.13869190216064453
7	25	35	6	[21, 12, 15, 2]	0.1610887050628662
7	1	18	7	[0, 5, 3, 21]	0.05691719055175781
7	5	18	7	[0, 5, 3, 21]	0.05477142333984375
7	10	18	7	[0, 5, 3, 21]	0.054822683334350586
7	15	18	7	[0, 5, 3, 21]	0.056110382080078125
7	20	18	7	[0, 5, 3, 21]	0.053990840911865234
7	25	18	7	[0, 5, 3, 21]	0.04914259910583496
7	1	29	11	[19, 12, 21, 3, 5]	0.07183647155761719
7	5	72	16	[19, 12, 15, 10, 16, 8, 22, 5]	0.077301025390625
7	10	29	11	[19, 12, 21, 3, 5]	0.0728151798248291
7	15	29	11	[19, 12, 21, 3, 5]	0.07870960235595703
7	20	74	19	[19, 12, 21, 3, 10, 16, 8, 22, 5]	0.0699455738067627
7	25	50	12	[19, 14, 22, 8, 22, 5]	0.0728611946105957
7	1	5	2	[3, 21]	0.03175091743469238
7	5	5	2	[3, 21]	0.03024005889892578
7	10	5	2	[3, 21]	0.02860093116760254
7	15	5	2	[3, 21]	0.02657794952392578
7	20	5	2	[3, 21]	0.027591228485107422
7	25	5	2	[3, 21]	0.028862714767456055
7	1	14	2	[18, 11]	0.07463216781616211
7	5	14	2	[18, 11]	0.07688140869140625
7	10	14	2	[18, 11]	0.0676116943359375
7	15	14	2	[18, 11]	0.053835153579711914
7	20	14	2	[18, 11]	0.05295896530151367
7	25	14	2	[18, 11]	0.04829287528991699
7	1	11	5	[5, 3, 4]	0.04767036437988281
7	5	11	5	[5, 3, 4]	0.04614830017089844
7	10	11	5	[5, 3, 4]	0.04724431037902832
7	15	31	17	[5, 3, 5, 3, 5, 3, 4]	0.04515671730041504
7	20	11	5	[5, 3, 4]	0.044522762298583984
7	25	11	5	[5, 3, 4]	0.04852104187011719
7	1	19	4	[15, 10, 3]	0.05189657211303711
7	5	19	4	[15, 10, 3]	0.047870635986328125
7	10	19	4	[15, 10, 3]	0.04687142372131348
7	15	19	4	[15, 10, 3]	0.048483848571777344
7	20	19	4	[15, 10, 3]	0.04413938522338867
7	25	19	4	[15, 10, 3]	0.043210744857788086
7	1	25	7	[0, 5, 3, 10]	0.06868648529052734
7	5	25	7	[0, 5, 3, 10]	0.06570219993591309
7	10	25	7	[0, 5, 3, 10]	0.06477665901184082
7	15	25	7	[0, 5, 3, 10]	0.06410622596740723
7	20	25	7	[0, 5, 3, 10]	0.06503701210021973
7	25	25	7	[0, 5, 3, 10]	0.07055926322937012
7	1	13	2	[13, 6]	0.054418087005615234
7	5	13	2	[13, 6]	0.059963226318359375
7	10	13	2	[13, 6]	0.05918598175048828
7	15	13	2	[13, 6]	0.0587458610534668
7	20	13	2	[13, 6]	0.05349087715148926
7	25	13	2	[13, 6]	0.05865287780761719
7	1	15	2	[12, 23]	0.058959007263183594
7	5	15	2	[12, 23]	0.059668540954589844
7	10	15	2	[12, 23]	0.06250238418579102
7	15	15	2	[12, 23]	0.05855607986450195
7	20	15	2	[12, 23]	0.06147503852844238
7	25	15	2	[12, 23]	0.05966448783874512
7	1	28	6	[20, 0, 5, 22]	0.09012055397033691
7	5	28	6	[20, 0, 5, 22]	0.09772753715515137
7	10	28	6	[20, 0, 5, 22]	0.08051061630249023
7	15	50	10	[20, 0, 20, 0, 5, 22]	0.08075451850891113
7	20	28	6	[20, 0, 5, 22]	0.07880568504333496
7	25	28	7	[20, 0, 5, 22]	0.08405637741088867
7	1	29	9	[5, 3, 21, 12, 19]	0.11871695518493652
7	5	29	9	[5, 3, 21, 12, 19]	0.11880826950073242
7	10	29	9	[5, 3, 21, 12, 19]	0.10891342163085938
7	15	51	11	[5, 3, 10, 15, 12, 19]	0.11803483963012695
7	20	29	9	[5, 3, 21, 12, 19]	0.11194944381713867
7	25	29	9	[5, 3, 21, 12, 19]	0.10750746726989746
7	1	53	19	[22, 5, 3, 21, 12, 21, 3, 18, 7]	0.12653899192810059
7	5	31	10	[22, 5, 3, 18, 7]	0.13103079795837402
7	10	31	10	[22, 5, 3, 18, 7]	0.12375330924987793
7	15	31	10	[22, 5, 3, 18, 7]	0.11558699607849121
7	20	31	10	[22, 5, 3, 18, 7]	0.1208956241607666
7	25	93	27	[22, 8, 16, 10, 16, 1, 4, 3, 4, 3, 18, 7]	0.1330275535583496
8	1	30	9	[5, 3, 18, 11, 23]	0.5320272445678711
8	5	31	10	[5, 3, 21, 12, 23]	0.505561113357544
8	10	181	42	[5, 22, 8, 16, 1, 16, 8, 22, 14, 19, 14, 22, 8, 22, 5, 3, 21, 12, 23]	0.5071408748626709
8	15	31	10	[5, 3, 21, 12, 23]	0.48442745208740234
8	20	31	10	[5, 3, 21, 12, 23]	0.47713446617126465
8	25	31	10	[5, 3, 21, 12, 23]	0.46190953254699707
8	1	81	25	[13, 20, 13, 20, 0, 5, 3, 5, 3, 10, 16]	0.55989670753479
8	5	123	28	[13, 6, 7, 6, 7, 18, 9, 18, 3, 4, 3, 10, 16]	0.558875560760498
8	10	86	23	[13, 6, 13, 20, 0, 5, 3, 4, 1, 16]	0.6103227138519287
8	15	248	63	[13, 20, 11, 23, 11, 23, 11, 23, 12, 15, 12, 21, 12, 21, 3, 21, 12, 19, 14, 19, 12, 21, 3, 18, 11, 18, 3, 10, 16]	0.5977413654327393
8	20	79	22	[13, 20, 0, 5, 0, 5, 3, 18, 3, 10, 16]	0.5864081382751465
8	25	93	29	[13, 20, 0, 5, 3, 4, 1, 4, 3, 21, 3, 10, 16]	0.5800650119781494
8	1	11	5	[3, 21, 12]	0.27027201652526855
8	5	11	5	[3, 21, 12]	0.24576330184936523
8	10	11	5	[3, 21, 12]	0.2606494426727295
8	15	11	5	[3, 21, 12]	0.25971508026123047
8	20	11	5	[3, 21, 12]	0.19525599479675293
8	25	11	5	[3, 21, 12]	0.19755220413208008
8	1	5	2	[3, 21]	0.14928269386291504
8	5	5	2	[3, 21]	0.17214059829711914
8	10	5	2	[3, 21]	0.15898752212524414
8	15	5	2	[3, 21]	0.14816999435424805
8	20	5	2	[3, 21]	0.10348677635192871
8	25	5	2	[3, 21]	0.10954952239990234
8	1	79	14	[16, 1, 16, 14, 16, 10, 3, 21]	0.36100125312805176
8	5	32	9	[16, 1, 4, 3, 21]	0.3509345054626465
8	10	25	6	[16, 10, 3, 21]	0.34825778007507324
8	15	25	6	[16, 10, 3, 21]	0.32929229736328125
8	20	25	6	[16, 10, 3, 21]	0.283428430557251
8	25	102	20	[16, 14, 19, 12, 15, 10, 3, 10, 3, 21]	0.30161571502685547
8	1	224	84	[3, 5, 3, 18, 3, 18, 3, 18, 3, 18, 3, 18, 3, 18, 3, 18, 3, 18, 3, 18, 3, 18, 3, 18, 3, 5, 3, 18, 3, 18, 3, 18, 3, 18, 3, 18, 3, 18, 3, 10, 15, 2]	0.9018161296844482
8	5	196	71	[3, 18, 3, 18, 3, 18, 3, 18, 3, 18, 3, 18, 3, 18, 3, 18, 3, 18, 3, 18, 3, 5, 3, 5, 0, 5, 3, 18, 3, 18, 3, 21, 12, 15, 2]	0.9579627513885498
8	10	96	31	[3, 18, 3, 5, 0, 5, 3, 18, 3, 21, 3, 18, 9, 17, 2]	0.8693058490753174
8	15	95	21	[3, 5, 0, 5, 3, 18, 11, 23, 12, 15, 2]	0.7668910026550293
8	20	792	385	[3, 21, 3, 21, 3, 21, 3, 21, 3, 21, 3, 21, 3, 21, 3, 21, 3, 21, 3, 21, 3, 5, 3, 21, 3, 21, 3, 21, 3, 21, 3, 21, 3, 21, 3, 21, 3, 21, 3, 21, 3, 21, 3, 21, 3, 21, 3, 21, 3, 21, 3, 21, 3, 21, 3, 21, 3, 21, 3, 21, 3, 21, 3, 21, 3, 21, 3, 21, 3, 21, 3, 21, 3, 21, 3, 21, 3, 21, 3, 21, 3, 21, 3, 21, 3, 21, 3, 21, 3, 21, 3, 21, 3, 21, 3, 21, 3, 21, 3, 21, 3, 21, 3, 21, 12, 21, 3, 21, 3, 21, 3, 21, 3, 21, 3, 21, 3, 21, 3, 21, 3, 21, 3, 21, 3, 21, 3, 21, 3, 21, 3, 21, 3, 21, 3, 21, 3, 21, 3, 21, 3, 21, 3, 21, 3, 21, 3, 21, 3, 21, 3, 21, 12, 15, 2]	1.2202587127685547
8	25	110	44	[3, 21, 3, 21, 3, 21, 3, 21, 3, 21, 3, 21, 3, 21, 3, 21, 12, 15, 2]	0.7461593151092529
8	1	40	10	[10, 3, 18, 7, 6]	0.7293679714202881
8	5	137	34	[10, 16, 8, 16, 1, 16, 8, 22, 8, 22, 5, 3, 18, 7, 6]	0.7257552146911621
8	10	129	30	[10, 3, 10, 15, 12, 15, 10, 16, 1, 4, 3, 18, 7, 6]	0.8127903938293457
8	15	64	14	[10, 3, 10, 3, 18, 7, 6]	0.7730073928833008
8	20	40	10	[10, 3, 18, 7, 6]	0.8304247856140137
8	25	194	43	[10, 16, 8, 16, 1, 4, 1, 16, 14, 19, 14, 22, 8, 22, 5, 0, 20, 13, 6]	0.7970225811004639
8	1	28	9	[1, 4, 3, 5, 0]	0.47013282775878906
8	5	28	9	[1, 4, 3, 5, 0]	0.46764588356018066
8	10	28	9	[1, 4, 3, 5, 0]	0.3903014659881592
8	15	28	9	[1, 4, 3, 5, 0]	0.38674378395080566
8	20	28	10	[1, 4, 3, 5, 0]	0.38884568214416504
8	25	28	10	[1, 4, 3, 5, 0]	0.3831329345703125
8	1	30	7	[23, 11, 20, 0]	0.3993816375732422
8	5	30	7	[23, 11, 20, 0]	0.4091789722442627
8	10	30	7	[23, 11, 20, 0]	0.38351941108703613
8	15	51	16	[23, 12, 21, 12, 21, 3, 5, 0]	0.3921036720275879
8	20	30	7	[23, 11, 20, 0]	0.3820672035217285
8	25	30	7	[23, 11, 20, 0]	0.39655041694641113
8	1	20	5	[13, 20, 0]	0.24230337142944336
8	5	20	5	[13, 20, 0]	0.2592911720275879
8	10	20	5	[13, 20, 0]	0.22329187393188477
8	15	20	5	[13, 20, 0]	0.221297025680542
8	20	20	5	[13, 20, 0]	0.2453927993774414
8	25	20	5	[13, 20, 0]	0.22691917419433594
8	1	21	4	[9, 17, 2]	0.3499290943145752
8	5	21	4	[9, 17, 2]	0.3854408264160156
8	10	21	5	[9, 17, 2]	0.5137467384338379
8	15	21	5	[9, 17, 2]	0.3664886951446533
8	20	21	5	[9, 17, 2]	0.33113670349121094
8	25	21	5	[9, 17, 2]	0.30765438079833984
8	1	63	13	[6, 13, 20, 0, 5, 22, 14]	0.7061524391174316
8	5	83	22	[6, 7, 18, 3, 18, 3, 5, 3, 10, 16, 14]	0.687798261642456
8	10	64	18	[6, 7, 18, 3, 21, 12, 19, 14]	0.6587424278259277
8	15	95	28	[6, 7, 18, 3, 4, 1, 4, 3, 18, 3, 5, 22, 14]	0.6756494045257568
8	20	152	35	[6, 7, 18, 9, 17, 2, 17, 2, 17, 2, 15, 12, 21, 12, 19, 14]	0.6937637329101562
8	25	55	15	[6, 7, 18, 3, 5, 22, 14]	0.655341386795044
8	1	21	4	[11, 23, 12]	0.2522423267364502
8	5	21	4	[11, 23, 12]	0.24207258224487305
8	10	21	4	[11, 23, 12]	0.2513997554779053
8	15	21	4	[11, 23, 12]	0.22843599319458008
8	20	21	4	[11, 23, 12]	0.24068856239318848
8	25	21	4	[11, 23, 12]	0.21028757095336914
8	1	57	14	[16, 8, 16, 10, 3, 21, 12]	0.3427269458770752
8	5	29	6	[16, 10, 15, 12]	0.40705442428588867
8	10	80	24	[16, 8, 22, 5, 22, 8, 22, 5, 3, 21, 12]	0.39815211296081543
8	15	56	11	[16, 10, 16, 14, 19, 12]	0.3875870704650879
8	20	38	12	[16, 1, 4, 3, 21, 12]	0.37285566329956055
8	25	29	7	[16, 10, 15, 12]	0.32433152198791504
8	1	25	4	[19, 14, 22]	0.37368249893188477
8	5	25	4	[19, 14, 22]	0.36128878593444824
8	10	25	4	[19, 14, 22]	0.3554556369781494
8	15	25	4	[19, 14, 22]	0.31624341011047363
8	20	25	4	[19, 14, 22]	0.34938549995422363
8	25	25	4	[19, 14, 22]	0.3155639171600342
8	1	13	4	[3, 5, 0]	0.3635125160217285
8	5	25	9	[3, 4, 3, 5, 0]	0.35418128967285156
8	10	13	4	[3, 5, 0]	0.3552124500274658
8	15	13	4	[3, 5, 0]	0.3092985153198242
8	20	13	5	[3, 5, 0]	0.33959484100341797
8	25	13	5	[3, 5, 0]	0.3511631488800049
8	1	30	6	[0, 5, 22, 14]	0.6405210494995117
8	5	30	6	[0, 5, 22, 14]	0.623645544052124
8	10	30	6	[0, 5, 22, 14]	0.6113831996917725
8	15	30	6	[0, 5, 22, 14]	0.5540835857391357
8	20	30	6	[0, 5, 22, 14]	0.605846643447876
8	25	30	6	[0, 5, 22, 14]	0.6093199253082275
8	1	20	5	[0, 20, 13]	0.45447278022766113
8	5	20	5	[0, 20, 13]	0.48421669006347656
8	10	46	10	[0, 20, 11, 20, 13]	0.40662407875061035
8	15	20	5	[0, 20, 13]	0.4614415168762207
8	20	20	5	[0, 20, 13]	0.4390535354614258
8	25	20	5	[0, 20, 13]	0.46737051010131836
8	1	26	5	[7, 18, 11]	0.40984010696411133
8	5	26	5	[7, 18, 11]	0.40735459327697754
8	10	46	11	[7, 6, 13, 20, 11]	0.38243913650512695
8	15	26	5	[7, 18, 11]	0.3717634677886963
8	20	26	5	[7, 18, 11]	0.38797926902770996
8	25	26	5	[7, 18, 11]	0.32939863204956055
8	1	148	35	[9, 18, 3, 5, 22, 8, 16, 10, 15, 2, 17, 9, 18, 3, 21, 12, 19]	0.6247613430023193
8	5	153	33	[9, 18, 9, 17, 2, 17, 2, 17, 2, 15, 10, 16, 8, 22, 14, 19]	0.594207763671875
8	10	53	17	[9, 18, 3, 18, 3, 21, 12, 19]	0.568091869354248
8	15	53	18	[9, 18, 3, 5, 3, 21, 12, 19]	0.6291837692260742
8	20	53	18	[9, 18, 3, 21, 3, 21, 12, 19]	0.5522887706756592
8	25	100	26	[9, 18, 3, 5, 22, 8, 16, 8, 22, 14, 19]	0.5397486686706543
9	1	68	18	[13, 6, 7, 18, 3, 5, 22, 14]	1.3354275226593018
9	5	119	30	[13, 20, 13, 6, 7, 18, 7, 18, 3, 21, 12, 19, 14]	1.3702080249786377
9	10	50	11	[13, 20, 0, 5, 22, 14]	1.2749252319335938
9	15	60	16	[13, 20, 0, 5, 3, 5, 22, 14]	1.2820234298706055
9	20	50	11	[13, 20, 0, 5, 22, 14]	1.3218438625335693
9	25	69	20	[13, 20, 0, 5, 3, 21, 12, 19, 14]	1.383427619934082
9	1	37	9	[13, 20, 0, 5, 22]	0.9310534000396729
9	5	37	9	[13, 20, 0, 5, 22]	0.9255592823028564
9	10	37	9	[13, 20, 0, 5, 22]	0.9361381530761719
9	15	37	9	[13, 20, 0, 5, 22]	0.8515350818634033
9	20	37	9	[13, 20, 0, 5, 22]	0.8562009334564209
9	25	55	15	[13, 20, 13, 20, 0, 5, 22]	1.1586456298828125
9	1	29	8	[20, 0, 5, 3, 21]	0.799746036529541
9	5	29	8	[20, 0, 5, 3, 21]	0.817863941192627
9	10	29	8	[20, 0, 5, 3, 21]	0.7858572006225586
9	15	246	58	[20, 13, 6, 7, 18, 3, 10, 16, 10, 15, 10, 16, 14, 22, 8, 22, 5, 22, 8, 22, 14, 19, 14, 19, 12, 21]	0.7170603275299072
9	20	29	9	[20, 0, 5, 3, 21]	0.7488245964050293
9	25	51	15	[20, 0, 20, 0, 5, 3, 21]	0.6756963729858398
9	1	46	11	[9, 18, 3, 5, 22, 14]	1.2340846061706543
9	5	46	11	[9, 18, 3, 5, 22, 14]	1.2664430141448975
9	10	46	11	[9, 18, 3, 5, 22, 14]	1.2561204433441162
9	15	56	15	[9, 18, 3, 18, 3, 5, 22, 14]	1.271432638168335
9	20	46	11	[9, 18, 3, 5, 22, 14]	1.3099172115325928
9	25	54	12	[9, 18, 3, 10, 16, 14]	1.5017929077148438
9	1	28	6	[22, 5, 0, 20]	1.4148967266082764
9	5	28	6	[22, 5, 0, 20]	1.125007152557373
9	10	44	10	[22, 5, 0, 5, 0, 20]	1.1217806339263916
9	15	28	6	[22, 5, 0, 20]	1.040464162826538
9	20	28	6	[22, 5, 0, 20]	1.1312968730926514
9	25	28	8	[22, 5, 0, 20]	1.1669621467590332
9	1	29	8	[20, 0, 5, 3, 21]	0.8967654705047607
9	5	40	10	[20, 11, 23, 12, 21]	0.9256589412689209
9	10	29	8	[20, 0, 5, 3, 21]	0.8356695175170898
9	15	29	8	[20, 0, 5, 3, 21]	0.8260529041290283
9	20	37	9	[20, 11, 18, 3, 21]	0.8221900463104248
9	25	37	9	[20, 11, 18, 3, 21]	0.8200054168701172
9	1	35	9	[6, 13, 20, 11]	1.1206762790679932
9	5	35	9	[6, 13, 20, 11]	1.1070024967193604
9	10	35	9	[6, 13, 20, 11]	1.079200029373169
9	15	35	9	[6, 13, 20, 11]	0.9745030403137207
9	20	37	8	[6, 7, 18, 11]	0.9609615802764893
9	25	35	9	[6, 13, 20, 11]	0.9043118953704834
9	1	19	4	[21, 12, 19]	0.9702262878417969
9	5	19	4	[21, 12, 19]	1.0414249897003174
9	10	19	5	[21, 12, 19]	1.0915486812591553
9	15	19	5	[21, 12, 19]	1.1143317222595215
9	20	167	44	[21, 12, 15, 2, 15, 10, 16, 10, 3, 5, 3, 18, 3, 5, 22, 8, 16, 14, 19]	1.0880420207977295
9	25	19	5	[21, 12, 19]	0.6884372234344482
9	1	49	15	[22, 5, 3, 5, 3, 21, 12, 15]	1.2070887088775635
9	5	52	9	[22, 14, 19, 12, 15]	1.3661186695098877
9	10	117	33	[22, 5, 3, 5, 3, 18, 7, 6, 13, 20, 0, 5, 3, 10, 15]	1.181849479675293
9	15	110	28	[22, 5, 3, 4, 1, 4, 3, 18, 11, 23, 11, 23, 12, 15]	1.2192761898040771
9	20	36	8	[22, 8, 16, 10, 15]	1.2261672019958496
9	25	163	41	[22, 5, 3, 18, 7, 6, 7, 6, 13, 6, 7, 18, 9, 17, 2, 15]	1.078197956085205
9	1	68	17	[16, 14, 19, 12, 21, 3, 18, 7]	1.4344518184661865
9	5	51	13	[16, 10, 15, 10, 3, 18, 7]	1.408423662185669
9	10	44	11	[16, 1, 4, 3, 18, 7]	1.3029026985168457
9	15	51	13	[16, 10, 15, 10, 3, 18, 7]	1.1626999378204346
9	20	44	11	[16, 1, 4, 3, 18, 7]	1.210782527923584
9	25	52	14	[16, 8, 22, 5, 3, 18, 7]	1.1109192371368408
9	1	30	8	[9, 18, 3, 21, 12]	0.925246000289917
9	5	40	12	[9, 18, 3, 21, 3, 21, 12]	0.8586349487304688
9	10	30	8	[9, 18, 3, 21, 12]	0.8895721435546875
9	15	30	8	[9, 18, 3, 21, 12]	0.8103156089782715
9	20	30	8	[9, 18, 3, 21, 12]	0.809551477432251
9	25	30	8	[9, 18, 3, 21, 12]	0.6730632781982422
9	1	25	7	[23, 11, 18, 3]	0.553936243057251
9	5	25	7	[23, 11, 18, 3]	0.5247833728790283
9	10	25	7	[23, 11, 18, 3]	0.5175685882568359
9	15	25	7	[23, 11, 18, 3]	0.5467755794525146
9	20	25	7	[23, 11, 18, 3]	0.4861147403717041
9	25	25	7	[23, 11, 18, 3]	0.4446828365325928
9	1	40	11	[16, 1, 4, 3, 5, 0]	1.0731174945831299
9	5	54	12	[16, 10, 16, 8, 22, 5, 0]	1.0163512229919434
9	10	64	15	[16, 1, 4, 3, 10, 3, 5, 0]	0.9943239688873291
9	15	40	11	[16, 1, 4, 3, 5, 0]	0.984278678894043
9	20	33	9	[16, 10, 3, 5, 0]	0.916945219039917
9	25	38	9	[16, 8, 22, 5, 0]	1.5109632015228271
9	1	28	10	[18, 3, 4, 3, 21, 12]	0.8676795959472656
9	5	44	10	[18, 9, 18, 3, 21, 12]	0.8657107353210449
9	10	26	10	[18, 3, 21, 3, 21, 12]	0.8058192729949951
9	15	16	6	[18, 3, 21, 12]	0.7629783153533936
9	20	16	6	[18, 3, 21, 12]	0.7060046195983887
9	25	16	6	[18, 3, 21, 12]	0.5575249195098877
9	1	5	2	[3, 21]	0.31417059898376465
9	5	5	2	[3, 21]	0.3383901119232178
9	10	5	2	[3, 21]	0.34930992126464844
9	15	77	18	[3, 4, 1, 4, 1, 16, 1, 4, 3, 21]	0.3489222526550293
9	20	5	2	[3, 21]	0.3348555564880371
9	25	5	2	[3, 21]	0.20129847526550293
9	1	15	3	[2, 15]	0.3002493381500244
9	5	15	3	[2, 15]	0.2957427501678467
9	10	15	3	[2, 15]	0.26990628242492676
9	15	15	4	[2, 15]	0.2852458953857422
9	20	15	4	[2, 15]	0.26958346366882324
9	25	15	4	[2, 15]	0.2290334701538086
9	1	38	11	[21, 3, 5, 0, 20, 13]	1.8508663177490234
9	5	48	15	[21, 3, 21, 3, 5, 0, 20, 13]	1.724374532699585
9	10	50	15	[21, 12, 21, 3, 5, 0, 20, 13]	1.8371388912200928
9	15	86	24	[21, 3, 5, 3, 18, 9, 18, 3, 5, 0, 20, 13]	1.976452112197876
9	20	48	15	[21, 3, 21, 3, 5, 0, 20, 13]	1.6688687801361084
9	25	290	96	[21, 3, 18, 3, 18, 3, 18, 3, 18, 3, 18, 3, 18, 3, 4, 1, 16, 10, 16, 1, 4, 3, 18, 3, 18, 7, 18, 3, 21, 3, 18, 3, 18, 3, 18, 3, 18, 3, 18, 3, 18, 3, 18, 7, 6, 13]	1.8157782554626465
9	1	187	71	[4, 3, 5, 3, 5, 3, 5, 3, 5, 3, 5, 3, 5, 0, 5, 3, 5, 3, 5, 3, 5, 3, 5, 3, 5, 22, 8, 16, 10, 15, 2]	3.4412527084350586
9	5	719	312	[4, 3, 5, 3, 5, 3, 5, 3, 5, 3, 5, 3, 5, 3, 5, 3, 5, 3, 5, 3, 5, 3, 5, 3, 5, 3, 5, 3, 5, 3, 5, 3, 5, 3, 5, 3, 5, 3, 5, 3, 5, 3, 5, 3, 5, 3, 5, 3, 5, 3, 5, 3, 5, 3, 5, 3, 5, 3, 5, 3, 5, 3, 5, 3, 5, 3, 5, 3, 5, 3, 21, 3, 5, 3, 5, 3, 5, 3, 5, 3, 5, 3, 5, 3, 5, 3, 5, 3, 5, 3, 5, 22, 5, 3, 5, 3, 5, 22, 8, 22, 14, 16, 8, 22, 5, 3, 5, 22, 5, 3, 5, 3, 5, 3, 5, 3, 5, 3, 5, 3, 5, 3, 5, 3, 5, 3, 10, 15, 2]	4.149197578430176
9	10	2748	1276	[4, 3, 5, 3, 5, 3, 5, 3, 5, 3, 5, 3, 5, 3, 21, 3, 5, 3, 5, 3, 5, 3, 5, 3, 5, 0, 5, 3, 5, 3, 5, 3, 5, 3, 5, 3, 5, 0, 5, 3, 5, 3, 5, 3, 5, 3, 5, 3, 5, 3, 5, 3, 5, 3, 5, 3, 5, 3, 5, 0, 5, 3, 5, 3, 5, 3, 5, 3, 5, 3, 5, 3, 5, 3, 5, 3, 5, 3, 5, 3, 5, 3, 5, 3, 4, 3, 5, 3, 5, 3, 5, 3, 5, 3, 5, 3, 5, 3, 5, 3, 5, 3, 5, 3, 5, 3, 5, 3, 5, 3, 5, 3, 5, 3, 5, 3, 5, 3, 5, 3, 5, 0, 20, 13, 6, 7, 6, 13, 20, 0, 5, 3, 5, 3, 5, 3, 5, 3, 5, 3, 5, 3, 5, 3, 5, 3, 5, 3, 5, 3, 5, 3, 5, 3, 5, 3, 5, 3, 5, 3, 5, 3, 5, 3, 5, 3, 5, 3, 5, 3, 5, 0, 5, 3, 5, 3, 5, 3, 5, 3, 5, 3, 5, 3, 5, 3, 5, 3, 5, 3, 5, 3, 5, 3, 21, 12, 21, 3, 5, 3, 5, 3, 5, 3, 5, 3, 5, 3, 5, 3, 5, 3, 5, 3, 5, 3, 5, 3, 5, 3, 5, 3, 5, 3, 4, 1, 4, 3, 5, 3, 5, 3, 5, 3, 5, 3, 5, 3, 5, 3, 5, 3, 5, 3, 5, 3, 5, 3, 5, 3, 5, 3, 5, 3, 5, 3, 5, 3, 5, 3, 5, 3, 5, 3, 5, 3, 5, 3, 5, 3, 5, 3, 5, 3, 5, 3, 5, 3, 5, 3, 5, 3, 5, 3, 5, 3, 5, 3, 5, 3, 5, 3, 5, 3, 5, 22, 5, 3, 5, 22, 8, 22, 5, 3, 5, 0, 5, 3, 5, 3, 5, 3, 5, 3, 5, 3, 5, 3, 5, 3, 5, 3, 5, 3, 5, 3, 5, 3, 5, 3, 5, 3, 5, 3, 5, 3, 5, 3, 5, 3, 5, 3, 5, 0, 5, 3, 5, 3, 5, 3, 5, 3, 5, 3, 5, 3, 5, 3, 5, 3, 5, 3, 5, 3, 5, 3, 5, 3, 5, 3, 5, 3, 5, 3, 5, 3, 5, 3, 5, 3, 5, 3, 5, 3, 5, 3, 5, 3, 5, 3, 5, 3, 5, 3, 5, 3, 5, 3, 5, 3, 5, 3, 5, 3, 5, 3, 5, 3, 5, 3, 5, 3, 5, 3, 5, 3, 5, 3, 5, 3, 5, 3, 5, 3, 5, 3, 5, 3, 5, 3, 5, 3, 5, 3, 5, 3, 5, 3, 5, 3, 5, 3, 5, 3, 5, 3, 5, 3, 5, 3, 5, 3, 5, 3, 5, 3, 5, 3, 5, 3, 5, 3, 5, 3, 5, 3, 5, 3, 5, 0, 5, 3, 5, 3, 5, 3, 5, 3, 5, 3, 5, 3, 5, 3, 5, 3, 5, 3, 5, 3, 5, 3, 5, 3, 5, 3, 5, 3, 5, 3, 5, 0, 5, 3, 5, 3, 5, 3, 5, 3, 5, 3, 5, 3, 5, 3, 10, 15, 2]	3.916900157928467
9	15	1955	885	[4, 3, 5, 3, 5, 3, 5, 3, 5, 3, 5, 3, 18, 3, 4, 3, 5, 3, 5, 3, 5, 3, 5, 3, 5, 3, 5, 3, 5, 3, 5, 3, 5, 3, 5, 3, 5, 3, 5, 3, 5, 3, 5, 3, 5, 3, 5, 3, 5, 3, 5, 3, 5, 3, 5, 3, 5, 3, 5, 3, 5, 3, 5, 3, 5, 3, 5, 3, 5, 3, 5, 3, 5, 3, 5, 3, 5, 3, 5, 3, 5, 3, 5, 3, 5, 3, 5, 3, 5, 3, 5, 3, 5, 3, 5, 3, 5, 3, 5, 3, 5, 3, 5, 3, 5, 3, 5, 3, 5, 3, 5, 3, 5, 3, 5, 3, 5, 3, 5, 3, 5, 3, 5, 3, 5, 3, 5, 3, 5, 3, 5, 22, 8, 22, 5, 3, 5, 0, 20, 13, 6, 7, 6, 13, 20, 13, 6, 7, 18, 3, 5, 3, 5, 3, 5, 3, 5, 3, 18, 3, 5, 3, 5, 3, 5, 3, 5, 3, 5, 3, 5, 3, 5, 3, 5, 3, 5, 3, 5, 3, 5, 3, 5, 3, 5, 3, 5, 3, 5, 3, 5, 3, 5, 3, 5, 3, 5, 3, 5, 3, 5, 3, 5, 3, 5, 3, 5, 3, 5, 3, 5, 3, 5, 0, 5, 3, 5, 3, 4, 3, 5, 3, 5, 3, 5, 3, 5, 3, 5, 3, 5, 3, 5, 3, 5, 3, 5, 3, 5, 3, 5, 3, 5, 3, 5, 3, 5, 3, 5, 3, 4, 3, 5, 3, 5, 3, 5, 3, 5, 0, 5, 3, 5, 3, 5, 3, 5, 22, 5, 3, 5, 3, 5, 3, 5, 3, 18, 11, 23, 11, 23, 11, 23, 11, 23, 11, 23, 12, 21, 3, 5, 3, 5, 3, 5, 3, 5, 3, 5, 3, 5, 3, 5, 3, 5, 3, 5, 3, 5, 3, 5, 3, 5, 3, 5, 3, 5, 3, 5, 3, 5, 3, 5, 3, 5, 3, 5, 3, 5, 3, 5, 3, 5, 3, 5, 3, 5, 3, 5, 3, 5, 3, 5, 3, 5, 3, 5, 3, 5, 3, 5, 3, 5, 3, 5, 3, 21, 12, 15, 2]	3.923924446105957
9	20	1230	690	[4, 3, 5, 3, 5, 3, 5, 3, 5, 3, 5, 3, 5, 3, 5, 3, 5, 3, 5, 3, 5, 3, 5, 3, 5, 3, 5, 3, 5, 0, 5, 3, 5, 3, 5, 3, 5, 3, 5, 3, 5, 3, 5, 22, 5, 3, 5, 3, 5, 3, 5, 3, 5, 3, 5, 3, 5, 3, 5, 3, 5, 3, 5, 3, 5, 3, 5, 3, 5, 3, 5, 3, 5, 3, 5, 3, 5, 3, 5, 3, 5, 3, 5, 3, 5, 3, 5, 3, 5, 3, 5, 3, 5, 3, 5, 3, 5, 3, 5, 3, 5, 3, 5, 3, 5, 3, 5, 3, 5, 3, 5, 3, 5, 3, 5, 3, 5, 0, 5, 3, 5, 3, 5, 3, 5, 3, 21, 3, 5, 3, 5, 3, 5, 3, 5, 3, 5, 3, 5, 3, 5, 3, 5, 3, 5, 3, 5, 3, 5, 3, 5, 3, 5, 3, 5, 3, 5, 3, 5, 3, 5, 3, 5, 3, 5, 3, 5, 3, 5, 3, 5, 3, 5, 3, 5, 3, 5, 3, 5, 3, 5, 3, 5, 3, 18, 3, 5, 3, 5, 3, 5, 3, 5, 22, 5, 3, 5, 3, 5, 3, 5, 3, 5, 3, 5, 3, 5, 3, 4, 3, 5, 3, 5, 3, 5, 3, 5, 3, 5, 3, 5, 3, 5, 3, 5, 3, 5, 3, 5, 3, 5, 3, 5, 3, 10, 15, 2]	5.546969175338745
9	25	56	14	[4, 3, 18, 3, 21, 12, 15, 2]	1.6329245567321777
9	1	20	4	[1, 16, 10]	0.6809899806976318
9	5	20	4	[1, 16, 10]	0.703885555267334
9	10	20	4	[1, 16, 10]	0.6130414009094238
9	15	20	4	[1, 16, 10]	0.6936345100402832
9	20	20	4	[1, 16, 10]	0.6276793479919434
9	25	20	4	[1, 16, 10]	0.5213019847869873
9	1	83	25	[18, 3, 21, 12, 23, 11, 23, 11, 23, 11, 20, 13]	1.8577768802642822
9	5	58	20	[18, 3, 18, 3, 5, 3, 5, 0, 20, 13]	1.726419448852539
9	10	131	34	[18, 3, 10, 16, 8, 22, 5, 3, 5, 0, 20, 11, 23, 11, 20, 13]	1.6154534816741943
9	15	48	15	[18, 3, 18, 3, 5, 0, 20, 13]	1.5913853645324707
9	20	48	15	[18, 3, 18, 3, 5, 0, 20, 13]	1.6297173500061035
9	25	106	37	[18, 3, 18, 3, 18, 3, 18, 3, 18, 3, 18, 3, 18, 3, 18, 7, 6, 13]	1.8960316181182861
10	1	21	4	[16, 1, 4]	4.684880495071411
10	5	21	4	[16, 1, 4]	4.479144334793091
10	10	21	4	[16, 1, 4]	4.234711408615112
10	15	21	4	[16, 1, 4]	3.9453868865966797
10	20	21	4	[16, 1, 4]	4.314521789550781
10	25	21	4	[16, 1, 4]	4.279813289642334
10	1	63	18	[16, 1, 4, 3, 4, 3, 5, 0, 20]	9.678273677825928
10	5	139	32	[16, 1, 4, 3, 21, 3, 18, 9, 17, 2, 17, 9, 18, 11, 20]	10.029632091522217
10	10	91	21	[16, 8, 22, 8, 22, 14, 22, 5, 0, 20]	9.403223037719727
10	15	167	39	[16, 10, 16, 14, 22, 14, 19, 12, 21, 3, 18, 9, 18, 3, 4, 3, 5, 0, 20]	9.606035709381104
10	20	51	13	[16, 1, 4, 3, 5, 0, 20]	9.698830366134644
10	25	51	13	[16, 1, 4, 3, 5, 0, 20]	9.484451532363892
10	1	150	32	[4, 1, 16, 10, 15, 10, 16, 14, 22, 5, 22, 14, 19, 12, 23]	8.689539909362793
10	5	31	9	[4, 3, 18, 11, 23]	8.615013837814331
10	10	41	14	[4, 3, 5, 3, 18, 11, 23]	8.063723802566528
10	15	73	18	[4, 1, 16, 1, 4, 3, 18, 11, 23]	8.332008838653564
10	20	31	10	[4, 3, 18, 11, 23]	7.95698881149292
10	25	31	10	[4, 3, 18, 11, 23]	7.664411544799805
10	1	21	4	[12, 15, 10]	6.256349325180054
10	5	21	4	[12, 15, 10]	5.830026626586914
10	10	21	4	[12, 15, 10]	5.597765684127808
10	15	21	4	[12, 15, 10]	5.71036434173584
10	20	21	4	[12, 15, 10]	5.710877418518066
10	25	21	4	[12, 15, 10]	5.200819492340088
10	1	23	4	[6, 7, 18]	2.6000783443450928
10	5	23	4	[6, 7, 18]	2.59757661819458
10	10	23	4	[6, 7, 18]	2.329455614089966
10	15	23	5	[6, 7, 18]	2.3143603801727295
10	20	23	5	[6, 7, 18]	2.20723295211792
10	25	23	5	[6, 7, 18]	2.4555740356445312
10	1	29	9	[20, 0, 5, 3, 21]	5.440659284591675
10	5	29	9	[20, 0, 5, 3, 21]	5.7849814891815186
10	10	29	9	[20, 0, 5, 3, 21]	5.675844669342041
10	15	29	9	[20, 0, 5, 3, 21]	6.423688888549805
10	20	249	57	[20, 13, 6, 7, 6, 13, 6, 7, 18, 9, 17, 2, 17, 2, 15, 10, 15, 2, 17, 2, 17, 2, 15, 12, 21]	6.136807680130005
10	25	29	9	[20, 0, 5, 3, 21]	5.8440327644348145
10	1	100	22	[2, 17, 9, 18, 7, 6, 7, 18, 3, 5, 22]	8.031934022903442
10	5	54	13	[2, 17, 9, 18, 3, 5, 22]	8.016234397888184
10	10	62	16	[2, 15, 10, 15, 10, 3, 5, 22]	7.560298681259155
10	15	82	16	[2, 15, 10, 16, 14, 19, 14, 22]	7.534514665603638
10	20	48	11	[2, 15, 10, 3, 5, 22]	7.46328592300415
10	25	54	14	[2, 17, 9, 18, 3, 5, 22]	7.926974296569824
10	1	19	5	[21, 12, 19]	6.45195198059082
10	5	19	5	[21, 12, 19]	6.684330224990845
10	10	19	5	[21, 12, 19]	6.422016382217407
10	15	19	5	[21, 12, 19]	6.724255323410034
10	20	19	5	[21, 12, 19]	6.4395506381988525
10	25	19	5	[21, 12, 19]	6.489435434341431
10	1	9	2	[5, 22]	2.8260350227355957
10	5	9	2	[5, 22]	3.134699821472168
10	10	9	2	[5, 22]	2.7857439517974854
10	15	9	2	[5, 22]	2.7588908672332764
10	20	9	2	[5, 22]	2.880608081817627
10	25	9	2	[5, 22]	2.7387619018554688
10	1	34	9	[1, 4, 3, 18, 9]	9.171467781066895
10	5	34	9	[1, 4, 3, 18, 9]	8.965846300125122
10	10	52	14	[1, 4, 1, 4, 3, 18, 9]	9.64404582977295
10	15	34	9	[1, 4, 3, 18, 9]	8.950565099716187
10	20	34	10	[1, 4, 3, 18, 9]	8.039891719818115
10	25	34	10	[1, 4, 3, 18, 9]	9.169147968292236
10	1	47	14	[8, 22, 5, 3, 18, 11, 23]	10.415563344955444
10	5	61	11	[8, 22, 14, 19, 12, 23]	12.136627674102783
10	10	47	14	[8, 22, 5, 3, 18, 11, 23]	10.570548295974731
10	15	57	19	[8, 22, 5, 3, 5, 3, 18, 11, 23]	10.654548645019531
10	20	47	15	[8, 22, 5, 3, 18, 11, 23]	9.455910682678223
10	25	63	19	[8, 22, 5, 0, 5, 3, 18, 11, 23]	8.718094110488892
10	1	53	13	[2, 17, 9, 18, 3, 5, 0]	8.181577444076538
10	5	53	13	[2, 17, 9, 18, 3, 5, 0]	8.190488338470459
10	10	178	39	[2, 17, 9, 17, 2, 15, 2, 17, 2, 15, 10, 16, 1, 16, 8, 22, 5, 0]	8.651046991348267
10	15	47	11	[2, 15, 10, 3, 5, 0]	7.772180557250977
10	20	68	16	[2, 15, 10, 16, 8, 22, 5, 0]	7.6645379066467285
10	25	53	14	[2, 17, 9, 18, 3, 5, 0]	8.14087700843811
10	1	145	32	[0, 5, 3, 10, 16, 14, 22, 14, 19, 14, 16, 1, 4, 3, 21]	5.031589508056641
10	5	18	7	[0, 5, 3, 21]	5.027852773666382
10	10	18	7	[0, 5, 3, 21]	4.951134204864502
10	15	40	11	[0, 20, 0, 5, 3, 21]	5.489736080169678
10	20	18	7	[0, 5, 3, 21]	5.280100584030151
10	25	297	72	[0, 20, 13, 6, 7, 6, 7, 18, 9, 17, 2, 15, 10, 15, 2, 17, 2, 17, 9, 18, 11, 20, 11, 23, 11, 23, 11, 23, 12, 21]	4.896956443786621
10	1	28	6	[6, 7, 18, 3]	3.462054491043091
10	5	54	11	[6, 13, 6, 7, 18, 3]	3.418027877807617
10	10	28	6	[6, 7, 18, 3]	3.242605209350586
10	15	28	7	[6, 7, 18, 3]	3.131678342819214
10	20	28	7	[6, 7, 18, 3]	3.29900860786438
10	25	28	7	[6, 7, 18, 3]	3.070314407348633
10	1	15	2	[12, 23]	5.810489654541016
10	5	15	2	[12, 23]	6.171499729156494
10	10	15	2	[12, 23]	5.643599271774292
10	15	15	2	[12, 23]	5.882776975631714
10	20	15	2	[12, 23]	5.363710641860962
10	25	15	2	[12, 23]	5.1389219760894775
10	1	127	38	[20, 11, 23, 11, 23, 11, 23, 11, 23, 11, 23, 11, 23, 11, 18, 9, 17]	15.75607180595398
10	5	1030	413	[20, 11, 23, 11, 23, 11, 23, 11, 23, 11, 23, 11, 23, 11, 23, 11, 23, 11, 23, 11, 23, 11, 23, 11, 23, 11, 23, 11, 23, 11, 23, 11, 23, 11, 23, 11, 23, 11, 23, 11, 23, 11, 23, 11, 23, 11, 23, 11, 23, 11, 23, 11, 23, 11, 23, 11, 23, 11, 23, 11, 23, 11, 23, 11, 23, 11, 23, 11, 23, 11, 23, 11, 23, 11, 23, 11, 23, 11, 23, 11, 23, 11, 23, 11, 23, 11, 23, 11, 23, 11, 23, 11, 23, 11, 23, 11, 23, 11, 23, 11, 23, 11, 23, 11, 23, 11, 23, 11, 23, 11, 23, 11, 23, 11, 23, 11, 23, 11, 23, 11, 23, 11, 23, 11, 23, 11, 23, 11, 23, 11, 23, 11, 23, 11, 23, 11, 23, 11, 23, 11, 23, 11, 23, 11, 23, 11, 23, 11, 23, 11, 23, 11, 23, 11, 23, 11, 23, 11, 23, 11, 23, 11, 23, 12, 15, 2, 17]	16.591125965118408
10	10	183	57	[20, 11, 23, 11, 23, 11, 23, 11, 23, 11, 23, 11, 23, 11, 20, 0, 5, 22, 5, 3, 5, 3, 18, 9, 17]	16.955298900604248
10	15	73	14	[20, 13, 6, 7, 18, 9, 17]	17.51181435585022
10	20	75	18	[20, 0, 5, 22, 5, 3, 18, 9, 17]	17.049811840057373
10	25	79	24	[20, 0, 5, 3, 5, 3, 4, 3, 18, 9, 17]	15.034214735031128
10	1	51	14	[16, 8, 22, 5, 0, 5, 3]	3.4532251358032227
10	5	20	5	[16, 10, 3]	3.5614116191864014
10	10	20	5	[16, 10, 3]	3.2875149250030518
10	15	35	10	[16, 8, 22, 5, 3]	3.453334093093872
10	20	20	5	[16, 10, 3]	3.379103422164917
10	25	27	7	[16, 1, 4, 3]	3.1405394077301025
10	1	34	9	[1, 4, 3, 18, 11]	7.667662143707275
10	5	34	9	[1, 4, 3, 18, 11]	8.659639835357666
10	10	34	9	[1, 4, 3, 18, 11]	8.418975353240967
10	15	34	9	[1, 4, 3, 18, 11]	7.830140829086304
10	20	34	10	[1, 4, 3, 18, 11]	7.450150728225708
10	25	46	15	[1, 4, 3, 4, 3, 18, 11]	7.620622158050537
10	1	23	6	[7, 18, 3, 4]	5.634040594100952
10	5	23	6	[7, 18, 3, 4]	5.453563690185547
10	10	23	6	[7, 18, 3, 4]	5.2615368366241455
10	15	33	11	[7, 18, 3, 18, 3, 4]	4.308450937271118
10	20	23	7	[7, 18, 3, 4]	4.871501207351685
10	25	23	7	[7, 18, 3, 4]	4.540582895278931
10	1	29	5	[23, 12, 15]	7.212578296661377
10	5	29	5	[23, 12, 15]	8.162012577056885
10	10	29	5	[23, 12, 15]	7.823753356933594
10	15	29	5	[23, 12, 15]	6.938868522644043
10	20	29	5	[23, 12, 15]	6.9721596240997314
10	25	29	5	[23, 12, 15]	6.618359565734863
