Num of Nodes	BW	Delay	Num of Hops	Path	Execution Time (seconds)
5	1	30	9	[7, 18, 3, 5, 0]	0.040344953536987305
5	5	30	9	[7, 18, 3, 5, 0]	0.037125587463378906
5	10	30	9	[7, 18, 3, 5, 0]	0.032471656799316406
5	15	30	9	[7, 18, 3, 5, 0]	0.03029012680053711
5	20	30	9	[7, 18, 3, 5, 0]	0.029852867126464844
5	25	30	9	[7, 18, 3, 5, 0]	0.0279543399810791
5	1	29	4	[2, 15, 12]	0.02977156639099121
5	5	29	4	[2, 15, 12]	0.03167915344238281
5	10	29	4	[2, 15, 12]	0.04347658157348633
5	15	29	4	[2, 15, 12]	0.039119720458984375
5	20	29	4	[2, 15, 12]	0.057964324951171875
5	25	29	4	[2, 15, 12]	0.04665374755859375
5	1	51	13	[10, 15, 12, 21, 3, 18, 11]	0.05799531936645508
5	5	31	6	[10, 3, 18, 11]	0.05195784568786621
5	10	73	14	[10, 15, 12, 15, 10, 3, 18, 11]	0.05869626998901367
5	15	54	13	[10, 15, 12, 21, 12, 23, 11]	0.04873204231262207
5	20	78	19	[10, 16, 14, 19, 12, 21, 3, 18, 11]	0.05450034141540527
5	25	47	10	[10, 16, 10, 3, 18, 11]	0.05174446105957031
5	1	53	12	[2, 17, 9, 18, 3, 5, 0]	0.06141519546508789
5	5	53	12	[2, 17, 9, 18, 3, 5, 0]	0.06058692932128906
5	10	61	14	[2, 17, 2, 15, 10, 3, 5, 0]	0.0490880012512207
5	15	71	17	[2, 17, 9, 18, 3, 5, 22, 5, 0]	0.05433297157287598
5	20	97	22	[2, 17, 2, 15, 2, 17, 9, 18, 3, 5, 0]	0.06686592102050781
5	25	165	31	[2, 15, 10, 16, 1, 4, 1, 16, 14, 16, 14, 22, 5, 22, 5, 0]	0.0537717342376709
5	1	46	12	[5, 0, 5, 3, 18, 11, 23]	0.06936478614807129
5	5	105	28	[5, 3, 4, 3, 21, 12, 19, 14, 22, 5, 3, 18, 11, 23]	0.10764813423156738
5	10	31	9	[5, 3, 21, 12, 23]	0.07223320007324219
5	15	31	9	[5, 3, 21, 12, 23]	0.05407595634460449
5	20	31	9	[5, 3, 21, 12, 23]	0.04690909385681152
5	25	30	8	[5, 3, 18, 11, 23]	0.0565180778503418
5	1	13	2	[16, 8]	0.03325605392456055
5	5	13	2	[16, 8]	0.02289438247680664
5	10	13	2	[16, 8]	0.02273869514465332
5	15	13	2	[16, 8]	0.02013087272644043
5	20	13	2	[16, 8]	0.02479863166809082
5	25	13	2	[16, 8]	0.024154186248779297
5	1	27	9	[8, 22, 5, 3, 21]	0.04394841194152832
5	5	27	9	[8, 22, 5, 3, 21]	0.04680967330932617
5	10	27	9	[8, 22, 5, 3, 21]	0.03625226020812988
5	15	27	10005	[8, 22, 5, 3, 21]	0.03809309005737305
5	20	69	10013	[8, 16, 1, 4, 3, 10, 3, 21]	0.04103684425354004
5	25	63	10013	[8, 16, 1, 4, 1, 4, 3, 21]	0.04087543487548828
5	1	70	19	[15, 10, 16, 1, 4, 3, 18, 7, 6]	0.08795595169067383
5	5	53	15	[15, 12, 21, 3, 18, 7, 6]	0.08517074584960938
5	10	82	17	[15, 12, 23, 11, 23, 11, 20, 13, 6]	0.0942530632019043
5	15	61	16	[15, 10, 15, 10, 3, 18, 7, 6]	0.09501910209655762
5	20	47	12	[15, 10, 3, 18, 7, 6]	0.06159210205078125
5	25	101	25	[15, 2, 17, 2, 17, 2, 17, 9, 18, 7, 6]	0.07312512397766113
5	1	20	4	[18, 11, 23]	0.0471649169921875
5	5	20	4	[18, 11, 23]	0.052015066146850586
5	10	20	4	[18, 11, 23]	0.04575014114379883
5	15	20	4	[18, 11, 23]	0.04924154281616211
5	20	20	4	[18, 11, 23]	0.03379631042480469
5	25	20	4	[18, 11, 23]	0.03229856491088867
5	1	24	6	[5, 3, 10, 15]	0.03846573829650879
5	5	185	37	[5, 0, 20, 13, 6, 7, 6, 13, 20, 11, 23, 11, 18, 11, 23, 11, 23, 12, 15]	0.04868602752685547
5	10	87	22	[5, 3, 21, 12, 19, 14, 22, 5, 3, 10, 15]	0.040145158767700195
5	15	24	7	[5, 3, 10, 15]	0.04073071479797363
5	20	24	7	[5, 3, 10, 15]	0.034664154052734375
5	25	24	7	[5, 3, 10, 15]	0.06276607513427734
5	1	17	5	[3, 18, 7]	0.0658266544342041
5	5	17	5	[3, 18, 7]	0.04967379570007324
5	10	27	9	[3, 18, 3, 18, 7]	0.053969383239746094
5	15	17	5	[3, 18, 7]	0.04578423500061035
5	20	17	5	[3, 18, 7]	0.04688215255737305
5	25	17	5	[3, 18, 7]	0.04625678062438965
5	1	31	7	[21, 12, 19, 14]	0.07050228118896484
5	5	56	13	[21, 3, 10, 3, 5, 22, 14]	0.0758659839630127
5	10	32	9	[21, 3, 5, 22, 14]	0.05814385414123535
5	15	32	9	[21, 3, 5, 22, 14]	0.06122636795043945
5	20	107	23	[21, 3, 5, 0, 20, 11, 23, 12, 15, 10, 16, 14]	0.0679616928100586
5	25	32	10005	[21, 3, 5, 22, 14]	0.05440044403076172
5	1	42	8	[17, 2, 15, 12, 21]	0.03593254089355469
5	5	52	12	[17, 2, 17, 9, 18, 3, 21]	0.0331265926361084
5	10	83	18	[17, 2, 15, 10, 16, 14, 19, 12, 21]	0.030130624771118164
5	15	42	9	[17, 2, 15, 12, 21]	0.02609729766845703
5	20	42	9	[17, 2, 15, 12, 21]	0.03137826919555664
5	25	42	9	[17, 2, 15, 12, 21]	0.035538434982299805
5	1	23	7	[12, 21, 3, 10]	0.045307159423828125
5	5	51	11	[12, 15, 12, 21, 3, 10]	0.045436859130859375
5	10	23	7	[12, 21, 3, 10]	0.04246211051940918
5	15	21	4	[12, 15, 10]	0.03797149658203125
5	20	46	14	[12, 21, 3, 4, 1, 16, 10]	0.03325939178466797
5	25	21	4	[12, 15, 10]	0.025326013565063477
5	1	19	5	[21, 12, 19]	0.04529905319213867
5	5	19	5	[21, 12, 19]	0.03656888008117676
5	10	19	5	[21, 12, 19]	0.04917740821838379
5	15	19	5	[21, 12, 19]	0.0549616813659668
5	20	19	5	[21, 12, 19]	0.06415510177612305
5	25	277	10068	[21, 3, 4, 3, 18, 3, 5, 3, 5, 0, 20, 13, 6, 7, 6, 13, 20, 11, 23, 11, 20, 0, 5, 3, 18, 7, 18, 3, 4, 1, 16, 14, 19]	0.08281779289245605
5	1	17	5	[21, 3, 10]	0.03339242935180664
5	5	17	5	[21, 3, 10]	0.031780242919921875
5	10	17	5	[21, 3, 10]	0.03617548942565918
5	15	17	6	[21, 3, 10]	0.049323081970214844
5	20	17	6	[21, 3, 10]	0.048514604568481445
5	25	27	10003	[21, 12, 15, 10]	0.05382108688354492
5	1	56	16	[23, 12, 21, 3, 21, 3, 10, 16]	0.06939935684204102
5	5	67	12	[23, 11, 23, 12, 19, 14, 16]	0.11539125442504883
5	10	57	14	[23, 11, 23, 11, 18, 3, 10, 16]	0.07718563079833984
5	15	98	30	[23, 11, 23, 12, 21, 3, 4, 1, 4, 3, 5, 3, 10, 16]	0.07825589179992676
5	20	85	19	[23, 11, 23, 11, 18, 9, 18, 3, 10, 16]	0.06451916694641113
5	25	155	32	[23, 11, 20, 13, 20, 0, 20, 13, 6, 13, 20, 11, 18, 3, 10, 16]	0.053279876708984375
5	1	8	2	[10, 16]	0.011463642120361328
5	5	8	2	[10, 16]	0.011661767959594727
5	10	8	2	[10, 16]	0.012477636337280273
5	15	8	2	[10, 16]	0.012553930282592773
5	20	8	2	[10, 16]	0.015237808227539062
5	25	8	2	[10, 16]	0.014385700225830078
5	1	109	24	[20, 0, 5, 0, 5, 3, 18, 9, 17, 2, 17, 2, 15]	0.058489084243774414
5	5	71	18	[20, 13, 20, 0, 5, 3, 18, 3, 10, 15]	0.04767966270446777
5	10	95	25	[20, 11, 23, 11, 18, 3, 5, 0, 5, 3, 21, 12, 15]	0.06092357635498047
5	15	115	26	[20, 13, 6, 7, 6, 13, 20, 0, 5, 3, 21, 12, 15]	0.06089067459106445
5	20	78	16	[20, 13, 20, 11, 23, 11, 23, 12, 15]	0.06692147254943848
5	25	43	11	[20, 0, 5, 3, 10, 15]	0.05370807647705078
5	1	52	10	[15, 12, 15, 10, 3, 18]	0.030870914459228516
5	5	24	6	[15, 10, 3, 18]	0.06639242172241211
5	10	24	6	[15, 10, 3, 18]	0.07197308540344238
5	15	24	6	[15, 10, 3, 18]	0.060775041580200195
5	20	24	6	[15, 10, 3, 18]	0.06865739822387695
5	25	24	6	[15, 10, 3, 18]	0.06041359901428223
6	1	39	11	[19, 12, 21, 3, 4, 1]	0.09931325912475586
6	5	39	11	[19, 12, 21, 3, 4, 1]	0.08073973655700684
6	10	39	6	[19, 14, 16, 1]	0.06234240531921387
6	15	61	19	[19, 12, 21, 3, 21, 12, 21, 3, 4, 1]	0.05686450004577637
6	20	54	11	[19, 12, 15, 10, 16, 1]	0.057898759841918945
6	25	39	11	[19, 12, 21, 3, 4, 1]	0.05518603324890137
6	1	11	5	[4, 3, 18]	0.023726940155029297
6	5	11	5	[4, 3, 18]	0.023637056350708008
6	10	11	5	[4, 3, 18]	0.01831960678100586
6	15	11	5	[4, 3, 18]	0.021102428436279297
6	20	11	5	[4, 3, 18]	0.018758773803710938
6	25	11	5	[4, 3, 18]	0.018074512481689453
6	1	39	11	[13, 20, 0, 5, 3, 4]	0.05533552169799805
6	5	39	11	[13, 20, 0, 5, 3, 4]	0.043587446212768555
6	10	39	11	[13, 20, 0, 5, 3, 4]	0.041521310806274414
6	15	39	11	[13, 20, 0, 5, 3, 4]	0.04969906806945801
6	20	39	13	[13, 20, 0, 5, 3, 4]	0.0406341552734375
6	25	59	17	[13, 20, 11, 23, 11, 18, 3, 4]	0.03800487518310547
6	1	37	6	[9, 18, 7, 6]	0.07327699661254883
6	5	37	6	[9, 18, 7, 6]	0.07924413681030273
6	10	37	8	[9, 18, 7, 6]	0.07484245300292969
6	15	37	8	[9, 18, 7, 6]	0.0813455581665039
6	20	37	8	[9, 18, 7, 6]	0.06886768341064453
6	25	37	9	[9, 18, 7, 6]	0.06726598739624023
6	1	42	8	[17, 2, 15, 12, 21]	0.05875587463378906
6	5	214	46	[17, 9, 18, 11, 20, 0, 5, 22, 8, 16, 1, 16, 8, 22, 5, 0, 5, 3, 4, 1, 4, 3, 21]	0.04063224792480469
6	10	92	19	[17, 2, 15, 12, 19, 14, 19, 12, 21]	0.03872942924499512
6	15	42	9	[17, 2, 15, 12, 21]	0.04379463195800781
6	20	42	9	[17, 2, 15, 12, 21]	0.03890538215637207
6	25	66	10010	[17, 9, 18, 9, 18, 3, 21]	0.035247802734375
6	1	17	4	[8, 22, 5]	0.022243499755859375
6	5	17	4	[8, 22, 5]	0.02150702476501465
6	10	17	4	[8, 22, 5]	0.020563602447509766
6	15	17	4	[8, 22, 5]	0.0191037654876709
6	20	17	4	[8, 22, 5]	0.01943802833557129
6	25	17	4	[8, 22, 5]	0.02430129051208496
6	1	33	7	[8, 22, 14, 19]	0.05925393104553223
6	5	33	7	[8, 22, 14, 19]	0.06624221801757812
6	10	40	7	[8, 16, 14, 19]	0.06922411918640137
6	15	33	7	[8, 22, 14, 19]	0.10733914375305176
6	20	33	7	[8, 22, 14, 19]	0.062058448791503906
6	25	33	7	[8, 22, 14, 19]	0.05519294738769531
6	1	134	36	[12, 19, 12, 21, 3, 5, 0, 5, 22, 5, 3, 21, 3, 18, 3, 18, 9, 17]	0.09088540077209473
6	5	54	14	[12, 21, 3, 18, 3, 18, 9, 17]	0.09713101387023926
6	10	148	51	[12, 21, 3, 21, 3, 21, 3, 21, 3, 21, 3, 21, 3, 21, 3, 21, 3, 21, 3, 21, 3, 21, 12, 15, 2, 17]	0.17599916458129883
6	15	36	7	[12, 15, 2, 17]	0.1713418960571289
6	20	88	27	[12, 21, 3, 21, 3, 21, 3, 21, 3, 21, 12, 15, 2, 17]	0.16100144386291504
6	25	454	20170	[12, 21, 3, 21, 3, 21, 3, 5, 0, 5, 3, 21, 3, 21, 3, 21, 3, 21, 3, 21, 3, 21, 3, 21, 3, 21, 3, 21, 3, 21, 3, 21, 3, 21, 3, 21, 3, 21, 3, 21, 3, 21, 3, 21, 3, 21, 3, 21, 3, 21, 3, 21, 3, 21, 3, 21, 3, 21, 3, 21, 3, 21, 3, 21, 3, 21, 3, 21, 3, 21, 3, 21, 3, 21, 3, 5, 3, 21, 3, 21, 3, 21, 12, 15, 2, 17]	0.1453571319580078
6	1	15	2	[15, 2]	0.03698277473449707
6	5	15	2	[15, 2]	0.03242087364196777
6	10	15	2	[15, 2]	0.03671622276306152
6	15	15	2	[15, 2]	0.03829169273376465
6	20	15	2	[15, 2]	0.039758920669555664
6	25	15	2	[15, 2]	0.03630781173706055
6	1	27	5	[16, 14, 19]	0.060492753982543945
6	5	27	5	[16, 14, 19]	0.054720401763916016
6	10	27	5	[16, 14, 19]	0.056433916091918945
6	15	27	5	[16, 14, 19]	0.05043673515319824
6	20	27	5	[16, 14, 19]	0.05189156532287598
6	25	27	5	[16, 14, 19]	0.051172733306884766
6	1	24	7	[5, 3, 10, 15]	0.05515432357788086
6	5	34	11	[5, 3, 21, 3, 10, 15]	0.05151510238647461
6	10	40	11	[5, 3, 10, 16, 10, 15]	0.046959638595581055
6	15	30	8	[5, 3, 21, 12, 15]	0.044478416442871094
6	20	78	27	[5, 3, 4, 1, 4, 3, 10, 3, 10, 15]	0.04992055892944336
6	25	151	34	[5, 0, 20, 13, 6, 7, 6, 13, 20, 13, 20, 11, 23, 12, 15]	0.045838356018066406
6	1	27	4	[19, 14, 16]	0.03800654411315918
6	5	27	4	[19, 14, 16]	0.03873443603515625
6	10	27	4	[19, 14, 16]	0.034358978271484375
6	15	27	4	[19, 14, 16]	0.03324317932128906
6	20	27	5	[19, 14, 16]	0.03665733337402344
6	25	27	5	[19, 14, 16]	0.03272891044616699
6	1	15	5	[15, 10, 16]	0.03133702278137207
6	5	15	5	[15, 10, 16]	0.028217792510986328
6	10	15	5	[15, 10, 16]	0.025368213653564453
6	15	15	5	[15, 10, 16]	0.02614760398864746
6	20	15	5	[15, 10, 16]	0.026955604553222656
6	25	15	5	[15, 10, 16]	0.023037433624267578
6	1	37	6	[6, 7, 18, 9]	0.06101059913635254
6	5	37	6	[6, 7, 18, 9]	0.04786109924316406
6	10	503	188	[6, 7, 18, 3, 21, 3, 21, 3, 21, 3, 21, 3, 21, 3, 21, 3, 21, 3, 21, 3, 21, 3, 21, 3, 21, 3, 21, 3, 21, 3, 21, 3, 21, 3, 21, 3, 21, 3, 21, 3, 21, 3, 21, 3, 21, 3, 21, 3, 21, 3, 21, 3, 18, 3, 21, 3, 21, 3, 21, 3, 21, 3, 21, 3, 21, 3, 21, 3, 21, 3, 21, 3, 21, 3, 21, 3, 21, 3, 21, 3, 21, 3, 21, 3, 21, 3, 21, 3, 10, 15, 2, 17, 9]	0.6352534294128418
6	15	1841	722	[6, 7, 18, 3, 21, 3, 21, 3, 21, 3, 21, 3, 21, 3, 21, 3, 21, 3, 21, 3, 21, 3, 21, 3, 21, 3, 21, 3, 21, 3, 21, 3, 21, 3, 21, 3, 21, 3, 21, 3, 21, 3, 21, 3, 21, 3, 21, 3, 21, 3, 21, 3, 21, 3, 21, 3, 21, 3, 21, 3, 5, 3, 21, 3, 21, 3, 21, 3, 21, 3, 21, 3, 21, 3, 21, 3, 21, 3, 4, 3, 21, 3, 21, 3, 21, 3, 21, 3, 21, 3, 21, 3, 21, 3, 21, 3, 21, 3, 21, 3, 21, 3, 21, 3, 21, 3, 21, 3, 21, 3, 21, 3, 21, 3, 21, 3, 21, 3, 21, 3, 21, 3, 21, 3, 21, 3, 21, 3, 21, 3, 21, 3, 21, 3, 21, 3, 21, 3, 21, 3, 21, 3, 21, 3, 21, 12, 21, 3, 21, 3, 21, 3, 21, 3, 21, 3, 21, 3, 21, 3, 21, 3, 21, 3, 21, 12, 21, 3, 21, 3, 21, 3, 21, 3, 21, 3, 21, 3, 21, 3, 21, 3, 21, 3, 21, 3, 21, 3, 21, 3, 21, 3, 21, 3, 21, 3, 21, 3, 21, 3, 21, 3, 21, 3, 21, 3, 21, 3, 21, 3, 21, 3, 21, 3, 21, 3, 21, 3, 21, 3, 21, 3, 21, 3, 21, 3, 21, 3, 21, 3, 21, 3, 21, 3, 21, 3, 21, 3, 21, 3, 21, 3, 21, 3, 21, 3, 21, 3, 21, 12, 21, 3, 21, 3, 21, 3, 21, 3, 21, 3, 21, 3, 21, 3, 21, 3, 21, 3, 21, 3, 21, 3, 21, 3, 21, 3, 21, 3, 21, 3, 21, 3, 21, 3, 21, 3, 21, 3, 21, 3, 21, 3, 21, 3, 21, 3, 21, 3, 21, 3, 21, 3, 21, 3, 21, 3, 21, 3, 21, 3, 21, 3, 21, 3, 21, 3, 21, 3, 21, 3, 21, 3, 21, 3, 21, 3, 21, 3, 21, 3, 21, 3, 21, 3, 21, 3, 21, 3, 21, 3, 21, 3, 21, 3, 18, 3, 21, 3, 21, 3, 21, 3, 21, 3, 10, 15, 2, 17, 9]	0.6112501621246338
6	20	637	245	[6, 7, 18, 3, 21, 3, 4, 3, 4, 3, 21, 3, 21, 3, 21, 3, 21, 3, 21, 3, 21, 3, 21, 3, 21, 3, 21, 3, 21, 3, 21, 3, 21, 3, 21, 3, 21, 3, 21, 3, 21, 3, 21, 3, 21, 3, 21, 3, 21, 3, 21, 3, 21, 3, 21, 3, 5, 3, 21, 3, 21, 3, 21, 3, 21, 3, 21, 3, 21, 3, 21, 3, 21, 3, 21, 3, 21, 3, 21, 3, 21, 3, 21, 3, 21, 3, 21, 3, 21, 3, 21, 3, 21, 3, 21, 3, 21, 3, 21, 3, 21, 3, 21, 3, 21, 3, 21, 3, 21, 3, 21, 3, 21, 3, 10, 15, 2, 17, 9]	0.6202776432037354
6	25	113	33	[6, 7, 18, 3, 21, 3, 21, 3, 21, 3, 10, 15, 2, 17, 9]	0.7963113784790039
6	1	73	16	[9, 18, 3, 18, 7, 18, 3, 10, 16]	0.05738377571105957
6	5	59	16	[9, 18, 3, 18, 3, 21, 3, 10, 16]	0.060775041580200195
6	10	90	27	[9, 18, 3, 5, 0, 5, 22, 5, 3, 4, 1, 16]	0.04886674880981445
6	15	39	9	[9, 18, 3, 10, 16]	0.048882246017456055
6	20	226	51	[9, 18, 7, 6, 13, 6, 13, 20, 11, 23, 11, 23, 12, 21, 12, 19, 14, 19, 14, 22, 8, 16]	0.04722261428833008
6	25	51	12	[9, 17, 2, 15, 10, 16]	0.04333376884460449
6	1	54	14	[12, 21, 3, 18, 3, 18, 9, 17]	0.09826183319091797
6	5	36	6	[12, 15, 2, 17]	0.09089159965515137
6	10	748	293	[12, 21, 3, 21, 3, 21, 3, 21, 3, 21, 3, 21, 3, 21, 3, 21, 3, 21, 3, 21, 3, 21, 3, 21, 3, 21, 3, 21, 3, 21, 3, 21, 3, 21, 3, 21, 3, 21, 3, 21, 3, 21, 3, 21, 3, 21, 3, 21, 3, 21, 3, 21, 3, 21, 3, 21, 3, 21, 3, 21, 3, 21, 3, 21, 3, 21, 3, 21, 3, 18, 3, 21, 3, 21, 3, 21, 3, 21, 3, 21, 3, 21, 3, 21, 3, 21, 3, 21, 3, 21, 3, 21, 3, 21, 3, 21, 3, 21, 3, 21, 3, 21, 3, 21, 3, 21, 3, 21, 3, 21, 3, 21, 3, 21, 3, 21, 3, 21, 3, 21, 3, 21, 3, 21, 3, 21, 3, 21, 3, 21, 3, 5, 3, 21, 3, 21, 3, 21, 3, 21, 3, 21, 12, 15, 2, 17]	0.16875481605529785
6	15	162	59	[12, 21, 3, 21, 3, 21, 3, 21, 3, 21, 3, 21, 3, 21, 3, 5, 3, 21, 3, 21, 3, 21, 3, 21, 3, 10, 15, 2, 17]	0.16430997848510742
6	20	284	103	[12, 21, 3, 21, 3, 21, 3, 18, 3, 21, 3, 21, 3, 21, 3, 21, 3, 21, 3, 21, 3, 21, 3, 21, 3, 21, 3, 21, 3, 21, 3, 21, 3, 5, 3, 21, 3, 21, 12, 23, 11, 23, 12, 15, 10, 15, 2, 17]	0.1376338005065918
6	25	549	203	[12, 23, 11, 23, 11, 20, 0, 5, 3, 21, 3, 21, 3, 21, 3, 21, 3, 21, 3, 21, 12, 21, 3, 21, 3, 21, 3, 21, 3, 21, 3, 21, 3, 21, 3, 21, 3, 21, 3, 21, 3, 21, 3, 21, 3, 21, 3, 21, 3, 21, 3, 21, 3, 21, 3, 21, 3, 21, 3, 21, 3, 21, 3, 21, 3, 21, 3, 21, 3, 21, 3, 21, 3, 21, 3, 21, 3, 21, 3, 21, 3, 21, 3, 21, 3, 21, 3, 21, 3, 21, 3, 21, 3, 21, 3, 21, 12, 15, 2, 17]	0.15117144584655762
6	1	33	8	[21, 3, 18, 7, 6]	0.09828019142150879
6	5	43	12	[21, 3, 21, 3, 18, 7, 6]	0.11303853988647461
6	10	77	24	[21, 3, 5, 22, 8, 22, 5, 3, 18, 7, 6]	0.07812190055847168
6	15	69	21	[21, 3, 4, 3, 18, 7, 18, 7, 6]	0.07747316360473633
6	20	33	10	[21, 3, 18, 7, 6]	0.06943106651306152
6	25	33	11	[21, 3, 18, 7, 6]	0.06535935401916504
6	1	68	16	[16, 8, 22, 8, 22, 5, 3, 18, 7]	0.07380080223083496
6	5	52	12	[16, 8, 22, 5, 3, 18, 7]	0.06394243240356445
6	10	37	11	[16, 10, 3, 18, 7]	0.06559181213378906
6	15	68	18	[16, 8, 22, 8, 22, 5, 3, 18, 7]	0.06235146522521973
6	20	53	15	[16, 10, 16, 10, 3, 18, 7]	0.05806231498718262
6	25	101	28	[16, 10, 15, 2, 17, 2, 15, 12, 21, 3, 18, 7]	0.05277895927429199
6	1	28	4	[11, 18, 9]	0.050065040588378906
6	5	28	4	[11, 18, 9]	0.04843640327453613
6	10	989	367	[11, 23, 11, 23, 11, 23, 11, 23, 11, 23, 11, 23, 11, 23, 11, 23, 11, 23, 11, 23, 11, 23, 11, 23, 11, 23, 11, 23, 11, 23, 11, 23, 11, 23, 11, 23, 11, 23, 12, 21, 3, 21, 3, 21, 3, 21, 3, 21, 3, 21, 3, 5, 3, 21, 3, 21, 3, 21, 3, 21, 3, 21, 3, 21, 3, 21, 3, 21, 3, 21, 3, 21, 3, 21, 3, 21, 3, 21, 3, 21, 3, 21, 3, 21, 3, 21, 3, 21, 3, 21, 3, 21, 3, 21, 3, 21, 3, 21, 3, 21, 3, 21, 3, 21, 3, 21, 3, 21, 3, 21, 3, 21, 3, 21, 3, 21, 3, 21, 3, 21, 3, 21, 3, 21, 3, 21, 3, 21, 3, 21, 3, 21, 3, 21, 3, 21, 3, 21, 3, 21, 3, 21, 3, 21, 3, 21, 3, 21, 3, 21, 12, 21, 3, 21, 3, 18, 3, 21, 3, 21, 3, 21, 3, 21, 3, 21, 3, 21, 3, 21, 3, 21, 3, 21, 3, 10, 15, 2, 17, 2, 17, 9]	0.6846709251403809
6	15	905	311	[11, 23, 11, 23, 11, 23, 11, 23, 11, 23, 11, 23, 11, 23, 11, 23, 11, 23, 11, 23, 11, 23, 11, 23, 11, 23, 11, 23, 11, 23, 11, 23, 11, 23, 11, 23, 11, 20, 13, 20, 11, 23, 11, 23, 11, 23, 11, 23, 11, 23, 11, 23, 11, 23, 11, 23, 11, 23, 11, 23, 11, 23, 11, 23, 11, 23, 11, 23, 11, 23, 11, 23, 11, 23, 11, 23, 11, 23, 11, 23, 12, 21, 3, 21, 3, 21, 3, 21, 3, 21, 3, 21, 3, 21, 3, 18, 3, 21, 3, 21, 3, 21, 3, 21, 3, 21, 3, 21, 3, 21, 3, 21, 3, 21, 3, 21, 3, 21, 3, 21, 3, 21, 3, 21, 3, 21, 3, 21, 3, 21, 3, 21, 3, 21, 3, 21, 3, 21, 3, 21, 3, 21, 3, 21, 3, 21, 3, 5, 3, 10, 15, 2, 17, 9]	0.6238222122192383
6	20	675	258	[11, 23, 11, 23, 11, 23, 11, 23, 11, 23, 11, 23, 11, 23, 11, 23, 11, 23, 11, 23, 11, 23, 11, 23, 11, 23, 11, 23, 11, 23, 11, 23, 11, 23, 12, 21, 3, 21, 3, 21, 12, 21, 3, 21, 3, 21, 3, 21, 3, 21, 3, 21, 3, 21, 3, 21, 3, 21, 3, 21, 3, 21, 3, 21, 3, 21, 3, 21, 3, 21, 3, 21, 3, 21, 12, 21, 3, 21, 3, 21, 3, 21, 3, 21, 3, 21, 3, 21, 3, 21, 3, 21, 3, 21, 3, 21, 3, 21, 12, 21, 3, 21, 3, 21, 3, 21, 3, 21, 3, 21, 3, 21, 3, 21, 3, 10, 15, 2, 17, 9]	0.651602029800415
6	25	1499	10575	[11, 23, 11, 23, 11, 23, 11, 23, 11, 23, 11, 23, 11, 23, 11, 23, 11, 23, 11, 23, 11, 23, 11, 23, 11, 23, 11, 23, 11, 23, 11, 18, 11, 23, 11, 23, 11, 23, 11, 23, 11, 23, 11, 23, 11, 23, 11, 23, 11, 23, 11, 23, 11, 23, 11, 23, 11, 20, 13, 20, 0, 5, 3, 21, 3, 21, 3, 21, 3, 21, 3, 21, 3, 21, 3, 21, 3, 21, 3, 21, 3, 21, 3, 21, 3, 21, 3, 21, 3, 21, 3, 21, 3, 21, 3, 21, 3, 21, 3, 21, 3, 21, 3, 21, 3, 21, 12, 21, 3, 21, 3, 21, 3, 21, 3, 21, 3, 21, 3, 21, 3, 21, 3, 21, 3, 21, 3, 21, 3, 21, 3, 21, 3, 21, 3, 21, 3, 21, 3, 21, 3, 21, 3, 21, 3, 21, 3, 21, 3, 21, 3, 21, 3, 21, 3, 4, 3, 21, 3, 21, 3, 21, 3, 21, 3, 21, 3, 21, 3, 21, 3, 21, 3, 5, 3, 21, 3, 21, 3, 21, 3, 21, 3, 21, 3, 21, 3, 21, 3, 21, 3, 21, 3, 21, 3, 21, 3, 21, 3, 21, 3, 21, 3, 21, 3, 21, 3, 21, 12, 23, 11, 23, 11, 23, 11, 23, 11, 23, 11, 23, 11, 23, 11, 23, 11, 23, 11, 23, 11, 23, 11, 23, 11, 23, 11, 18, 3, 21, 3, 21, 3, 21, 3, 21, 3, 21, 3, 21, 3, 21, 3, 21, 3, 21, 3, 10, 15, 2, 17, 2, 17, 2, 17, 9]	0.62980055809021
6	1	49	11	[0, 5, 0, 20, 13, 6]	0.07387781143188477
6	5	33	7	[0, 20, 13, 6]	0.0709085464477539
6	10	33	7	[0, 20, 13, 6]	0.06773185729980469
6	15	33	7	[0, 20, 13, 6]	0.06782221794128418
6	20	33	7	[0, 20, 13, 6]	0.06262874603271484
6	25	33	7	[0, 20, 13, 6]	0.06285285949707031
7	1	39	11	[1, 4, 3, 21, 12, 19]	0.12616300582885742
7	5	39	11	[1, 4, 3, 21, 12, 19]	0.11561322212219238
7	10	132	31	[1, 4, 3, 21, 12, 23, 11, 18, 3, 21, 12, 23, 11, 23, 12, 19]	0.12040472030639648
7	15	57	16	[1, 4, 1, 4, 3, 21, 12, 19]	0.12227439880371094
7	20	49	15	[1, 4, 3, 21, 3, 21, 12, 19]	0.13171958923339844
7	25	39	11	[1, 4, 3, 21, 12, 19]	0.10748171806335449
7	1	91	20	[2, 17, 9, 17, 2, 15, 10, 15, 12, 21]	0.06730222702026367
7	5	35	7	[2, 15, 12, 21]	0.06978797912597656
7	10	49	11	[2, 17, 2, 15, 12, 21]	0.07891154289245605
7	15	45	11	[2, 17, 9, 18, 3, 21]	0.0703132152557373
7	20	53	12	[2, 17, 2, 15, 10, 3, 21]	0.0837395191192627
7	25	49	11	[2, 17, 2, 15, 12, 21]	0.06659746170043945
7	1	35	8	[6, 13, 20, 11]	0.07571887969970703
7	5	35	8	[6, 13, 20, 11]	0.07669878005981445
7	10	35	8	[6, 13, 20, 11]	0.07233262062072754
7	15	35	8	[6, 13, 20, 11]	0.07163858413696289
7	20	37	8	[6, 7, 18, 11]	0.07565188407897949
7	25	35	9	[6, 13, 20, 11]	0.07020306587219238
7	1	38	9	[0, 5, 22, 8, 16]	0.10048580169677734
7	5	185	44	[0, 5, 3, 18, 7, 6, 13, 6, 7, 18, 9, 17, 2, 17, 9, 18, 3, 10, 16]	0.10233473777770996
7	10	67	17	[0, 5, 0, 5, 22, 5, 3, 10, 16]	0.10591602325439453
7	15	153	36	[0, 5, 3, 21, 12, 15, 2, 17, 2, 17, 9, 17, 2, 17, 2, 15, 10, 16]	0.09567141532897949
7	20	33	9	[0, 5, 3, 10, 16]	0.13196825981140137
7	25	155	45	[0, 5, 3, 4, 3, 21, 12, 23, 12, 21, 3, 21, 12, 19, 12, 21, 3, 18, 3, 10, 16]	0.11636066436767578
7	1	30	9	[20, 0, 5, 3, 4]	0.09278726577758789
7	5	30	9	[20, 0, 5, 3, 4]	0.0880277156829834
7	10	30	9	[20, 0, 5, 3, 4]	0.09388089179992676
7	15	30	9	[20, 0, 5, 3, 4]	0.09266495704650879
7	20	30	9	[20, 0, 5, 3, 4]	0.08231616020202637
7	25	30	10	[20, 0, 5, 3, 4]	0.08081340789794922
7	1	28	6	[22, 5, 0, 20]	0.11527395248413086
7	5	28	6	[22, 5, 0, 20]	0.10069751739501953
7	10	28	6	[22, 5, 0, 20]	0.1253213882446289
7	15	28	6	[22, 5, 0, 20]	0.11763834953308105
7	20	126	36	[22, 14, 16, 10, 15, 12, 21, 3, 18, 7, 18, 3, 5, 0, 20]	0.09682869911193848
7	25	28	6	[22, 5, 0, 20]	0.10639810562133789
7	1	40	8	[17, 9, 18, 7]	0.13177227973937988
7	5	40	8	[17, 9, 18, 7]	0.12733078002929688
7	10	143	36	[17, 2, 15, 10, 16, 8, 22, 8, 22, 5, 0, 20, 0, 5, 3, 18, 7]	0.12213540077209473
7	15	96	18	[17, 9, 17, 9, 18, 9, 18, 7]	0.1366713047027588
7	20	189	44	[17, 2, 15, 10, 16, 1, 16, 14, 22, 5, 22, 8, 16, 10, 15, 10, 3, 18, 3, 18, 7]	0.14452481269836426
7	25	40	8	[17, 9, 18, 7]	0.1098783016204834
7	1	45	11	[21, 3, 18, 9, 17, 2]	0.15961360931396484
7	5	293	82	[21, 3, 4, 1, 4, 3, 18, 3, 5, 0, 5, 3, 18, 11, 23, 11, 23, 11, 23, 11, 23, 11, 18, 7, 6, 13, 20, 13, 6, 7, 18, 3, 4, 3, 10, 15, 2]	0.16175556182861328
7	10	79	24	[21, 3, 4, 1, 4, 3, 5, 3, 10, 15, 2]	0.15125322341918945
7	15	84	18	[21, 3, 18, 3, 18, 11, 23, 12, 15, 2]	0.16668272018432617
7	20	55	14	[21, 3, 18, 3, 21, 12, 15, 2]	0.16496896743774414
7	25	35	6	[21, 12, 15, 2]	0.14357304573059082
7	1	18	7	[0, 5, 3, 21]	0.05507612228393555
7	5	34	11	[0, 5, 0, 5, 3, 21]	0.05590081214904785
7	10	18	7	[0, 5, 3, 21]	0.05981945991516113
7	15	18	7	[0, 5, 3, 21]	0.053785085678100586
7	20	18	7	[0, 5, 3, 21]	0.06209373474121094
7	25	18	7	[0, 5, 3, 21]	0.059235334396362305
7	1	29	11	[19, 12, 21, 3, 5]	0.0626835823059082
7	5	29	11	[19, 12, 21, 3, 5]	0.064056396484375
7	10	29	11	[19, 12, 21, 3, 5]	0.062284231185913086
7	15	29	11	[19, 12, 21, 3, 5]	0.06668686866760254
7	20	29	11	[19, 12, 21, 3, 5]	0.06849074363708496
7	25	29	11	[19, 12, 21, 3, 5]	0.06513285636901855
7	1	5	2	[3, 21]	0.02583932876586914
7	5	5	2	[3, 21]	0.04238462448120117
7	10	5	2	[3, 21]	0.03229522705078125
7	15	5	2	[3, 21]	0.026950836181640625
7	20	5	2	[3, 21]	0.026854991912841797
7	25	5	2	[3, 21]	0.02715754508972168
7	1	14	2	[18, 11]	0.06047821044921875
7	5	14	2	[18, 11]	0.0672919750213623
7	10	14	2	[18, 11]	0.0592954158782959
7	15	14	2	[18, 11]	0.05680680274963379
7	20	14	2	[18, 11]	0.06229043006896973
7	25	14	2	[18, 11]	0.06591653823852539
7	1	11	5	[5, 3, 4]	0.05104851722717285
7	5	131	30	[5, 0, 20, 11, 23, 11, 23, 12, 19, 14, 16, 10, 3, 4]	0.057004690170288086
7	10	11	5	[5, 3, 4]	0.04768228530883789
7	15	11	5	[5, 3, 4]	0.048134803771972656
7	20	11	5	[5, 3, 4]	0.04752516746520996
7	25	11	5	[5, 3, 4]	0.04553413391113281
7	1	19	4	[15, 10, 3]	0.04104733467102051
7	5	19	4	[15, 10, 3]	0.045653581619262695
7	10	19	4	[15, 10, 3]	0.04757237434387207
7	15	19	4	[15, 10, 3]	0.044834136962890625
7	20	19	4	[15, 10, 3]	0.040812015533447266
7	25	19	4	[15, 10, 3]	0.041501522064208984
7	1	25	7	[0, 5, 3, 10]	0.07664084434509277
7	5	25	7	[0, 5, 3, 10]	0.07216477394104004
7	10	25	7	[0, 5, 3, 10]	0.07013583183288574
7	15	41	11	[0, 5, 0, 5, 3, 10]	0.06854820251464844
7	20	25	7	[0, 5, 3, 10]	0.07258987426757812
7	25	25	7	[0, 5, 3, 10]	0.08701491355895996
7	1	13	2	[13, 6]	0.05958914756774902
7	5	13	2	[13, 6]	0.056638240814208984
7	10	13	2	[13, 6]	0.048188209533691406
7	15	13	2	[13, 6]	0.04976034164428711
7	20	13	2	[13, 6]	0.04981231689453125
7	25	13	2	[13, 6]	0.04786515235900879
7	1	15	2	[12, 23]	0.07035350799560547
7	5	15	2	[12, 23]	0.08138799667358398
7	10	15	2	[12, 23]	0.06432127952575684
7	15	15	2	[12, 23]	0.0584259033203125
7	20	15	2	[12, 23]	0.06009721755981445
7	25	15	2	[12, 23]	0.07597470283508301
7	1	28	6	[20, 0, 5, 22]	0.07868337631225586
7	5	28	6	[20, 0, 5, 22]	0.08836030960083008
7	10	28	6	[20, 0, 5, 22]	0.08440804481506348
7	15	28	6	[20, 0, 5, 22]	0.07969403266906738
7	20	28	6	[20, 0, 5, 22]	0.08505439758300781
7	25	28	7	[20, 0, 5, 22]	0.07714962959289551
7	1	29	9	[5, 3, 21, 12, 19]	0.1190955638885498
7	5	29	9	[5, 3, 21, 12, 19]	0.1395881175994873
7	10	61	17	[5, 3, 5, 3, 10, 15, 12, 19]	0.15708661079406738
7	15	29	9	[5, 3, 21, 12, 19]	0.12814068794250488
7	20	50	13	[5, 22, 8, 22, 14, 19]	0.11371302604675293
7	25	83	21	[5, 3, 21, 12, 23, 11, 23, 11, 23, 12, 19]	0.12841272354125977
7	1	31	10	[22, 5, 3, 18, 7]	0.1294257640838623
7	5	136	36	[22, 8, 16, 1, 4, 1, 16, 10, 16, 10, 15, 12, 21, 3, 18, 7]	0.1405947208404541
7	10	31	10	[22, 5, 3, 18, 7]	0.1400003433227539
7	15	31	10	[22, 5, 3, 18, 7]	0.15417098999023438
7	20	254	59	[22, 8, 16, 10, 15, 12, 15, 2, 17, 2, 17, 2, 17, 9, 17, 2, 15, 10, 16, 1, 16, 10, 15, 10, 3, 18, 7]	0.11607813835144043
7	25	31	10	[22, 5, 3, 18, 7]	0.11285114288330078
8	1	38	8	[5, 0, 20, 11, 23]	0.584632158279419
8	5	81	20	[5, 3, 21, 12, 19, 14, 19, 12, 23]	0.5382599830627441
8	10	121	37	[5, 3, 21, 3, 18, 3, 5, 22, 8, 22, 14, 22, 5, 3, 21, 12, 23]	0.7218742370605469
8	15	31	10	[5, 3, 21, 12, 23]	0.5685420036315918
8	20	100	23	[5, 3, 18, 9, 17, 2, 17, 9, 18, 11, 23]	0.5183649063110352
8	25	31	10	[5, 3, 21, 12, 23]	0.5340678691864014
8	1	81	18	[13, 20, 0, 5, 22, 8, 22, 14, 16]	0.5571050643920898
8	5	65	19	[13, 20, 0, 5, 3, 4, 3, 10, 16]	0.5391321182250977
8	10	58	14	[13, 20, 0, 5, 22, 8, 16]	0.5687086582183838
8	15	135	28	[13, 20, 11, 23, 11, 23, 11, 18, 11, 23, 12, 19, 14, 16]	0.5361740589141846
8	20	123	30	[13, 6, 7, 18, 7, 18, 3, 18, 9, 18, 3, 10, 16]	0.5275349617004395
8	25	70	21	[13, 20, 0, 5, 3, 18, 3, 4, 1, 16]	0.5192484855651855
8	1	11	5	[3, 21, 12]	0.2784543037414551
8	5	11	5	[3, 21, 12]	0.2716987133026123
8	10	11	5	[3, 21, 12]	0.2926795482635498
8	15	21	10	[3, 21, 3, 21, 12]	0.2599906921386719
8	20	11	5	[3, 21, 12]	0.3113245964050293
8	25	11	5	[3, 21, 12]	0.2902209758758545
8	1	5	2	[3, 21]	0.13689827919006348
8	5	5	2	[3, 21]	0.1405034065246582
8	10	5	2	[3, 21]	0.14521527290344238
8	15	5	2	[3, 21]	0.1512918472290039
8	20	5	2	[3, 21]	0.12143278121948242
8	25	5	2	[3, 21]	0.12429141998291016
8	1	32	9	[16, 1, 4, 3, 21]	0.33197569847106934
8	5	25	6	[16, 10, 3, 21]	0.32146191596984863
8	10	32	9	[16, 1, 4, 3, 21]	0.33031702041625977
8	15	46	9	[16, 14, 19, 12, 21]	0.30140185356140137
8	20	40	12	[16, 8, 22, 5, 3, 21]	0.27382659912109375
8	25	25	7	[16, 10, 3, 21]	0.28875017166137695
8	1	81	20	[3, 5, 22, 8, 22, 8, 16, 10, 15, 2]	0.7852063179016113
8	5	50	14	[3, 5, 3, 21, 12, 15, 2]	0.7994801998138428
8	10	40	9	[3, 21, 12, 15, 2]	0.7433385848999023
8	15	46	11	[3, 4, 3, 10, 15, 2]	0.7407255172729492
8	20	40	9	[3, 21, 12, 15, 2]	0.6885757446289062
8	25	60	16	[3, 5, 0, 5, 3, 10, 15, 2]	0.6666646003723145
8	1	91	27	[10, 16, 1, 4, 1, 4, 3, 5, 3, 18, 7, 6]	0.825739860534668
8	5	40	10	[10, 3, 18, 7, 6]	0.7995328903198242
8	10	78	19	[10, 15, 10, 3, 10, 3, 18, 7, 6]	0.7747292518615723
8	15	94	21	[10, 15, 2, 17, 2, 17, 9, 18, 7, 6]	0.8098189830780029
8	20	129	31	[10, 16, 1, 4, 1, 16, 14, 19, 12, 21, 3, 18, 7, 6]	0.802839994430542
8	25	181	45	[10, 15, 2, 17, 2, 17, 2, 17, 2, 15, 10, 3, 10, 16, 8, 22, 5, 3, 18, 7, 6]	0.776496410369873
8	1	28	9	[1, 4, 3, 5, 0]	0.4035177230834961
8	5	28	9	[1, 4, 3, 5, 0]	0.4512612819671631
8	10	28	9	[1, 4, 3, 5, 0]	0.4105415344238281
8	15	56	18	[1, 4, 1, 4, 3, 18, 3, 5, 0]	0.4028933048248291
8	20	28	10	[1, 4, 3, 5, 0]	0.42020249366760254
8	25	28	10	[1, 4, 3, 5, 0]	0.3839716911315918
8	1	30	7	[23, 11, 20, 0]	0.42203688621520996
8	5	30	7	[23, 11, 20, 0]	0.3855557441711426
8	10	48	13	[23, 11, 20, 13, 20, 0]	0.37881970405578613
8	15	30	7	[23, 11, 20, 0]	0.3568103313446045
8	20	60	21	[23, 11, 18, 3, 21, 12, 21, 3, 5, 0]	0.36873412132263184
8	25	30	7	[23, 11, 20, 0]	0.39076828956604004
8	1	20	5	[13, 20, 0]	0.2547008991241455
8	5	20	5	[13, 20, 0]	0.23047280311584473
8	10	20	5	[13, 20, 0]	0.2259383201599121
8	15	20	5	[13, 20, 0]	0.2338104248046875
8	20	20	5	[13, 20, 0]	0.21602225303649902
8	25	20	5	[13, 20, 0]	0.24881720542907715
8	1	21	4	[9, 17, 2]	0.3758687973022461
8	5	21	4	[9, 17, 2]	0.3614182472229004
8	10	21	5	[9, 17, 2]	0.3815634250640869
8	15	21	5	[9, 17, 2]	0.39238476753234863
8	20	21	5	[9, 17, 2]	0.3837418556213379
8	25	711	198	[9, 18, 3, 5, 22, 14, 16, 10, 16, 1, 4, 3, 18, 3, 21, 3, 4, 1, 16, 8, 22, 8, 22, 5, 3, 21, 12, 19, 12, 21, 3, 5, 0, 20, 11, 23, 12, 23, 11, 23, 11, 18, 3, 18, 11, 23, 11, 20, 13, 6, 7, 18, 3, 4, 3, 10, 15, 12, 15, 10, 3, 21, 12, 21, 3, 18, 7, 6, 13, 20, 13, 20, 0, 5, 3, 5, 22, 8, 16, 10, 15, 2]	0.4276435375213623
8	1	55	13	[6, 7, 18, 3, 5, 22, 14]	0.7104461193084717
8	5	65	17	[6, 7, 18, 3, 18, 3, 5, 22, 14]	0.6573412418365479
8	10	91	27	[6, 7, 18, 3, 21, 3, 18, 3, 5, 0, 5, 22, 14]	0.7212860584259033
8	15	96	25	[6, 7, 18, 3, 18, 3, 4, 1, 16, 10, 16, 14]	0.7015728950500488
8	20	70	17	[6, 7, 18, 3, 4, 1, 16, 14]	0.7682106494903564
8	25	73	20	[6, 13, 20, 0, 5, 3, 5, 22, 14]	0.677532434463501
8	1	21	4	[11, 23, 12]	0.31159114837646484
8	5	21	4	[11, 23, 12]	0.2999436855316162
8	10	21	4	[11, 23, 12]	0.2711358070373535
8	15	21	4	[11, 23, 12]	0.24921512603759766
8	20	21	4	[11, 23, 12]	0.2312014102935791
8	25	21	4	[11, 23, 12]	0.25902509689331055
8	1	154	29	[16, 14, 19, 14, 22, 5, 0, 20, 11, 18, 11, 23, 11, 23, 12]	0.3507072925567627
8	5	40	7	[16, 14, 19, 12]	0.36902308464050293
8	10	29	6	[16, 10, 15, 12]	0.3404695987701416
8	15	29	6	[16, 10, 15, 12]	0.32356834411621094
8	20	89	21	[16, 8, 22, 5, 22, 8, 16, 10, 15, 12]	0.35326409339904785
8	25	31	10	[16, 10, 3, 21, 12]	0.328078031539917
8	1	25	4	[19, 14, 22]	0.3227999210357666
8	5	25	4	[19, 14, 22]	0.29418516159057617
8	10	25	4	[19, 14, 22]	0.2967376708984375
8	15	25	4	[19, 14, 22]	0.29395270347595215
8	20	25	4	[19, 14, 22]	0.29689717292785645
8	25	25	4	[19, 14, 22]	0.2952384948730469
8	1	13	4	[3, 5, 0]	0.30365419387817383
8	5	13	4	[3, 5, 0]	0.3245980739593506
8	10	13	4	[3, 5, 0]	0.28920936584472656
8	15	13	4	[3, 5, 0]	0.29367756843566895
8	20	13	5	[3, 5, 0]	0.296358585357666
8	25	13	5	[3, 5, 0]	0.2854602336883545
8	1	30	6	[0, 5, 22, 14]	0.4762885570526123
8	5	30	6	[0, 5, 22, 14]	0.5057227611541748
8	10	70	14	[0, 20, 0, 5, 22, 5, 22, 14]	0.49112415313720703
8	15	30	6	[0, 5, 22, 14]	0.4962766170501709
8	20	30	6	[0, 5, 22, 14]	0.4572017192840576
8	25	30	6	[0, 5, 22, 14]	0.44582104682922363
8	1	20	5	[0, 20, 13]	0.49251723289489746
8	5	20	5	[0, 20, 13]	0.4698464870452881
8	10	20	5	[0, 20, 13]	0.418201208114624
8	15	20	5	[0, 20, 13]	0.41922640800476074
8	20	20	5	[0, 20, 13]	0.4367537498474121
8	25	20	5	[0, 20, 13]	0.459580659866333
8	1	26	5	[7, 18, 11]	0.35038328170776367
8	5	26	5	[7, 18, 11]	0.32433533668518066
8	10	26	5	[7, 18, 11]	0.33270263671875
8	15	26	5	[7, 18, 11]	0.33170032501220703
8	20	50	11	[7, 18, 7, 18, 11]	0.33902549743652344
8	25	26	5	[7, 18, 11]	0.3295578956604004
8	1	106	26	[9, 18, 3, 18, 3, 10, 16, 10, 15, 10, 16, 14, 19]	0.6537985801696777
8	5	43	12	[9, 18, 3, 21, 12, 19]	0.676976203918457
8	10	193	48	[9, 18, 3, 10, 16, 10, 15, 2, 17, 2, 17, 9, 18, 7, 6, 7, 18, 3, 21, 12, 19]	0.6487975120544434
8	15	58	14	[9, 18, 3, 5, 22, 14, 19]	0.6217048168182373
8	20	43	13	[9, 18, 3, 21, 12, 19]	0.5787253379821777
8	25	43	13	[9, 18, 3, 21, 12, 19]	0.6417973041534424
9	1	50	11	[13, 20, 0, 5, 22, 14]	1.5947339534759521
9	5	176	41	[13, 20, 0, 5, 3, 21, 3, 18, 9, 17, 2, 15, 12, 19, 12, 21, 3, 5, 22, 14]	1.5120019912719727
9	10	212	49	[13, 20, 11, 18, 3, 18, 9, 17, 2, 15, 10, 15, 2, 15, 10, 3, 18, 3, 5, 0, 5, 22, 14]	1.524045467376709
9	15	76	16	[13, 20, 11, 20, 0, 5, 22, 14]	1.5779459476470947
9	20	120	36	[13, 20, 0, 5, 3, 21, 3, 18, 3, 4, 3, 21, 12, 15, 10, 16, 14]	1.4839110374450684
9	25	137	40	[13, 20, 0, 5, 3, 10, 3, 4, 3, 21, 12, 21, 3, 18, 3, 21, 12, 19, 14]	1.5002179145812988
9	1	37	9	[13, 20, 0, 5, 22]	1.0545871257781982
9	5	37	9	[13, 20, 0, 5, 22]	1.019751787185669
9	10	37	9	[13, 20, 0, 5, 22]	0.9755856990814209
9	15	37	9	[13, 20, 0, 5, 22]	1.1104846000671387
9	20	37	9	[13, 20, 0, 5, 22]	1.0776488780975342
9	25	37	10	[13, 20, 0, 5, 22]	1.2305748462677002
9	1	40	10	[20, 11, 23, 12, 21]	0.8348445892333984
9	5	29	8	[20, 0, 5, 3, 21]	0.7796833515167236
9	10	29	8	[20, 0, 5, 3, 21]	0.7528173923492432
9	15	268	60	[20, 11, 23, 12, 15, 10, 15, 2, 17, 2, 15, 10, 16, 14, 22, 14, 19, 14, 16, 8, 22, 8, 16, 10, 3, 21]	0.734717607498169
9	20	29	9	[20, 0, 5, 3, 21]	0.763951301574707
9	25	29	10	[20, 0, 5, 3, 21]	0.7454242706298828
9	1	46	11	[9, 18, 3, 5, 22, 14]	1.5379714965820312
9	5	56	15	[9, 18, 3, 21, 3, 5, 22, 14]	1.5367882251739502
9	10	46	11	[9, 18, 3, 5, 22, 14]	1.5117607116699219
9	15	56	15	[9, 18, 3, 18, 3, 5, 22, 14]	1.5841622352600098
9	20	98	25	[9, 17, 2, 17, 9, 18, 3, 21, 3, 5, 22, 14]	1.5144779682159424
9	25	87	25	[9, 18, 3, 18, 3, 4, 3, 21, 3, 21, 12, 19, 14]	1.592649221420288
9	1	28	6	[22, 5, 0, 20]	1.2651450634002686
9	5	121	29	[22, 14, 19, 12, 21, 3, 18, 3, 4, 1, 4, 3, 18, 11, 20]	1.2218050956726074
9	10	28	6	[22, 5, 0, 20]	1.150010347366333
9	15	28	6	[22, 5, 0, 20]	1.144144058227539
9	20	28	6	[22, 5, 0, 20]	1.11824631690979
9	25	28	8	[22, 5, 0, 20]	1.219118356704712
9	1	29	8	[20, 0, 5, 3, 21]	0.8074932098388672
9	5	29	8	[20, 0, 5, 3, 21]	0.8062894344329834
9	10	29	8	[20, 0, 5, 3, 21]	0.7371170520782471
9	15	29	8	[20, 0, 5, 3, 21]	0.7412848472595215
9	20	29	9	[20, 0, 5, 3, 21]	0.810553789138794
9	25	29	10	[20, 0, 5, 3, 21]	0.7202589511871338
9	1	35	9	[6, 13, 20, 11]	0.9936590194702148
9	5	35	9	[6, 13, 20, 11]	0.8987278938293457
9	10	81	19	[6, 13, 20, 13, 6, 7, 18, 11]	0.9090883731842041
9	15	37	8	[6, 7, 18, 11]	0.8545913696289062
9	20	35	9	[6, 13, 20, 11]	0.9064273834228516
9	25	37	9	[6, 7, 18, 11]	1.0214293003082275
9	1	19	4	[21, 12, 19]	1.0983006954193115
9	5	19	4	[21, 12, 19]	1.10076904296875
9	10	19	5	[21, 12, 19]	1.2500896453857422
9	15	19	5	[21, 12, 19]	1.381720781326294
9	20	19	5	[21, 12, 19]	1.2725951671600342
9	25	19	5	[21, 12, 19]	1.0492937564849854
9	1	51	14	[22, 5, 3, 4, 3, 21, 12, 15]	1.2648842334747314
9	5	39	10	[22, 5, 3, 21, 12, 15]	1.2979655265808105
9	10	57	14	[22, 5, 22, 5, 3, 21, 12, 15]	1.3698081970214844
9	15	36	8	[22, 8, 16, 10, 15]	1.2849252223968506
9	20	33	9	[22, 5, 3, 10, 15]	1.1501219272613525
9	25	65	21	[22, 5, 0, 5, 3, 18, 3, 21, 12, 15]	1.0616910457611084
9	1	100	22	[16, 8, 22, 14, 16, 10, 15, 10, 3, 18, 7]	1.3722214698791504
9	5	37	9	[16, 10, 3, 18, 7]	1.3322138786315918
9	10	68	17	[16, 14, 19, 12, 21, 3, 18, 7]	1.3223302364349365
9	15	37	9	[16, 10, 3, 18, 7]	1.3197014331817627
9	20	37	9	[16, 10, 3, 18, 7]	1.2511701583862305
9	25	37	9	[16, 10, 3, 18, 7]	1.236983299255371
9	1	30	8	[9, 18, 3, 21, 12]	0.8491411209106445
9	5	30	8	[9, 18, 3, 21, 12]	0.8490560054779053
9	10	30	8	[9, 18, 3, 21, 12]	0.8163034915924072
9	15	30	8	[9, 18, 3, 21, 12]	0.8087925910949707
9	20	30	8	[9, 18, 3, 21, 12]	0.8193960189819336
9	25	30	8	[9, 18, 3, 21, 12]	0.7361588478088379
9	1	25	7	[23, 11, 18, 3]	0.483626127243042
9	5	25	7	[23, 11, 18, 3]	0.5208837985992432
9	10	26	7	[23, 12, 21, 3]	0.5043222904205322
9	15	25	7	[23, 11, 18, 3]	0.536902666091919
9	20	25	7	[23, 11, 18, 3]	0.47122693061828613
9	25	25	7	[23, 11, 18, 3]	0.48392486572265625
9	1	163	33	[16, 14, 19, 12, 23, 11, 20, 11, 23, 12, 19, 14, 22, 5, 0]	1.1984615325927734
9	5	33	9	[16, 10, 3, 5, 0]	1.1940219402313232
9	10	33	9	[16, 10, 3, 5, 0]	1.2125632762908936
9	15	33	9	[16, 10, 3, 5, 0]	1.200606346130371
9	20	33	9	[16, 10, 3, 5, 0]	1.030522108078003
9	25	374	98	[16, 10, 15, 10, 3, 10, 15, 10, 16, 1, 4, 3, 18, 3, 4, 1, 4, 3, 10, 15, 10, 3, 21, 3, 18, 3, 21, 3, 18, 3, 21, 12, 19, 14, 19, 12, 21, 3, 18, 11, 18, 7, 6, 13, 20, 0]	1.6709094047546387
9	1	16	6	[18, 3, 21, 12]	0.7264719009399414
9	5	16	6	[18, 3, 21, 12]	0.7227210998535156
9	10	16	6	[18, 3, 21, 12]	0.718599796295166
9	15	16	6	[18, 3, 21, 12]	0.7420258522033691
9	20	16	6	[18, 3, 21, 12]	0.6846446990966797
9	25	16	6	[18, 3, 21, 12]	0.6285514831542969
9	1	5	2	[3, 21]	0.3420555591583252
9	5	5	2	[3, 21]	0.3524289131164551
9	10	5	2	[3, 21]	0.30981016159057617
9	15	5	2	[3, 21]	0.3227722644805908
9	20	5	2	[3, 21]	0.32158493995666504
9	25	5	2	[3, 21]	0.2529323101043701
9	1	15	3	[2, 15]	0.34680962562561035
9	5	15	3	[2, 15]	0.2394404411315918
9	10	15	3	[2, 15]	0.2561075687408447
9	15	15	4	[2, 15]	0.26044774055480957
9	20	15	4	[2, 15]	0.269930362701416
9	25	15	4	[2, 15]	0.25243473052978516
9	1	84	18	[21, 12, 19, 12, 21, 3, 18, 11, 20, 13]	1.9522247314453125
9	5	38	11	[21, 3, 5, 0, 20, 13]	1.8865504264831543
9	10	38	11	[21, 3, 5, 0, 20, 13]	1.7895281314849854
9	15	46	10	[21, 3, 18, 11, 20, 13]	1.7539403438568115
9	20	48	15	[21, 3, 18, 3, 5, 0, 20, 13]	1.7526683807373047
9	25	66	21	[21, 3, 18, 3, 21, 3, 18, 7, 6, 13]	2.231132984161377
9	1	115	35	[4, 3, 21, 3, 18, 3, 5, 3, 21, 12, 21, 3, 4, 1, 16, 10, 15, 2]	1.9076910018920898
9	5	190	47	[4, 3, 21, 3, 18, 11, 23, 11, 20, 13, 20, 0, 20, 13, 6, 7, 18, 3, 21, 12, 15, 2]	1.961970567703247
9	10	51	10	[4, 1, 16, 10, 15, 2]	1.829453706741333
9	15	102	23	[4, 3, 5, 22, 14, 19, 14, 16, 10, 15, 2]	1.8055684566497803
9	20	56	14	[4, 3, 18, 3, 21, 12, 15, 2]	1.9321959018707275
9	25	46	10	[4, 3, 21, 12, 15, 2]	1.712129831314087
9	1	20	4	[1, 16, 10]	0.6237678527832031
9	5	20	4	[1, 16, 10]	0.6500258445739746
9	10	20	4	[1, 16, 10]	0.6455326080322266
9	15	20	4	[1, 16, 10]	0.5971889495849609
9	20	20	4	[1, 16, 10]	0.6118378639221191
5	1	30	9	[7, 18, 3, 5, 0]	0.0436711311340332
5	5	30	9	[7, 18, 3, 5, 0]	0.03967595100402832
5	10	30	9	[7, 18, 3, 5, 0]	0.04357719421386719
5	15	30	9	[7, 18, 3, 5, 0]	0.03862953186035156
5	20	30	9	[7, 18, 3, 5, 0]	0.041565895080566406
5	25	30	9	[7, 18, 3, 5, 0]	0.03264141082763672
5	1	29	4	[2, 15, 12]	0.026962757110595703
5	5	29	4	[2, 15, 12]	0.033190011978149414
5	10	29	4	[2, 15, 12]	0.026168107986450195
5	15	29	4	[2, 15, 12]	0.027131080627441406
5	20	29	4	[2, 15, 12]	0.02556753158569336
5	25	29	4	[2, 15, 12]	0.034770965576171875
5	1	51	13	[10, 15, 12, 21, 3, 18, 11]	0.04187369346618652
5	5	31	6	[10, 3, 18, 11]	0.08009982109069824
5	10	73	14	[10, 15, 12, 15, 10, 3, 18, 11]	0.04638957977294922
5	15	54	13	[10, 15, 12, 21, 12, 23, 11]	0.03806591033935547
5	20	78	19	[10, 16, 14, 19, 12, 21, 3, 18, 11]	0.04292011260986328
5	25	47	10	[10, 16, 10, 3, 18, 11]	0.0362088680267334
5	1	53	12	[2, 17, 9, 18, 3, 5, 0]	0.04641103744506836
5	5	53	12	[2, 17, 9, 18, 3, 5, 0]	0.05260801315307617
5	10	61	14	[2, 17, 2, 15, 10, 3, 5, 0]	0.052080392837524414
5	15	71	17	[2, 17, 9, 18, 3, 5, 22, 5, 0]	0.04572439193725586
5	20	97	22	[2, 17, 2, 15, 2, 17, 9, 18, 3, 5, 0]	0.041738033294677734
5	25	165	31	[2, 15, 10, 16, 1, 4, 1, 16, 14, 16, 14, 22, 5, 22, 5, 0]	0.046996355056762695
5	1	46	12	[5, 0, 5, 3, 18, 11, 23]	0.045176029205322266
5	5	105	28	[5, 3, 4, 3, 21, 12, 19, 14, 22, 5, 3, 18, 11, 23]	0.05010175704956055
5	10	31	9	[5, 3, 21, 12, 23]	0.05003666877746582
5	15	31	9	[5, 3, 21, 12, 23]	0.04715085029602051
5	20	31	9	[5, 3, 21, 12, 23]	0.039765357971191406
5	25	30	8	[5, 3, 18, 11, 23]	0.04140830039978027
5	1	13	2	[16, 8]	0.02747058868408203
5	5	13	2	[16, 8]	0.026694774627685547
5	10	13	2	[16, 8]	0.03032827377319336
5	15	13	2	[16, 8]	0.021494150161743164
5	20	13	2	[16, 8]	0.03801870346069336
5	25	13	2	[16, 8]	0.031194686889648438
5	1	27	9	[8, 22, 5, 3, 21]	0.03150534629821777
5	5	27	9	[8, 22, 5, 3, 21]	0.03242039680480957
5	10	27	9	[8, 22, 5, 3, 21]	0.029086589813232422
5	15	27	10005	[8, 22, 5, 3, 21]	0.026459455490112305
5	20	69	10013	[8, 16, 1, 4, 3, 10, 3, 21]	0.026137590408325195
5	25	63	10013	[8, 16, 1, 4, 1, 4, 3, 21]	0.02493119239807129
5	1	70	19	[15, 10, 16, 1, 4, 3, 18, 7, 6]	0.09683370590209961
5	5	53	15	[15, 12, 21, 3, 18, 7, 6]	0.08411598205566406
5	10	82	17	[15, 12, 23, 11, 23, 11, 20, 13, 6]	0.07299232482910156
5	15	61	16	[15, 10, 15, 10, 3, 18, 7, 6]	0.061606645584106445
5	20	47	12	[15, 10, 3, 18, 7, 6]	0.07576560974121094
5	25	101	25	[15, 2, 17, 2, 17, 2, 17, 9, 18, 7, 6]	0.06777787208557129
5	1	20	4	[18, 11, 23]	0.0400087833404541
5	5	20	4	[18, 11, 23]	0.03973102569580078
5	10	20	4	[18, 11, 23]	0.04190254211425781
5	15	20	4	[18, 11, 23]	0.03712272644042969
5	20	20	4	[18, 11, 23]	0.03354692459106445
5	25	20	4	[18, 11, 23]	0.03672909736633301
5	1	24	6	[5, 3, 10, 15]	0.03904414176940918
5	5	185	37	[5, 0, 20, 13, 6, 7, 6, 13, 20, 11, 23, 11, 18, 11, 23, 11, 23, 12, 15]	0.03829240798950195
5	10	87	22	[5, 3, 21, 12, 19, 14, 22, 5, 3, 10, 15]	0.046193838119506836
5	15	24	7	[5, 3, 10, 15]	0.04513740539550781
5	20	24	7	[5, 3, 10, 15]	0.04592084884643555
5	25	24	7	[5, 3, 10, 15]	0.03580355644226074
5	1	17	5	[3, 18, 7]	0.04580354690551758
5	5	17	5	[3, 18, 7]	0.03779411315917969
5	10	27	9	[3, 18, 3, 18, 7]	0.03403353691101074
5	15	17	5	[3, 18, 7]	0.04984760284423828
5	20	17	5	[3, 18, 7]	0.04395008087158203
5	25	17	5	[3, 18, 7]	0.033084869384765625
5	1	31	7	[21, 12, 19, 14]	0.07111859321594238
5	5	56	13	[21, 3, 10, 3, 5, 22, 14]	0.045365095138549805
5	10	32	9	[21, 3, 5, 22, 14]	0.05395030975341797
5	15	32	9	[21, 3, 5, 22, 14]	0.0438532829284668
5	20	107	23	[21, 3, 5, 0, 20, 11, 23, 12, 15, 10, 16, 14]	0.05613994598388672
5	25	32	10005	[21, 3, 5, 22, 14]	0.044994354248046875
5	1	42	8	[17, 2, 15, 12, 21]	0.0345003604888916
5	5	52	12	[17, 2, 17, 9, 18, 3, 21]	0.028853654861450195
5	10	83	18	[17, 2, 15, 10, 16, 14, 19, 12, 21]	0.03139352798461914
5	15	42	9	[17, 2, 15, 12, 21]	0.029055118560791016
5	20	42	9	[17, 2, 15, 12, 21]	0.04281187057495117
5	25	42	9	[17, 2, 15, 12, 21]	0.03296494483947754
5	1	23	7	[12, 21, 3, 10]	0.0306546688079834
5	5	51	11	[12, 15, 12, 21, 3, 10]	0.030391693115234375
5	10	23	7	[12, 21, 3, 10]	0.028605937957763672
5	15	21	4	[12, 15, 10]	0.0307309627532959
5	20	46	14	[12, 21, 3, 4, 1, 16, 10]	0.0293121337890625
5	25	21	4	[12, 15, 10]	0.020186185836791992
5	1	19	5	[21, 12, 19]	0.03817582130432129
5	5	19	5	[21, 12, 19]	0.03525805473327637
5	10	19	5	[21, 12, 19]	0.05931687355041504
5	15	19	5	[21, 12, 19]	0.05485343933105469
5	20	19	5	[21, 12, 19]	0.04644918441772461
5	25	277	10068	[21, 3, 4, 3, 18, 3, 5, 3, 5, 0, 20, 13, 6, 7, 6, 13, 20, 11, 23, 11, 20, 0, 5, 3, 18, 7, 18, 3, 4, 1, 16, 14, 19]	0.04410886764526367
5	1	17	5	[21, 3, 10]	0.026967763900756836
5	5	17	5	[21, 3, 10]	0.03016972541809082
5	10	17	5	[21, 3, 10]	0.025220155715942383
5	15	17	6	[21, 3, 10]	0.028486967086791992
5	20	17	6	[21, 3, 10]	0.02979135513305664
5	25	27	10003	[21, 12, 15, 10]	0.03195810317993164
5	1	56	16	[23, 12, 21, 3, 21, 3, 10, 16]	0.05836176872253418
5	5	67	12	[23, 11, 23, 12, 19, 14, 16]	0.05606436729431152
5	10	57	14	[23, 11, 23, 11, 18, 3, 10, 16]	0.047043800354003906
5	15	98	30	[23, 11, 23, 12, 21, 3, 4, 1, 4, 3, 5, 3, 10, 16]	0.04770922660827637
5	20	85	19	[23, 11, 23, 11, 18, 9, 18, 3, 10, 16]	0.045555830001831055
5	25	155	32	[23, 11, 20, 13, 20, 0, 20, 13, 6, 13, 20, 11, 18, 3, 10, 16]	0.054363250732421875
5	1	8	2	[10, 16]	0.012987852096557617
5	5	8	2	[10, 16]	0.01343083381652832
5	10	8	2	[10, 16]	0.01222085952758789
5	15	8	2	[10, 16]	0.011952877044677734
5	20	8	2	[10, 16]	0.01809835433959961
5	25	8	2	[10, 16]	0.011655807495117188
5	1	109	24	[20, 0, 5, 0, 5, 3, 18, 9, 17, 2, 17, 2, 15]	0.051878929138183594
5	5	71	18	[20, 13, 20, 0, 5, 3, 18, 3, 10, 15]	0.056459903717041016
5	10	95	25	[20, 11, 23, 11, 18, 3, 5, 0, 5, 3, 21, 12, 15]	0.04776167869567871
5	15	115	26	[20, 13, 6, 7, 6, 13, 20, 0, 5, 3, 21, 12, 15]	0.04570770263671875
5	20	78	16	[20, 13, 20, 11, 23, 11, 23, 12, 15]	0.04502987861633301
5	25	43	11	[20, 0, 5, 3, 10, 15]	0.041718244552612305
5	1	52	10	[15, 12, 15, 10, 3, 18]	0.025166034698486328
5	5	24	6	[15, 10, 3, 18]	0.02695488929748535
5	10	24	6	[15, 10, 3, 18]	0.02742624282836914
5	15	24	6	[15, 10, 3, 18]	0.02178049087524414
5	20	24	6	[15, 10, 3, 18]	0.024957895278930664
5	25	24	6	[15, 10, 3, 18]	0.02426290512084961
6	1	39	11	[19, 12, 21, 3, 4, 1]	0.05479097366333008
6	5	39	11	[19, 12, 21, 3, 4, 1]	0.04686999320983887
6	10	39	6	[19, 14, 16, 1]	0.048899173736572266
6	15	61	19	[19, 12, 21, 3, 21, 12, 21, 3, 4, 1]	0.044693708419799805
6	20	54	11	[19, 12, 15, 10, 16, 1]	0.05074119567871094
6	25	39	11	[19, 12, 21, 3, 4, 1]	0.05118513107299805
6	1	11	5	[4, 3, 18]	0.02154541015625
6	5	11	5	[4, 3, 18]	0.021377086639404297
6	10	11	5	[4, 3, 18]	0.01634955406188965
6	15	11	5	[4, 3, 18]	0.021226882934570312
6	20	11	5	[4, 3, 18]	0.01743483543395996
6	25	11	5	[4, 3, 18]	0.018065214157104492
6	1	39	11	[13, 20, 0, 5, 3, 4]	0.0445406436920166
6	5	39	11	[13, 20, 0, 5, 3, 4]	0.0444183349609375
6	10	39	11	[13, 20, 0, 5, 3, 4]	0.043334007263183594
6	15	39	11	[13, 20, 0, 5, 3, 4]	0.04203438758850098
6	20	39	13	[13, 20, 0, 5, 3, 4]	0.03668475151062012
6	25	59	17	[13, 20, 11, 23, 11, 18, 3, 4]	0.03419804573059082
6	1	37	6	[9, 18, 7, 6]	0.07001376152038574
6	5	37	6	[9, 18, 7, 6]	0.06767797470092773
6	10	37	8	[9, 18, 7, 6]	0.07176852226257324
6	15	37	8	[9, 18, 7, 6]	0.06849098205566406
6	20	37	8	[9, 18, 7, 6]	0.06678318977355957
6	25	37	9	[9, 18, 7, 6]	0.06712198257446289
6	1	42	8	[17, 2, 15, 12, 21]	0.04273033142089844
6	5	214	46	[17, 9, 18, 11, 20, 0, 5, 22, 8, 16, 1, 16, 8, 22, 5, 0, 5, 3, 4, 1, 4, 3, 21]	0.04415106773376465
6	10	92	19	[17, 2, 15, 12, 19, 14, 19, 12, 21]	0.03715109825134277
6	15	42	9	[17, 2, 15, 12, 21]	0.04239916801452637
6	20	42	9	[17, 2, 15, 12, 21]	0.04990053176879883
6	25	66	10010	[17, 9, 18, 9, 18, 3, 21]	0.03747296333312988
6	1	17	4	[8, 22, 5]	0.021940231323242188
6	5	17	4	[8, 22, 5]	0.019296884536743164
6	10	17	4	[8, 22, 5]	0.021510601043701172
6	15	17	4	[8, 22, 5]	0.02027297019958496
6	20	17	4	[8, 22, 5]	0.01985478401184082
6	25	17	4	[8, 22, 5]	0.027448177337646484
6	1	33	7	[8, 22, 14, 19]	0.0639491081237793
6	5	33	7	[8, 22, 14, 19]	0.05714678764343262
6	10	40	7	[8, 16, 14, 19]	0.04879140853881836
6	15	33	7	[8, 22, 14, 19]	0.05349993705749512
6	20	33	7	[8, 22, 14, 19]	0.055832862854003906
6	25	33	7	[8, 22, 14, 19]	0.05362200736999512
6	1	134	36	[12, 19, 12, 21, 3, 5, 0, 5, 22, 5, 3, 21, 3, 18, 3, 18, 9, 17]	0.0838327407836914
6	5	54	14	[12, 21, 3, 18, 3, 18, 9, 17]	0.08928227424621582
6	10	148	51	[12, 21, 3, 21, 3, 21, 3, 21, 3, 21, 3, 21, 3, 21, 3, 21, 3, 21, 3, 21, 3, 21, 12, 15, 2, 17]	0.1549539566040039
6	15	36	7	[12, 15, 2, 17]	0.17338228225708008
6	20	88	27	[12, 21, 3, 21, 3, 21, 3, 21, 3, 21, 12, 15, 2, 17]	0.16634535789489746
6	25	454	20170	[12, 21, 3, 21, 3, 21, 3, 5, 0, 5, 3, 21, 3, 21, 3, 21, 3, 21, 3, 21, 3, 21, 3, 21, 3, 21, 3, 21, 3, 21, 3, 21, 3, 21, 3, 21, 3, 21, 3, 21, 3, 21, 3, 21, 3, 21, 3, 21, 3, 21, 3, 21, 3, 21, 3, 21, 3, 21, 3, 21, 3, 21, 3, 21, 3, 21, 3, 21, 3, 21, 3, 21, 3, 21, 3, 5, 3, 21, 3, 21, 3, 21, 12, 15, 2, 17]	0.15799856185913086
6	1	15	2	[15, 2]	0.037665367126464844
6	5	15	2	[15, 2]	0.030081987380981445
6	10	15	2	[15, 2]	0.038403987884521484
6	15	15	2	[15, 2]	0.0395660400390625
6	20	15	2	[15, 2]	0.05636954307556152
6	25	15	2	[15, 2]	0.046424150466918945
6	1	27	5	[16, 14, 19]	0.0667731761932373
6	5	27	5	[16, 14, 19]	0.07004356384277344
6	10	27	5	[16, 14, 19]	0.055866241455078125
6	15	27	5	[16, 14, 19]	0.04894423484802246
6	20	27	5	[16, 14, 19]	0.050485849380493164
6	25	27	5	[16, 14, 19]	0.05182814598083496
6	1	24	7	[5, 3, 10, 15]	0.056143999099731445
6	5	34	11	[5, 3, 21, 3, 10, 15]	0.07316899299621582
6	10	40	11	[5, 3, 10, 16, 10, 15]	0.06785106658935547
6	15	30	8	[5, 3, 21, 12, 15]	0.044284820556640625
6	20	78	27	[5, 3, 4, 1, 4, 3, 10, 3, 10, 15]	0.04357481002807617
6	25	151	34	[5, 0, 20, 13, 6, 7, 6, 13, 20, 13, 20, 11, 23, 12, 15]	0.04133176803588867
6	1	27	4	[19, 14, 16]	0.032439231872558594
6	5	27	4	[19, 14, 16]	0.03709125518798828
6	10	27	4	[19, 14, 16]	0.03512406349182129
6	15	27	4	[19, 14, 16]	0.03211045265197754
6	20	27	5	[19, 14, 16]	0.03746843338012695
6	25	27	5	[19, 14, 16]	0.03669118881225586
6	1	15	5	[15, 10, 16]	0.02780318260192871
6	5	15	5	[15, 10, 16]	0.029113054275512695
6	10	15	5	[15, 10, 16]	0.023531436920166016
6	15	15	5	[15, 10, 16]	0.02477550506591797
6	20	15	5	[15, 10, 16]	0.026004791259765625
6	25	15	5	[15, 10, 16]	0.021150588989257812
6	1	37	6	[6, 7, 18, 9]	0.04822134971618652
6	5	37	6	[6, 7, 18, 9]	0.05374264717102051
6	10	503	188	[6, 7, 18, 3, 21, 3, 21, 3, 21, 3, 21, 3, 21, 3, 21, 3, 21, 3, 21, 3, 21, 3, 21, 3, 21, 3, 21, 3, 21, 3, 21, 3, 21, 3, 21, 3, 21, 3, 21, 3, 21, 3, 21, 3, 21, 3, 21, 3, 21, 3, 21, 3, 18, 3, 21, 3, 21, 3, 21, 3, 21, 3, 21, 3, 21, 3, 21, 3, 21, 3, 21, 3, 21, 3, 21, 3, 21, 3, 21, 3, 21, 3, 21, 3, 21, 3, 21, 3, 10, 15, 2, 17, 9]	0.6211912631988525
6	15	1841	722	[6, 7, 18, 3, 21, 3, 21, 3, 21, 3, 21, 3, 21, 3, 21, 3, 21, 3, 21, 3, 21, 3, 21, 3, 21, 3, 21, 3, 21, 3, 21, 3, 21, 3, 21, 3, 21, 3, 21, 3, 21, 3, 21, 3, 21, 3, 21, 3, 21, 3, 21, 3, 21, 3, 21, 3, 21, 3, 21, 3, 5, 3, 21, 3, 21, 3, 21, 3, 21, 3, 21, 3, 21, 3, 21, 3, 21, 3, 4, 3, 21, 3, 21, 3, 21, 3, 21, 3, 21, 3, 21, 3, 21, 3, 21, 3, 21, 3, 21, 3, 21, 3, 21, 3, 21, 3, 21, 3, 21, 3, 21, 3, 21, 3, 21, 3, 21, 3, 21, 3, 21, 3, 21, 3, 21, 3, 21, 3, 21, 3, 21, 3, 21, 3, 21, 3, 21, 3, 21, 3, 21, 3, 21, 3, 21, 12, 21, 3, 21, 3, 21, 3, 21, 3, 21, 3, 21, 3, 21, 3, 21, 3, 21, 3, 21, 12, 21, 3, 21, 3, 21, 3, 21, 3, 21, 3, 21, 3, 21, 3, 21, 3, 21, 3, 21, 3, 21, 3, 21, 3, 21, 3, 21, 3, 21, 3, 21, 3, 21, 3, 21, 3, 21, 3, 21, 3, 21, 3, 21, 3, 21, 3, 21, 3, 21, 3, 21, 3, 21, 3, 21, 3, 21, 3, 21, 3, 21, 3, 21, 3, 21, 3, 21, 3, 21, 3, 21, 3, 21, 3, 21, 3, 21, 3, 21, 3, 21, 3, 21, 12, 21, 3, 21, 3, 21, 3, 21, 3, 21, 3, 21, 3, 21, 3, 21, 3, 21, 3, 21, 3, 21, 3, 21, 3, 21, 3, 21, 3, 21, 3, 21, 3, 21, 3, 21, 3, 21, 3, 21, 3, 21, 3, 21, 3, 21, 3, 21, 3, 21, 3, 21, 3, 21, 3, 21, 3, 21, 3, 21, 3, 21, 3, 21, 3, 21, 3, 21, 3, 21, 3, 21, 3, 21, 3, 21, 3, 21, 3, 21, 3, 21, 3, 21, 3, 21, 3, 21, 3, 21, 3, 21, 3, 21, 3, 18, 3, 21, 3, 21, 3, 21, 3, 21, 3, 10, 15, 2, 17, 9]	0.5477678775787354
6	20	637	245	[6, 7, 18, 3, 21, 3, 4, 3, 4, 3, 21, 3, 21, 3, 21, 3, 21, 3, 21, 3, 21, 3, 21, 3, 21, 3, 21, 3, 21, 3, 21, 3, 21, 3, 21, 3, 21, 3, 21, 3, 21, 3, 21, 3, 21, 3, 21, 3, 21, 3, 21, 3, 21, 3, 21, 3, 5, 3, 21, 3, 21, 3, 21, 3, 21, 3, 21, 3, 21, 3, 21, 3, 21, 3, 21, 3, 21, 3, 21, 3, 21, 3, 21, 3, 21, 3, 21, 3, 21, 3, 21, 3, 21, 3, 21, 3, 21, 3, 21, 3, 21, 3, 21, 3, 21, 3, 21, 3, 21, 3, 21, 3, 21, 3, 10, 15, 2, 17, 9]	0.5883972644805908
6	25	113	33	[6, 7, 18, 3, 21, 3, 21, 3, 21, 3, 10, 15, 2, 17, 9]	0.7612097263336182
6	1	73	16	[9, 18, 3, 18, 7, 18, 3, 10, 16]	0.05180668830871582
6	5	59	16	[9, 18, 3, 18, 3, 21, 3, 10, 16]	0.04973149299621582
6	10	90	27	[9, 18, 3, 5, 0, 5, 22, 5, 3, 4, 1, 16]	0.0567018985748291
6	15	39	9	[9, 18, 3, 10, 16]	0.05193209648132324
6	20	226	51	[9, 18, 7, 6, 13, 6, 13, 20, 11, 23, 11, 23, 12, 21, 12, 19, 14, 19, 14, 22, 8, 16]	0.05531907081604004
6	25	51	12	[9, 17, 2, 15, 10, 16]	0.04290580749511719
6	1	54	14	[12, 21, 3, 18, 3, 18, 9, 17]	0.09450697898864746
6	5	36	6	[12, 15, 2, 17]	0.1001739501953125
6	10	748	293	[12, 21, 3, 21, 3, 21, 3, 21, 3, 21, 3, 21, 3, 21, 3, 21, 3, 21, 3, 21, 3, 21, 3, 21, 3, 21, 3, 21, 3, 21, 3, 21, 3, 21, 3, 21, 3, 21, 3, 21, 3, 21, 3, 21, 3, 21, 3, 21, 3, 21, 3, 21, 3, 21, 3, 21, 3, 21, 3, 21, 3, 21, 3, 21, 3, 21, 3, 21, 3, 18, 3, 21, 3, 21, 3, 21, 3, 21, 3, 21, 3, 21, 3, 21, 3, 21, 3, 21, 3, 21, 3, 21, 3, 21, 3, 21, 3, 21, 3, 21, 3, 21, 3, 21, 3, 21, 3, 21, 3, 21, 3, 21, 3, 21, 3, 21, 3, 21, 3, 21, 3, 21, 3, 21, 3, 21, 3, 21, 3, 21, 3, 5, 3, 21, 3, 21, 3, 21, 3, 21, 3, 21, 12, 15, 2, 17]	0.166093111038208
6	15	162	59	[12, 21, 3, 21, 3, 21, 3, 21, 3, 21, 3, 21, 3, 21, 3, 5, 3, 21, 3, 21, 3, 21, 3, 21, 3, 10, 15, 2, 17]	0.1647341251373291
6	20	284	103	[12, 21, 3, 21, 3, 21, 3, 18, 3, 21, 3, 21, 3, 21, 3, 21, 3, 21, 3, 21, 3, 21, 3, 21, 3, 21, 3, 21, 3, 21, 3, 21, 3, 5, 3, 21, 3, 21, 12, 23, 11, 23, 12, 15, 10, 15, 2, 17]	0.15499401092529297
6	25	549	203	[12, 23, 11, 23, 11, 20, 0, 5, 3, 21, 3, 21, 3, 21, 3, 21, 3, 21, 3, 21, 12, 21, 3, 21, 3, 21, 3, 21, 3, 21, 3, 21, 3, 21, 3, 21, 3, 21, 3, 21, 3, 21, 3, 21, 3, 21, 3, 21, 3, 21, 3, 21, 3, 21, 3, 21, 3, 21, 3, 21, 3, 21, 3, 21, 3, 21, 3, 21, 3, 21, 3, 21, 3, 21, 3, 21, 3, 21, 3, 21, 3, 21, 3, 21, 3, 21, 3, 21, 3, 21, 3, 21, 3, 21, 3, 21, 12, 15, 2, 17]	0.1554417610168457
6	1	33	8	[21, 3, 18, 7, 6]	0.07569384574890137
6	5	43	12	[21, 3, 21, 3, 18, 7, 6]	0.0817880630493164
6	10	77	24	[21, 3, 5, 22, 8, 22, 5, 3, 18, 7, 6]	0.07022762298583984
6	15	69	21	[21, 3, 4, 3, 18, 7, 18, 7, 6]	0.06708621978759766
6	20	33	10	[21, 3, 18, 7, 6]	0.07123470306396484
6	25	33	11	[21, 3, 18, 7, 6]	0.059395551681518555
6	1	68	16	[16, 8, 22, 8, 22, 5, 3, 18, 7]	0.059281349182128906
6	5	52	12	[16, 8, 22, 5, 3, 18, 7]	0.055249929428100586
6	10	37	11	[16, 10, 3, 18, 7]	0.058608293533325195
6	15	68	18	[16, 8, 22, 8, 22, 5, 3, 18, 7]	0.06205296516418457
6	20	53	15	[16, 10, 16, 10, 3, 18, 7]	0.060040950775146484
6	25	101	28	[16, 10, 15, 2, 17, 2, 15, 12, 21, 3, 18, 7]	0.04955482482910156
6	1	28	4	[11, 18, 9]	0.0542299747467041
6	5	28	4	[11, 18, 9]	0.045925140380859375
6	10	989	367	[11, 23, 11, 23, 11, 23, 11, 23, 11, 23, 11, 23, 11, 23, 11, 23, 11, 23, 11, 23, 11, 23, 11, 23, 11, 23, 11, 23, 11, 23, 11, 23, 11, 23, 11, 23, 11, 23, 12, 21, 3, 21, 3, 21, 3, 21, 3, 21, 3, 21, 3, 5, 3, 21, 3, 21, 3, 21, 3, 21, 3, 21, 3, 21, 3, 21, 3, 21, 3, 21, 3, 21, 3, 21, 3, 21, 3, 21, 3, 21, 3, 21, 3, 21, 3, 21, 3, 21, 3, 21, 3, 21, 3, 21, 3, 21, 3, 21, 3, 21, 3, 21, 3, 21, 3, 21, 3, 21, 3, 21, 3, 21, 3, 21, 3, 21, 3, 21, 3, 21, 3, 21, 3, 21, 3, 21, 3, 21, 3, 21, 3, 21, 3, 21, 3, 21, 3, 21, 3, 21, 3, 21, 3, 21, 3, 21, 3, 21, 3, 21, 12, 21, 3, 21, 3, 18, 3, 21, 3, 21, 3, 21, 3, 21, 3, 21, 3, 21, 3, 21, 3, 21, 3, 21, 3, 10, 15, 2, 17, 2, 17, 9]	0.596820592880249
6	15	905	311	[11, 23, 11, 23, 11, 23, 11, 23, 11, 23, 11, 23, 11, 23, 11, 23, 11, 23, 11, 23, 11, 23, 11, 23, 11, 23, 11, 23, 11, 23, 11, 23, 11, 23, 11, 23, 11, 20, 13, 20, 11, 23, 11, 23, 11, 23, 11, 23, 11, 23, 11, 23, 11, 23, 11, 23, 11, 23, 11, 23, 11, 23, 11, 23, 11, 23, 11, 23, 11, 23, 11, 23, 11, 23, 11, 23, 11, 23, 11, 23, 12, 21, 3, 21, 3, 21, 3, 21, 3, 21, 3, 21, 3, 21, 3, 18, 3, 21, 3, 21, 3, 21, 3, 21, 3, 21, 3, 21, 3, 21, 3, 21, 3, 21, 3, 21, 3, 21, 3, 21, 3, 21, 3, 21, 3, 21, 3, 21, 3, 21, 3, 21, 3, 21, 3, 21, 3, 21, 3, 21, 3, 21, 3, 21, 3, 21, 3, 5, 3, 10, 15, 2, 17, 9]	0.624718189239502
6	20	675	258	[11, 23, 11, 23, 11, 23, 11, 23, 11, 23, 11, 23, 11, 23, 11, 23, 11, 23, 11, 23, 11, 23, 11, 23, 11, 23, 11, 23, 11, 23, 11, 23, 11, 23, 12, 21, 3, 21, 3, 21, 12, 21, 3, 21, 3, 21, 3, 21, 3, 21, 3, 21, 3, 21, 3, 21, 3, 21, 3, 21, 3, 21, 3, 21, 3, 21, 3, 21, 3, 21, 3, 21, 3, 21, 12, 21, 3, 21, 3, 21, 3, 21, 3, 21, 3, 21, 3, 21, 3, 21, 3, 21, 3, 21, 3, 21, 3, 21, 12, 21, 3, 21, 3, 21, 3, 21, 3, 21, 3, 21, 3, 21, 3, 21, 3, 10, 15, 2, 17, 9]	0.597031831741333
6	25	1499	10575	[11, 23, 11, 23, 11, 23, 11, 23, 11, 23, 11, 23, 11, 23, 11, 23, 11, 23, 11, 23, 11, 23, 11, 23, 11, 23, 11, 23, 11, 23, 11, 18, 11, 23, 11, 23, 11, 23, 11, 23, 11, 23, 11, 23, 11, 23, 11, 23, 11, 23, 11, 23, 11, 23, 11, 23, 11, 20, 13, 20, 0, 5, 3, 21, 3, 21, 3, 21, 3, 21, 3, 21, 3, 21, 3, 21, 3, 21, 3, 21, 3, 21, 3, 21, 3, 21, 3, 21, 3, 21, 3, 21, 3, 21, 3, 21, 3, 21, 3, 21, 3, 21, 3, 21, 3, 21, 12, 21, 3, 21, 3, 21, 3, 21, 3, 21, 3, 21, 3, 21, 3, 21, 3, 21, 3, 21, 3, 21, 3, 21, 3, 21, 3, 21, 3, 21, 3, 21, 3, 21, 3, 21, 3, 21, 3, 21, 3, 21, 3, 21, 3, 21, 3, 21, 3, 4, 3, 21, 3, 21, 3, 21, 3, 21, 3, 21, 3, 21, 3, 21, 3, 21, 3, 5, 3, 21, 3, 21, 3, 21, 3, 21, 3, 21, 3, 21, 3, 21, 3, 21, 3, 21, 3, 21, 3, 21, 3, 21, 3, 21, 3, 21, 3, 21, 3, 21, 3, 21, 12, 23, 11, 23, 11, 23, 11, 23, 11, 23, 11, 23, 11, 23, 11, 23, 11, 23, 11, 23, 11, 23, 11, 23, 11, 23, 11, 18, 3, 21, 3, 21, 3, 21, 3, 21, 3, 21, 3, 21, 3, 21, 3, 21, 3, 21, 3, 10, 15, 2, 17, 2, 17, 2, 17, 9]	0.6530311107635498
6	1	49	11	[0, 5, 0, 20, 13, 6]	0.06717467308044434
6	5	33	7	[0, 20, 13, 6]	0.07402181625366211
6	10	33	7	[0, 20, 13, 6]	0.06165885925292969
6	15	33	7	[0, 20, 13, 6]	0.06534910202026367
6	20	33	7	[0, 20, 13, 6]	0.06753420829772949
6	25	33	7	[0, 20, 13, 6]	0.059537649154663086
7	1	39	11	[1, 4, 3, 21, 12, 19]	0.12593412399291992
7	5	39	11	[1, 4, 3, 21, 12, 19]	0.12155818939208984
7	10	132	31	[1, 4, 3, 21, 12, 23, 11, 18, 3, 21, 12, 23, 11, 23, 12, 19]	0.1378011703491211
7	15	57	16	[1, 4, 1, 4, 3, 21, 12, 19]	0.12508916854858398
7	20	49	15	[1, 4, 3, 21, 3, 21, 12, 19]	0.12164783477783203
7	25	39	11	[1, 4, 3, 21, 12, 19]	0.11812400817871094
7	1	91	20	[2, 17, 9, 17, 2, 15, 10, 15, 12, 21]	0.07803225517272949
7	5	35	7	[2, 15, 12, 21]	0.09034180641174316
7	10	49	11	[2, 17, 2, 15, 12, 21]	0.07823967933654785
7	15	45	11	[2, 17, 9, 18, 3, 21]	0.07305765151977539
7	20	53	12	[2, 17, 2, 15, 10, 3, 21]	0.07414865493774414
7	25	49	11	[2, 17, 2, 15, 12, 21]	0.07618331909179688
7	1	35	8	[6, 13, 20, 11]	0.08022403717041016
7	5	35	8	[6, 13, 20, 11]	0.07983541488647461
7	10	35	8	[6, 13, 20, 11]	0.07909917831420898
7	15	35	8	[6, 13, 20, 11]	0.07132506370544434
7	20	37	8	[6, 7, 18, 11]	0.1455519199371338
7	25	35	9	[6, 13, 20, 11]	0.0736839771270752
7	1	38	9	[0, 5, 22, 8, 16]	0.10022640228271484
7	5	185	44	[0, 5, 3, 18, 7, 6, 13, 6, 7, 18, 9, 17, 2, 17, 9, 18, 3, 10, 16]	0.11314606666564941
7	10	67	17	[0, 5, 0, 5, 22, 5, 3, 10, 16]	0.09934520721435547
7	15	153	36	[0, 5, 3, 21, 12, 15, 2, 17, 2, 17, 9, 17, 2, 17, 2, 15, 10, 16]	0.09617304801940918
7	20	33	9	[0, 5, 3, 10, 16]	0.10313630104064941
7	25	155	45	[0, 5, 3, 4, 3, 21, 12, 23, 12, 21, 3, 21, 12, 19, 12, 21, 3, 18, 3, 10, 16]	0.09657669067382812
7	1	30	9	[20, 0, 5, 3, 4]	0.08741068840026855
7	5	30	9	[20, 0, 5, 3, 4]	0.08960342407226562
7	10	30	9	[20, 0, 5, 3, 4]	0.07681560516357422
7	15	30	9	[20, 0, 5, 3, 4]	0.08335518836975098
7	20	30	9	[20, 0, 5, 3, 4]	0.08171820640563965
7	25	30	10	[20, 0, 5, 3, 4]	0.0800623893737793
7	1	28	6	[22, 5, 0, 20]	0.11476659774780273
7	5	28	6	[22, 5, 0, 20]	0.11993670463562012
7	10	28	6	[22, 5, 0, 20]	0.10808134078979492
7	15	28	6	[22, 5, 0, 20]	0.11081075668334961
7	20	126	36	[22, 14, 16, 10, 15, 12, 21, 3, 18, 7, 18, 3, 5, 0, 20]	0.11516046524047852
7	25	28	6	[22, 5, 0, 20]	0.09543228149414062
7	1	40	8	[17, 9, 18, 7]	0.12147998809814453
7	5	40	8	[17, 9, 18, 7]	0.132049560546875
7	10	143	36	[17, 2, 15, 10, 16, 8, 22, 8, 22, 5, 0, 20, 0, 5, 3, 18, 7]	0.11326146125793457
7	15	96	18	[17, 9, 17, 9, 18, 9, 18, 7]	0.12201976776123047
7	20	189	44	[17, 2, 15, 10, 16, 1, 16, 14, 22, 5, 22, 8, 16, 10, 15, 10, 3, 18, 3, 18, 7]	0.12246394157409668
7	25	40	8	[17, 9, 18, 7]	0.11571741104125977
7	1	45	11	[21, 3, 18, 9, 17, 2]	0.17005681991577148
7	5	293	82	[21, 3, 4, 1, 4, 3, 18, 3, 5, 0, 5, 3, 18, 11, 23, 11, 23, 11, 23, 11, 23, 11, 18, 7, 6, 13, 20, 13, 6, 7, 18, 3, 4, 3, 10, 15, 2]	0.18015384674072266
7	10	79	24	[21, 3, 4, 1, 4, 3, 5, 3, 10, 15, 2]	0.15874242782592773
7	15	84	18	[21, 3, 18, 3, 18, 11, 23, 12, 15, 2]	0.14884352684020996
7	20	55	14	[21, 3, 18, 3, 21, 12, 15, 2]	0.1658027172088623
7	25	35	6	[21, 12, 15, 2]	0.1674785614013672
7	1	18	7	[0, 5, 3, 21]	0.05840754508972168
7	5	34	11	[0, 5, 0, 5, 3, 21]	0.05802345275878906
7	10	18	7	[0, 5, 3, 21]	0.05778980255126953
7	15	18	7	[0, 5, 3, 21]	0.049303531646728516
7	20	18	7	[0, 5, 3, 21]	0.05569887161254883
7	25	18	7	[0, 5, 3, 21]	0.059590816497802734
7	1	29	11	[19, 12, 21, 3, 5]	0.07062602043151855
7	5	29	11	[19, 12, 21, 3, 5]	0.06049346923828125
7	10	29	11	[19, 12, 21, 3, 5]	0.06877517700195312
7	15	29	11	[19, 12, 21, 3, 5]	0.05752706527709961
7	20	29	11	[19, 12, 21, 3, 5]	0.059417009353637695
7	25	29	11	[19, 12, 21, 3, 5]	0.06915140151977539
7	1	5	2	[3, 21]	0.03264307975769043
7	5	5	2	[3, 21]	0.029375076293945312
7	10	5	2	[3, 21]	0.035092830657958984
7	15	5	2	[3, 21]	0.030088186264038086
7	20	5	2	[3, 21]	0.03195548057556152
7	25	5	2	[3, 21]	0.0362544059753418
7	1	14	2	[18, 11]	0.06896734237670898
7	5	14	2	[18, 11]	0.06215834617614746
7	10	14	2	[18, 11]	0.06658935546875
7	15	14	2	[18, 11]	0.05648326873779297
7	20	14	2	[18, 11]	0.06432437896728516
7	25	14	2	[18, 11]	0.06867456436157227
7	1	11	5	[5, 3, 4]	0.05980563163757324
7	5	131	30	[5, 0, 20, 11, 23, 11, 23, 12, 19, 14, 16, 10, 3, 4]	0.051663875579833984
7	10	11	5	[5, 3, 4]	0.05953216552734375
7	15	11	5	[5, 3, 4]	0.0527949333190918
7	20	11	5	[5, 3, 4]	0.04954671859741211
7	25	11	5	[5, 3, 4]	0.05117917060852051
7	1	19	4	[15, 10, 3]	0.04579782485961914
7	5	19	4	[15, 10, 3]	0.045740365982055664
7	10	19	4	[15, 10, 3]	0.039922237396240234
7	15	19	4	[15, 10, 3]	0.039876461029052734
7	20	19	4	[15, 10, 3]	0.04232192039489746
7	25	19	4	[15, 10, 3]	0.04411816596984863
7	1	25	7	[0, 5, 3, 10]	0.07895350456237793
7	5	25	7	[0, 5, 3, 10]	0.08206939697265625
7	10	25	7	[0, 5, 3, 10]	0.08205652236938477
7	15	41	11	[0, 5, 0, 5, 3, 10]	0.07891201972961426
7	20	25	7	[0, 5, 3, 10]	0.07093095779418945
7	25	25	7	[0, 5, 3, 10]	0.09841275215148926
7	1	13	2	[13, 6]	0.06319069862365723
7	5	13	2	[13, 6]	0.0694572925567627
7	10	13	2	[13, 6]	0.05835580825805664
7	15	13	2	[13, 6]	0.053853750228881836
7	20	13	2	[13, 6]	0.051840782165527344
7	25	13	2	[13, 6]	0.05304265022277832
7	1	15	2	[12, 23]	0.09585380554199219
7	5	15	2	[12, 23]	0.07636094093322754
7	10	15	2	[12, 23]	0.07297635078430176
7	15	15	2	[12, 23]	0.07264447212219238
7	20	15	2	[12, 23]	0.07155609130859375
7	25	15	2	[12, 23]	0.06603217124938965
7	1	28	6	[20, 0, 5, 22]	0.08721280097961426
7	5	28	6	[20, 0, 5, 22]	0.08998346328735352
7	10	28	6	[20, 0, 5, 22]	0.07851529121398926
7	15	28	6	[20, 0, 5, 22]	0.07311367988586426
7	20	28	6	[20, 0, 5, 22]	0.0703577995300293
7	25	28	7	[20, 0, 5, 22]	0.07851386070251465
7	1	29	9	[5, 3, 21, 12, 19]	0.12385058403015137
7	5	29	9	[5, 3, 21, 12, 19]	0.13434243202209473
7	10	61	17	[5, 3, 5, 3, 10, 15, 12, 19]	0.11036348342895508
7	15	29	9	[5, 3, 21, 12, 19]	0.11396145820617676
7	20	50	13	[5, 22, 8, 22, 14, 19]	0.1091318130493164
7	25	83	21	[5, 3, 21, 12, 23, 11, 23, 11, 23, 12, 19]	0.12014603614807129
7	1	31	10	[22, 5, 3, 18, 7]	0.12213444709777832
7	5	136	36	[22, 8, 16, 1, 4, 1, 16, 10, 16, 10, 15, 12, 21, 3, 18, 7]	0.1318819522857666
7	10	31	10	[22, 5, 3, 18, 7]	0.12348198890686035
7	15	31	10	[22, 5, 3, 18, 7]	0.11934089660644531
7	20	254	59	[22, 8, 16, 10, 15, 12, 15, 2, 17, 2, 17, 2, 17, 9, 17, 2, 15, 10, 16, 1, 16, 10, 15, 10, 3, 18, 7]	0.11846685409545898
7	25	31	10	[22, 5, 3, 18, 7]	0.10443663597106934
8	1	38	8	[5, 0, 20, 11, 23]	0.5878047943115234
8	5	81	20	[5, 3, 21, 12, 19, 14, 19, 12, 23]	0.6570823192596436
8	10	121	37	[5, 3, 21, 3, 18, 3, 5, 22, 8, 22, 14, 22, 5, 3, 21, 12, 23]	0.5158419609069824
8	15	31	10	[5, 3, 21, 12, 23]	0.505711555480957
8	20	100	23	[5, 3, 18, 9, 17, 2, 17, 9, 18, 11, 23]	0.4885575771331787
8	25	31	10	[5, 3, 21, 12, 23]	0.5845165252685547
8	1	81	18	[13, 20, 0, 5, 22, 8, 22, 14, 16]	0.6118485927581787
8	5	65	19	[13, 20, 0, 5, 3, 4, 3, 10, 16]	0.5668988227844238
8	10	58	14	[13, 20, 0, 5, 22, 8, 16]	0.48592138290405273
8	15	135	28	[13, 20, 11, 23, 11, 23, 11, 18, 11, 23, 12, 19, 14, 16]	0.51481032371521
8	20	123	30	[13, 6, 7, 18, 7, 18, 3, 18, 9, 18, 3, 10, 16]	0.513124942779541
8	25	70	21	[13, 20, 0, 5, 3, 18, 3, 4, 1, 16]	0.4686441421508789
8	1	11	5	[3, 21, 12]	0.24363112449645996
8	5	11	5	[3, 21, 12]	0.2632145881652832
8	10	11	5	[3, 21, 12]	0.25826406478881836
8	15	21	10	[3, 21, 3, 21, 12]	0.2507290840148926
8	20	11	5	[3, 21, 12]	0.22079920768737793
8	25	11	5	[3, 21, 12]	0.22229599952697754
8	1	5	2	[3, 21]	0.14167261123657227
8	5	5	2	[3, 21]	0.12125825881958008
8	10	5	2	[3, 21]	0.1408069133758545
8	15	5	2	[3, 21]	0.1362149715423584
8	20	5	2	[3, 21]	0.11836600303649902
8	25	5	2	[3, 21]	0.14105892181396484
8	1	32	9	[16, 1, 4, 3, 21]	0.3408360481262207
8	5	25	6	[16, 10, 3, 21]	0.3044416904449463
8	10	32	9	[16, 1, 4, 3, 21]	0.36310338973999023
8	15	46	9	[16, 14, 19, 12, 21]	0.2908451557159424
8	20	40	12	[16, 8, 22, 5, 3, 21]	0.26580309867858887
8	25	25	7	[16, 10, 3, 21]	0.297041654586792
8	1	81	20	[3, 5, 22, 8, 22, 8, 16, 10, 15, 2]	0.7670247554779053
8	5	50	14	[3, 5, 3, 21, 12, 15, 2]	0.7917931079864502
8	10	40	9	[3, 21, 12, 15, 2]	0.7787270545959473
8	15	46	11	[3, 4, 3, 10, 15, 2]	0.7888095378875732
8	20	40	9	[3, 21, 12, 15, 2]	0.7820487022399902
8	25	60	16	[3, 5, 0, 5, 3, 10, 15, 2]	0.7630572319030762
8	1	91	27	[10, 16, 1, 4, 1, 4, 3, 5, 3, 18, 7, 6]	0.7992210388183594
8	5	40	10	[10, 3, 18, 7, 6]	0.8277566432952881
8	10	78	19	[10, 15, 10, 3, 10, 3, 18, 7, 6]	0.8609557151794434
8	15	94	21	[10, 15, 2, 17, 2, 17, 9, 18, 7, 6]	0.8351929187774658
8	20	129	31	[10, 16, 1, 4, 1, 16, 14, 19, 12, 21, 3, 18, 7, 6]	0.7343719005584717
8	25	181	45	[10, 15, 2, 17, 2, 17, 2, 17, 2, 15, 10, 3, 10, 16, 8, 22, 5, 3, 18, 7, 6]	0.7675421237945557
8	1	28	9	[1, 4, 3, 5, 0]	0.3764820098876953
8	5	28	9	[1, 4, 3, 5, 0]	0.41062378883361816
8	10	28	9	[1, 4, 3, 5, 0]	0.3986983299255371
8	15	56	18	[1, 4, 1, 4, 3, 18, 3, 5, 0]	0.45101022720336914
8	20	28	10	[1, 4, 3, 5, 0]	0.394014835357666
8	25	28	10	[1, 4, 3, 5, 0]	0.44048595428466797
8	1	30	7	[23, 11, 20, 0]	0.466855525970459
8	5	30	7	[23, 11, 20, 0]	0.448012113571167
8	10	48	13	[23, 11, 20, 13, 20, 0]	0.4521472454071045
8	15	30	7	[23, 11, 20, 0]	0.45189762115478516
8	20	60	21	[23, 11, 18, 3, 21, 12, 21, 3, 5, 0]	0.38646936416625977
8	25	30	7	[23, 11, 20, 0]	0.3700871467590332
8	1	20	5	[13, 20, 0]	0.22466731071472168
8	5	20	5	[13, 20, 0]	0.23119044303894043
8	10	20	5	[13, 20, 0]	0.22070670127868652
8	15	20	5	[13, 20, 0]	0.24246454238891602
8	20	20	5	[13, 20, 0]	0.23492121696472168
8	25	20	5	[13, 20, 0]	0.26364755630493164
8	1	21	4	[9, 17, 2]	0.3695049285888672
8	5	21	4	[9, 17, 2]	0.366894006729126
8	10	21	5	[9, 17, 2]	0.35868096351623535
8	15	21	5	[9, 17, 2]	0.35654497146606445
8	20	21	5	[9, 17, 2]	0.35907721519470215
8	25	711	198	[9, 18, 3, 5, 22, 14, 16, 10, 16, 1, 4, 3, 18, 3, 21, 3, 4, 1, 16, 8, 22, 8, 22, 5, 3, 21, 12, 19, 12, 21, 3, 5, 0, 20, 11, 23, 12, 23, 11, 23, 11, 18, 3, 18, 11, 23, 11, 20, 13, 6, 7, 18, 3, 4, 3, 10, 15, 12, 15, 10, 3, 21, 12, 21, 3, 18, 7, 6, 13, 20, 13, 20, 0, 5, 3, 5, 22, 8, 16, 10, 15, 2]	0.3830695152282715
8	1	55	13	[6, 7, 18, 3, 5, 22, 14]	0.5852944850921631
8	5	65	17	[6, 7, 18, 3, 18, 3, 5, 22, 14]	0.662060022354126
8	10	91	27	[6, 7, 18, 3, 21, 3, 18, 3, 5, 0, 5, 22, 14]	0.6863579750061035
8	15	96	25	[6, 7, 18, 3, 18, 3, 4, 1, 16, 10, 16, 14]	0.7419538497924805
8	20	70	17	[6, 7, 18, 3, 4, 1, 16, 14]	0.5994393825531006
8	25	73	20	[6, 13, 20, 0, 5, 3, 5, 22, 14]	0.5463824272155762
8	1	21	4	[11, 23, 12]	0.27074718475341797
8	5	21	4	[11, 23, 12]	0.23146891593933105
8	10	21	4	[11, 23, 12]	0.2665860652923584
8	15	21	4	[11, 23, 12]	0.2344350814819336
8	20	21	4	[11, 23, 12]	0.22870373725891113
8	25	21	4	[11, 23, 12]	0.2391960620880127
8	1	154	29	[16, 14, 19, 14, 22, 5, 0, 20, 11, 18, 11, 23, 11, 23, 12]	0.3476579189300537
8	5	40	7	[16, 14, 19, 12]	0.33875560760498047
8	10	29	6	[16, 10, 15, 12]	0.317612886428833
8	15	29	6	[16, 10, 15, 12]	0.3181595802307129
8	20	89	21	[16, 8, 22, 5, 22, 8, 16, 10, 15, 12]	0.3203277587890625
8	25	31	10	[16, 10, 3, 21, 12]	0.3248119354248047
8	1	25	4	[19, 14, 22]	0.32273268699645996
8	5	25	4	[19, 14, 22]	0.3355562686920166
8	10	25	4	[19, 14, 22]	0.27765440940856934
8	15	25	4	[19, 14, 22]	0.3114020824432373
8	20	25	4	[19, 14, 22]	0.28583264350891113
8	25	25	4	[19, 14, 22]	0.34049367904663086
8	1	13	4	[3, 5, 0]	0.35805249214172363
8	5	13	4	[3, 5, 0]	0.32692432403564453
8	10	13	4	[3, 5, 0]	0.32027435302734375
8	15	13	4	[3, 5, 0]	0.2959918975830078
8	20	13	5	[3, 5, 0]	0.30483126640319824
8	25	13	5	[3, 5, 0]	0.30371594429016113
8	1	30	6	[0, 5, 22, 14]	0.5166590213775635
8	5	30	6	[0, 5, 22, 14]	0.4490203857421875
8	10	70	14	[0, 20, 0, 5, 22, 5, 22, 14]	0.4910733699798584
8	15	30	6	[0, 5, 22, 14]	0.48996543884277344
8	20	30	6	[0, 5, 22, 14]	0.47458457946777344
8	25	30	6	[0, 5, 22, 14]	0.4431321620941162
8	1	20	5	[0, 20, 13]	0.41370368003845215
8	5	20	5	[0, 20, 13]	0.47738122940063477
8	10	20	5	[0, 20, 13]	0.4898674488067627
8	15	20	5	[0, 20, 13]	0.5074844360351562
8	20	20	5	[0, 20, 13]	0.4942746162414551
8	25	20	5	[0, 20, 13]	0.48107481002807617
8	1	26	5	[7, 18, 11]	0.3852217197418213
8	5	26	5	[7, 18, 11]	0.40399885177612305
8	10	26	5	[7, 18, 11]	0.358701229095459
8	15	26	5	[7, 18, 11]	0.4166536331176758
8	20	50	11	[7, 18, 7, 18, 11]	0.3789787292480469
8	25	26	5	[7, 18, 11]	0.35958433151245117
8	1	106	26	[9, 18, 3, 18, 3, 10, 16, 10, 15, 10, 16, 14, 19]	0.5786514282226562
8	5	43	12	[9, 18, 3, 21, 12, 19]	0.5754060745239258
8	10	193	48	[9, 18, 3, 10, 16, 10, 15, 2, 17, 2, 17, 9, 18, 7, 6, 7, 18, 3, 21, 12, 19]	0.5726940631866455
8	15	58	14	[9, 18, 3, 5, 22, 14, 19]	0.6071200370788574
8	20	43	13	[9, 18, 3, 21, 12, 19]	0.5752298831939697
8	25	43	13	[9, 18, 3, 21, 12, 19]	0.5533573627471924
9	1	50	11	[13, 20, 0, 5, 22, 14]	1.4048056602478027
9	5	176	41	[13, 20, 0, 5, 3, 21, 3, 18, 9, 17, 2, 15, 12, 19, 12, 21, 3, 5, 22, 14]	1.4388561248779297
9	10	212	49	[13, 20, 11, 18, 3, 18, 9, 17, 2, 15, 10, 15, 2, 15, 10, 3, 18, 3, 5, 0, 5, 22, 14]	1.5693120956420898
9	15	76	16	[13, 20, 11, 20, 0, 5, 22, 14]	1.5274219512939453
9	20	120	36	[13, 20, 0, 5, 3, 21, 3, 18, 3, 4, 3, 21, 12, 15, 10, 16, 14]	1.3069989681243896
9	25	137	40	[13, 20, 0, 5, 3, 10, 3, 4, 3, 21, 12, 21, 3, 18, 3, 21, 12, 19, 14]	1.5105328559875488
9	1	37	9	[13, 20, 0, 5, 22]	1.0277600288391113
9	5	37	9	[13, 20, 0, 5, 22]	0.9544126987457275
9	10	37	9	[13, 20, 0, 5, 22]	0.9933040142059326
9	15	37	9	[13, 20, 0, 5, 22]	1.1606433391571045
9	20	37	9	[13, 20, 0, 5, 22]	0.9745514392852783
9	25	37	10	[13, 20, 0, 5, 22]	1.2409470081329346
9	1	40	10	[20, 11, 23, 12, 21]	0.9341740608215332
9	5	29	8	[20, 0, 5, 3, 21]	0.7727243900299072
9	10	29	8	[20, 0, 5, 3, 21]	0.8658146858215332
9	15	268	60	[20, 11, 23, 12, 15, 10, 15, 2, 17, 2, 15, 10, 16, 14, 22, 14, 19, 14, 16, 8, 22, 8, 16, 10, 3, 21]	0.7527315616607666
9	20	29	9	[20, 0, 5, 3, 21]	0.6965506076812744
9	25	29	10	[20, 0, 5, 3, 21]	0.7312359809875488
9	1	46	11	[9, 18, 3, 5, 22, 14]	1.5012569427490234
9	5	56	15	[9, 18, 3, 21, 3, 5, 22, 14]	1.469287395477295
9	10	46	11	[9, 18, 3, 5, 22, 14]	1.3816509246826172
9	15	56	15	[9, 18, 3, 18, 3, 5, 22, 14]	1.3436439037322998
9	20	98	25	[9, 17, 2, 17, 9, 18, 3, 21, 3, 5, 22, 14]	1.4544506072998047
9	25	87	25	[9, 18, 3, 18, 3, 4, 3, 21, 3, 21, 12, 19, 14]	1.3347597122192383
9	1	28	6	[22, 5, 0, 20]	1.1521780490875244
9	5	121	29	[22, 14, 19, 12, 21, 3, 18, 3, 4, 1, 4, 3, 18, 11, 20]	1.126164197921753
9	10	28	6	[22, 5, 0, 20]	1.1135385036468506
9	15	28	6	[22, 5, 0, 20]	1.0536115169525146
9	20	28	6	[22, 5, 0, 20]	1.113255262374878
9	25	28	8	[22, 5, 0, 20]	1.1885933876037598
9	1	29	8	[20, 0, 5, 3, 21]	0.8688178062438965
9	5	29	8	[20, 0, 5, 3, 21]	0.8675804138183594
9	10	29	8	[20, 0, 5, 3, 21]	0.936988353729248
9	15	29	8	[20, 0, 5, 3, 21]	0.6766936779022217
9	20	29	9	[20, 0, 5, 3, 21]	0.6914668083190918
9	25	29	10	[20, 0, 5, 3, 21]	0.7198770046234131
9	1	35	9	[6, 13, 20, 11]	0.7925622463226318
9	5	35	9	[6, 13, 20, 11]	0.9016833305358887
9	10	81	19	[6, 13, 20, 13, 6, 7, 18, 11]	0.8334760665893555
9	15	37	8	[6, 7, 18, 11]	0.8570289611816406
9	20	35	9	[6, 13, 20, 11]	0.7567498683929443
9	25	37	9	[6, 7, 18, 11]	0.7266108989715576
9	1	19	4	[21, 12, 19]	0.9238078594207764
9	5	19	4	[21, 12, 19]	0.9784653186798096
9	10	19	5	[21, 12, 19]	0.9705634117126465
9	15	19	5	[21, 12, 19]	0.9776008129119873
9	20	19	5	[21, 12, 19]	0.9436635971069336
9	25	19	5	[21, 12, 19]	0.9263639450073242
9	1	51	14	[22, 5, 3, 4, 3, 21, 12, 15]	1.1865878105163574
9	5	39	10	[22, 5, 3, 21, 12, 15]	1.1531529426574707
9	10	57	14	[22, 5, 22, 5, 3, 21, 12, 15]	1.0688049793243408
9	15	36	8	[22, 8, 16, 10, 15]	1.024764060974121
9	20	33	9	[22, 5, 3, 10, 15]	1.0333776473999023
9	25	65	21	[22, 5, 0, 5, 3, 18, 3, 21, 12, 15]	0.9296965599060059
9	1	100	22	[16, 8, 22, 14, 16, 10, 15, 10, 3, 18, 7]	1.2081775665283203
9	5	37	9	[16, 10, 3, 18, 7]	1.3573131561279297
9	10	68	17	[16, 14, 19, 12, 21, 3, 18, 7]	1.2099905014038086
9	15	37	9	[16, 10, 3, 18, 7]	1.2573189735412598
9	20	37	9	[16, 10, 3, 18, 7]	1.3508992195129395
9	25	37	9	[16, 10, 3, 18, 7]	1.1056289672851562
9	1	30	8	[9, 18, 3, 21, 12]	0.7646908760070801
9	5	30	8	[9, 18, 3, 21, 12]	0.7866866588592529
9	10	30	8	[9, 18, 3, 21, 12]	0.8283748626708984
9	15	30	8	[9, 18, 3, 21, 12]	0.8875195980072021
9	20	30	8	[9, 18, 3, 21, 12]	0.7660396099090576
9	25	30	8	[9, 18, 3, 21, 12]	0.7537765502929688
9	1	25	7	[23, 11, 18, 3]	0.5119109153747559
9	5	25	7	[23, 11, 18, 3]	0.44899630546569824
9	10	26	7	[23, 12, 21, 3]	0.4897022247314453
9	15	25	7	[23, 11, 18, 3]	0.5574650764465332
9	20	25	7	[23, 11, 18, 3]	0.49967527389526367
9	25	25	7	[23, 11, 18, 3]	0.4364144802093506
9	1	163	33	[16, 14, 19, 12, 23, 11, 20, 11, 23, 12, 19, 14, 22, 5, 0]	1.0688560009002686
9	5	33	9	[16, 10, 3, 5, 0]	1.050948143005371
9	10	33	9	[16, 10, 3, 5, 0]	1.0593235492706299
9	15	33	9	[16, 10, 3, 5, 0]	1.123957633972168
9	20	33	9	[16, 10, 3, 5, 0]	0.9318277835845947
9	25	374	98	[16, 10, 15, 10, 3, 10, 15, 10, 16, 1, 4, 3, 18, 3, 4, 1, 4, 3, 10, 15, 10, 3, 21, 3, 18, 3, 21, 3, 18, 3, 21, 12, 19, 14, 19, 12, 21, 3, 18, 11, 18, 7, 6, 13, 20, 0]	1.7446424961090088
9	1	16	6	[18, 3, 21, 12]	0.7876968383789062
9	5	16	6	[18, 3, 21, 12]	0.7635526657104492
9	10	16	6	[18, 3, 21, 12]	0.6132042407989502
9	15	16	6	[18, 3, 21, 12]	0.7040774822235107
9	20	16	6	[18, 3, 21, 12]	0.6714732646942139
9	25	16	6	[18, 3, 21, 12]	0.6922588348388672
9	1	5	2	[3, 21]	0.37336087226867676
9	5	5	2	[3, 21]	0.3437225818634033
9	10	5	2	[3, 21]	0.3400423526763916
9	15	5	2	[3, 21]	0.28460025787353516
9	20	5	2	[3, 21]	0.33336687088012695
9	25	5	2	[3, 21]	0.2641911506652832
9	1	15	3	[2, 15]	0.32213854789733887
9	5	15	3	[2, 15]	0.24856948852539062
9	10	15	3	[2, 15]	0.25012731552124023
9	15	15	4	[2, 15]	0.28949952125549316
9	20	15	4	[2, 15]	0.2575504779815674
9	25	15	4	[2, 15]	0.2521679401397705
9	1	84	18	[21, 12, 19, 12, 21, 3, 18, 11, 20, 13]	1.9536042213439941
9	5	38	11	[21, 3, 5, 0, 20, 13]	1.8164129257202148
9	10	38	11	[21, 3, 5, 0, 20, 13]	1.8099336624145508
9	15	46	10	[21, 3, 18, 11, 20, 13]	1.6852784156799316
9	20	48	15	[21, 3, 18, 3, 5, 0, 20, 13]	1.6454579830169678
9	25	66	21	[21, 3, 18, 3, 21, 3, 18, 7, 6, 13]	2.107903003692627
9	1	115	35	[4, 3, 21, 3, 18, 3, 5, 3, 21, 12, 21, 3, 4, 1, 16, 10, 15, 2]	1.808244228363037
9	5	190	47	[4, 3, 21, 3, 18, 11, 23, 11, 20, 13, 20, 0, 20, 13, 6, 7, 18, 3, 21, 12, 15, 2]	1.9279849529266357
9	10	51	10	[4, 1, 16, 10, 15, 2]	1.7237634658813477
9	15	102	23	[4, 3, 5, 22, 14, 19, 14, 16, 10, 15, 2]	1.796325445175171
9	20	56	14	[4, 3, 18, 3, 21, 12, 15, 2]	1.7431495189666748
9	25	46	10	[4, 3, 21, 12, 15, 2]	1.4400184154510498
9	1	20	4	[1, 16, 10]	0.563046932220459
9	5	20	4	[1, 16, 10]	0.634197473526001
9	10	20	4	[1, 16, 10]	0.644688606262207
9	15	20	4	[1, 16, 10]	0.5532956123352051
9	20	20	4	[1, 16, 10]	0.5630781650543213
9	25	20	4	[1, 16, 10]	0.47367048263549805
9	1	107	30	[18, 3, 21, 3, 21, 12, 23, 11, 18, 3, 18, 7, 6, 13]	1.852729320526123
9	5	48	15	[18, 3, 21, 3, 5, 0, 20, 13]	1.6802470684051514
9	10	38	11	[18, 3, 5, 0, 20, 13]	1.910081148147583
9	15	120	27	[18, 3, 18, 9, 17, 9, 18, 3, 5, 0, 5, 0, 20, 13]	1.7267284393310547
9	20	38	11	[18, 3, 5, 0, 20, 13]	1.6422362327575684
9	25	96	33	[18, 3, 21, 3, 18, 3, 21, 3, 18, 3, 21, 3, 18, 7, 6, 13]	2.078768253326416
10	1	21	4	[16, 1, 4]	5.243698358535767
10	5	21	4	[16, 1, 4]	5.306410074234009
10	10	21	4	[16, 1, 4]	4.486490488052368
10	15	21	4	[16, 1, 4]	4.866004467010498
10	20	21	4	[16, 1, 4]	4.425462007522583
10	25	21	4	[16, 1, 4]	4.405172109603882
10	1	97	25	[16, 10, 16, 8, 22, 8, 22, 5, 0, 5, 0, 20]	9.925978899002075
10	5	44	11	[16, 10, 3, 5, 0, 20]	10.321908473968506
10	10	58	16	[16, 10, 15, 10, 3, 5, 0, 20]	9.728315114974976
10	15	79	21	[16, 10, 15, 10, 16, 8, 22, 5, 0, 20]	9.865943193435669
10	20	65	15	[16, 8, 22, 5, 0, 5, 0, 20]	9.943750143051147
10	25	85	21	[16, 8, 22, 14, 22, 5, 3, 5, 0, 20]	8.80709433555603
10	1	32	9	[4, 3, 21, 12, 23]	8.282063722610474
10	5	32	9	[4, 3, 21, 12, 23]	8.652333974838257
10	10	32	9	[4, 3, 21, 12, 23]	8.308599472045898
10	15	32	9	[4, 3, 21, 12, 23]	7.986398696899414
10	20	31	10	[4, 3, 18, 11, 23]	8.448233842849731
10	25	32	9	[4, 3, 21, 12, 23]	7.673769950866699
10	1	23	6	[12, 21, 3, 10]	5.786539316177368
10	5	21	4	[12, 15, 10]	5.272092580795288
10	10	33	10	[12, 21, 3, 21, 3, 10]	5.1152024269104
10	15	23	6	[12, 21, 3, 10]	4.9998250007629395
10	20	23	6	[12, 21, 3, 10]	5.093441963195801
10	25	21	4	[12, 15, 10]	4.482900857925415
10	1	23	4	[6, 7, 18]	2.5924599170684814
10	5	45	8	[6, 7, 6, 7, 18]	2.73169207572937
10	10	23	4	[6, 7, 18]	2.3637993335723877
10	15	23	5	[6, 7, 18]	2.270735502243042
10	20	23	5	[6, 7, 18]	2.6244730949401855
10	25	23	5	[6, 7, 18]	2.221850633621216
10	1	29	9	[20, 0, 5, 3, 21]	5.061021089553833
10	5	47	14	[20, 13, 20, 0, 5, 3, 21]	5.308905124664307
10	10	29	9	[20, 0, 5, 3, 21]	5.147477388381958
10	15	29	9	[20, 0, 5, 3, 21]	4.727975606918335
10	20	29	9	[20, 0, 5, 3, 21]	5.007999658584595
10	25	29	9	[20, 0, 5, 3, 21]	4.722173690795898
10	1	98	22	[2, 17, 2, 15, 2, 17, 9, 18, 3, 5, 22]	7.563608646392822
10	5	98	21	[2, 15, 2, 17, 2, 15, 12, 21, 3, 5, 22]	8.020984172821045
10	10	65	17	[2, 17, 2, 15, 10, 16, 8, 22]	7.601626873016357
10	15	106	25	[2, 15, 10, 15, 2, 17, 2, 15, 10, 3, 5, 22]	8.576207399368286
10	20	54	13	[2, 17, 9, 18, 3, 5, 22]	7.560614585876465
10	25	82	18	[2, 17, 9, 18, 9, 18, 3, 5, 22]	8.001345157623291
10	1	19	5	[21, 12, 19]	7.807244777679443
10	5	19	5	[21, 12, 19]	8.160818815231323
10	10	19	5	[21, 12, 19]	7.4815897941589355
10	15	19	5	[21, 12, 19]	7.0587005615234375
10	20	19	5	[21, 12, 19]	7.357043027877808
10	25	19	5	[21, 12, 19]	6.819815397262573
10	1	9	2	[5, 22]	3.0819571018218994
10	5	9	2	[5, 22]	3.1134250164031982
10	10	9	2	[5, 22]	3.0927422046661377
10	15	9	2	[5, 22]	2.8577749729156494
10	20	9	2	[5, 22]	2.8499011993408203
10	25	9	2	[5, 22]	2.7911994457244873
10	1	70	19	[1, 4, 1, 4, 1, 4, 3, 18, 9]	9.309952735900879
10	5	34	9	[1, 4, 3, 18, 9]	9.19583535194397
10	10	34	9	[1, 4, 3, 18, 9]	8.691960096359253
10	15	46	14	[1, 4, 3, 4, 3, 18, 9]	8.563477516174316
10	20	34	10	[1, 4, 3, 18, 9]	9.349947452545166
10	25	34	10	[1, 4, 3, 18, 9]	7.7689714431762695
10	1	131	33	[8, 22, 5, 3, 18, 9, 17, 2, 17, 2, 17, 9, 18, 11, 23]	9.102951049804688
10	5	64	19	[8, 22, 8, 22, 5, 3, 21, 12, 23]	9.235577583312988
10	10	48	14	[8, 22, 5, 3, 21, 12, 23]	9.494841575622559
10	15	101	23	[8, 22, 5, 0, 20, 13, 6, 7, 18, 11, 23]	9.049263000488281
10	20	76	23	[8, 22, 5, 3, 5, 22, 5, 3, 21, 12, 23]	9.579051733016968
10	25	47	15	[8, 22, 5, 3, 18, 11, 23]	10.589026689529419
10	1	67	17	[2, 17, 2, 15, 12, 21, 3, 5, 0]	8.53971791267395
10	5	61	16	[2, 17, 2, 15, 10, 3, 5, 0]	8.305415153503418
10	10	47	11	[2, 15, 10, 3, 5, 0]	8.267551183700562
10	15	61	16	[2, 15, 10, 15, 10, 3, 5, 0]	8.663411378860474
10	20	53	12	[2, 15, 12, 21, 3, 5, 0]	7.656130790710449
10	25	95	24	[2, 17, 2, 17, 9, 18, 9, 18, 3, 5, 0]	7.990399599075317
10	1	18	7	[0, 5, 3, 21]	4.089866876602173
10	5	18	7	[0, 5, 3, 21]	4.034778594970703
10	10	18	7	[0, 5, 3, 21]	4.453304290771484
10	15	18	7	[0, 5, 3, 21]	4.541321277618408
10	20	18	7	[0, 5, 3, 21]	3.6362464427948
10	25	18	7	[0, 5, 3, 21]	3.6732263565063477
10	1	28	6	[6, 7, 18, 3]	2.833651304244995
10	5	28	6	[6, 7, 18, 3]	2.907869577407837
10	10	28	6	[6, 7, 18, 3]	3.0021934509277344
10	15	28	7	[6, 7, 18, 3]	3.1092967987060547
10	20	28	7	[6, 7, 18, 3]	3.0363516807556152
10	25	28	7	[6, 7, 18, 3]	2.8705177307128906
10	1	15	2	[12, 23]	5.984364748001099
10	5	15	2	[12, 23]	6.193369388580322
10	10	15	2	[12, 23]	5.725430011749268
10	15	15	2	[12, 23]	5.018755674362183
10	20	15	2	[12, 23]	4.998028993606567
10	25	15	2	[12, 23]	5.187838792800903
10	1	57	13	[20, 0, 5, 3, 18, 9, 17]	14.771633625030518
10	5	91	23	[20, 11, 23, 11, 23, 11, 23, 11, 18, 9, 17]	14.57649278640747
10	10	95	17	[20, 13, 6, 7, 6, 7, 18, 9, 17]	14.886675357818604
10	15	121	24	[20, 13, 6, 7, 6, 13, 6, 7, 18, 9, 17]	13.40339994430542
10	20	57	14	[20, 0, 5, 3, 18, 9, 17]	13.275877237319946
10	25	67	13	[20, 11, 23, 11, 18, 9, 17]	14.496919393539429
10	1	20	5	[16, 10, 3]	3.848905563354492
10	5	20	5	[16, 10, 3]	3.559218645095825
10	10	20	5	[16, 10, 3]	3.2760167121887207
10	15	20	5	[16, 10, 3]	3.6283152103424072
10	20	20	5	[16, 10, 3]	4.394186973571777
10	25	20	5	[16, 10, 3]	3.5914249420166016
10	1	34	9	[1, 4, 3, 18, 11]	8.053760528564453
10	5	34	9	[1, 4, 3, 18, 11]	8.081660985946655
10	10	34	9	[1, 4, 3, 18, 11]	8.141270160675049
10	15	44	13	[1, 4, 3, 18, 3, 18, 11]	8.121843099594116
10	20	52	15	[1, 4, 1, 4, 3, 18, 11]	7.662134170532227
10	25	34	10	[1, 4, 3, 18, 11]	7.72609543800354
10	1	23	6	[7, 18, 3, 4]	4.6030168533325195
10	5	23	6	[7, 18, 3, 4]	4.220588684082031
10	10	45	10	[7, 6, 7, 18, 3, 4]	4.723367691040039
10	15	23	7	[7, 18, 3, 4]	5.756295442581177
10	20	111	26	[7, 6, 13, 20, 0, 20, 13, 6, 7, 18, 3, 4]	5.15482759475708
10	25	23	7	[7, 18, 3, 4]	4.451379776000977
10	1	29	5	[23, 12, 15]	7.2531819343566895
10	5	29	5	[23, 12, 15]	7.460448265075684
10	10	29	5	[23, 12, 15]	7.5028300285339355
10	15	29	5	[23, 12, 15]	6.821145296096802
10	20	29	5	[23, 12, 15]	6.244618892669678
10	25	29	5	[23, 12, 15]	6.983581304550171
5	1	30	9	[7, 18, 3, 5, 0]	0.03711986541748047
5	5	30	9	[7, 18, 3, 5, 0]	0.03367280960083008
5	10	30	9	[7, 18, 3, 5, 0]	0.034256935119628906
5	15	30	9	[7, 18, 3, 5, 0]	0.03208351135253906
5	20	30	9	[7, 18, 3, 5, 0]	0.029904603958129883
5	25	30	9	[7, 18, 3, 5, 0]	0.027116775512695312
5	1	29	4	[2, 15, 12]	0.024891138076782227
5	5	29	4	[2, 15, 12]	0.023293256759643555
5	10	29	4	[2, 15, 12]	0.024410486221313477
5	15	29	4	[2, 15, 12]	0.023373126983642578
5	20	29	4	[2, 15, 12]	0.02206707000732422
5	25	29	4	[2, 15, 12]	0.027405977249145508
5	1	51	13	[10, 15, 12, 21, 3, 18, 11]	0.04519939422607422
5	5	31	6	[10, 3, 18, 11]	0.04107666015625
5	10	73	14	[10, 15, 12, 15, 10, 3, 18, 11]	0.03985118865966797
5	15	54	13	[10, 15, 12, 21, 12, 23, 11]	0.0421140193939209
5	20	78	19	[10, 16, 14, 19, 12, 21, 3, 18, 11]	0.04171609878540039
5	25	47	10	[10, 16, 10, 3, 18, 11]	0.0321502685546875
5	1	53	12	[2, 17, 9, 18, 3, 5, 0]	0.04038882255554199
5	5	53	12	[2, 17, 9, 18, 3, 5, 0]	0.041612863540649414
5	10	61	14	[2, 17, 2, 15, 10, 3, 5, 0]	0.04570722579956055
5	15	71	17	[2, 17, 9, 18, 3, 5, 22, 5, 0]	0.04435539245605469
5	20	97	22	[2, 17, 2, 15, 2, 17, 9, 18, 3, 5, 0]	0.04579806327819824
5	25	165	31	[2, 15, 10, 16, 1, 4, 1, 16, 14, 16, 14, 22, 5, 22, 5, 0]	0.03734016418457031
5	1	46	12	[5, 0, 5, 3, 18, 11, 23]	0.04360818862915039
5	5	105	28	[5, 3, 4, 3, 21, 12, 19, 14, 22, 5, 3, 18, 11, 23]	0.043988704681396484
5	10	31	9	[5, 3, 21, 12, 23]	0.04654073715209961
5	15	31	9	[5, 3, 21, 12, 23]	0.0412294864654541
5	20	31	9	[5, 3, 21, 12, 23]	0.04334211349487305
5	25	30	8	[5, 3, 18, 11, 23]	0.03835582733154297
5	1	13	2	[16, 8]	0.02156543731689453
5	5	13	2	[16, 8]	0.023060321807861328
5	10	13	2	[16, 8]	0.024947643280029297
5	15	13	2	[16, 8]	0.02215719223022461
5	20	13	2	[16, 8]	0.020781278610229492
5	25	13	2	[16, 8]	0.01930379867553711
5	1	27	9	[8, 22, 5, 3, 21]	0.02811288833618164
5	5	27	9	[8, 22, 5, 3, 21]	0.030991315841674805
5	10	27	9	[8, 22, 5, 3, 21]	0.02536916732788086
5	15	27	10005	[8, 22, 5, 3, 21]	0.024596691131591797
5	20	69	10013	[8, 16, 1, 4, 3, 10, 3, 21]	0.025774717330932617
5	25	63	10013	[8, 16, 1, 4, 1, 4, 3, 21]	0.02672576904296875
5	1	70	19	[15, 10, 16, 1, 4, 3, 18, 7, 6]	0.08242511749267578
