0	0	0	0	0	1	0	0	0	0	0	0	0	0	0	0	0	0	0	0	1	0	0	0
0	0	0	0	1	0	0	0	0	0	0	0	0	0	0	0	1	0	0	0	0	0	0	0
0	0	0	0	0	0	0	0	0	0	0	0	0	0	0	1	0	1	0	0	0	0	0	0
0	0	0	0	1	1	0	0	0	0	1	0	0	0	0	0	0	0	1	0	0	1	0	0
0	1	0	1	0	0	0	0	0	0	0	0	0	0	0	0	0	0	0	0	0	0	0	0
1	0	0	1	0	0	0	0	0	0	0	0	0	0	0	0	0	0	0	0	0	0	1	0
0	0	0	0	0	0	0	1	0	0	0	0	0	1	0	0	0	0	0	0	0	0	0	0
0	0	0	0	0	0	1	0	0	0	0	0	0	0	0	0	0	0	1	0	0	0	0	0
0	0	0	0	0	0	0	0	0	0	0	0	0	0	0	0	1	0	0	0	0	0	1	0
0	0	0	0	0	0	0	0	0	0	0	0	0	0	0	0	0	1	1	0	0	0	0	0
0	0	0	1	0	0	0	0	0	0	0	0	0	0	0	1	1	0	0	0	0	0	0	0
0	0	0	0	0	0	0	0	0	0	0	0	0	0	0	0	0	0	1	0	1	0	0	1
0	0	0	0	0	0	0	0	0	0	0	0	0	0	0	1	0	0	0	1	0	1	0	1
0	0	0	0	0	0	1	0	0	0	0	0	0	0	0	0	0	0	0	0	1	0	0	0
0	0	0	0	0	0	0	0	0	0	0	0	0	0	0	0	1	0	0	1	0	0	1	0
0	0	1	0	0	0	0	0	0	0	1	0	1	0	0	0	0	0	0	0	0	0	0	0
0	1	0	0	0	0	0	0	1	0	1	0	0	0	1	0	0	0	0	0	0	0	0	0
0	0	1	0	0	0	0	0	0	1	0	0	0	0	0	0	0	0	0	0	0	0	0	0
0	0	0	1	0	0	0	1	0	1	0	1	0	0	0	0	0	0	0	0	0	0	0	0
0	0	0	0	0	0	0	0	0	0	0	0	1	0	1	0	0	0	0	0	0	0	0	0
1	0	0	0	0	0	0	0	0	0	0	1	0	1	0	0	0	0	0	0	0	0	0	0
0	0	0	1	0	0	0	0	0	0	0	0	1	0	0	0	0	0	0	0	0	0	0	0
0	0	0	0	0	1	0	0	1	0	0	0	0	0	1	0	0	0	0	0	0	0	0	0
0	0	0	0	0	0	0	0	0	0	0	1	1	0	0	0	0	0	0	0	0	0	0	0

0	0	0	0	0	8	0	0	0	0	0	0	0	0	0	0	0	0	0	0	11	0	0	0
0	0	0	0	9	0	0	0	0	0	0	0	0	0	0	0	12	0	0	0	0	0	0	0
0	0	0	0	0	0	0	0	0	0	0	0	0	0	0	15	0	7	0	0	0	0	0	0
0	0	0	0	6	5	0	0	0	0	12	0	0	0	0	0	0	0	5	0	0	5	0	0
0	9	0	6	0	0	0	0	0	0	0	0	0	0	0	0	0	0	0	0	0	0	0	0
8	0	0	5	0	0	0	0	0	0	0	0	0	0	0	0	0	0	0	0	0	0	9	0
0	0	0	0	0	0	0	11	0	0	0	0	0	13	0	0	0	0	0	0	0	0	0	0
0	0	0	0	0	0	11	0	0	0	0	0	0	0	0	0	0	0	12	0	0	0	0	0
0	0	0	0	0	0	0	0	0	0	0	0	0	0	0	0	13	0	0	0	0	0	8	0
0	0	0	0	0	0	0	0	0	0	0	0	0	0	0	0	0	14	14	0	0	0	0	0
0	0	0	12	0	0	0	0	0	0	0	0	0	0	0	7	8	0	0	0	0	0	0	0
0	0	0	0	0	0	0	0	0	0	0	0	0	0	0	0	0	0	14	0	13	0	0	6
0	0	0	0	0	0	0	0	0	0	0	0	0	0	0	14	0	0	0	13	0	6	0	15
0	0	0	0	0	0	13	0	0	0	0	0	0	0	0	0	0	0	0	0	9	0	0	0
0	0	0	0	0	0	0	0	0	0	0	0	0	0	0	0	15	0	0	12	0	0	13	0
0	0	15	0	0	0	0	0	0	0	7	0	14	0	0	0	0	0	0	0	0	0	0	0
0	12	0	0	0	0	0	0	13	0	8	0	0	0	15	0	0	0	0	0	0	0	0	0
0	0	7	0	0	0	0	0	0	14	0	0	0	0	0	0	0	0	0	0	0	0	0	0
0	0	0	5	0	0	0	12	0	14	0	14	0	0	0	0	0	0	0	0	0	0	0	0
0	0	0	0	0	0	0	0	0	0	0	0	13	0	12	0	0	0	0	0	0	0	0	0
11	0	0	0	0	0	0	0	0	0	0	13	0	9	0	0	0	0	0	0	0	0	0	0
0	0	0	5	0	0	0	0	0	0	0	0	6	0	0	0	0	0	0	0	0	0	0	0
0	0	0	0	0	9	0	0	8	0	0	0	0	0	13	0	0	0	0	0	0	0	0	0
0	0	0	0	0	0	0	0	0	0	0	6	15	0	0	0	0	0	0	0	0	0	0	0

0	0	0	0	0	5	0	0	0	0	0	0	0	0	0	0	0	0	0	0	1	0	0	0
0	0	0	0	3	0	0	0	0	0	0	0	0	0	0	0	4	0	0	0	0	0	0	0
0	0	0	0	0	0	0	0	0	0	0	0	0	0	0	4	0	4	0	0	0	0	0	0
0	0	0	0	3	2	0	0	0	0	3	0	0	0	0	0	0	0	5	0	0	3	0	0
0	3	0	3	0	0	0	0	0	0	0	0	0	0	0	0	0	0	0	0	0	0	0	0
5	0	0	2	0	0	0	0	0	0	0	0	0	0	0	0	0	0	0	0	0	0	1	0
0	0	0	0	0	0	0	5	0	0	0	0	0	1	0	0	0	0	0	0	0	0	0	0
0	0	0	0	0	0	5	0	0	0	0	0	0	0	0	0	0	0	1	0	0	0	0	0
0	0	0	0	0	0	0	0	0	0	0	0	0	0	0	0	3	0	0	0	0	0	2	0
0	0	0	0	0	0	0	0	0	0	0	0	0	0	0	0	0	1	2	0	0	0	0	0
0	0	0	3	0	0	0	0	0	0	0	0	0	0	0	4	5	0	0	0	0	0	0	0
0	0	0	0	0	0	0	0	0	0	0	0	0	0	0	0	0	0	3	0	1	0	0	5
0	0	0	0	0	0	0	0	0	0	0	0	0	0	0	1	0	0	0	4	0	4	0	3
0	0	0	0	0	0	1	0	0	0	0	0	0	0	0	0	0	0	0	0	5	0	0	0
0	0	0	0	0	0	0	0	0	0	0	0	0	0	0	0	5	0	0	4	0	0	1	0
0	0	4	0	0	0	0	0	0	0	4	0	1	0	0	0	0	0	0	0	0	0	0	0
0	4	0	0	0	0	0	0	3	0	5	0	0	0	5	0	0	0	0	0	0	0	0	0
0	0	4	0	0	0	0	0	0	1	0	0	0	0	0	0	0	0	0	0	0	0	0	0
0	0	0	5	0	0	0	1	0	2	0	3	0	0	0	0	0	0	0	0	0	0	0	0
0	0	0	0	0	0	0	0	0	0	0	0	4	0	4	0	0	0	0	0	0	0	0	0
1	0	0	0	0	0	0	0	0	0	0	1	0	5	0	0	0	0	0	0	0	0	0	0
0	0	0	3	0	0	0	0	0	0	0	0	4	0	0	0	0	0	0	0	0	0	0	0
0	0	0	0	0	1	0	0	2	0	0	0	0	0	1	0	0	0	0	0	0	0	0	0
0	0	0	0	0	0	0	0	0	0	0	5	3	0	0	0	0	0	0	0	0	0	0	0

0	0	0	0	0	100	0	0	0	0	0	0	0	0	0	0	0	0	0	0	97	0	0	0
0	0	0	0	100	0	0	0	0	0	0	0	0	0	0	0	97	0	0	0	0	0	0	0
0	0	0	0	0	0	0	0	0	0	0	0	0	0	0	95	0	96	0	0	0	0	0	0
0	0	0	0	100	95	0	0	0	0	99	0	0	0	0	0	0	0	97	0	0	97	0	0
0	100	0	100	0	0	0	0	0	0	0	0	0	0	0	0	0	0	0	0	0	0	0	0
100	0	0	95	0	0	0	0	0	0	0	0	0	0	0	0	0	0	0	0	0	0	96	0
0	0	0	0	0	0	0	98	0	0	0	0	0	99	0	0	0	0	0	0	0	0	0	0
0	0	0	0	0	0	98	0	0	0	0	0	0	0	0	0	0	0	99	0	0	0	0	0
0	0	0	0	0	0	0	0	0	0	0	0	0	0	0	0	98	0	0	0	0	0	98	0
0	0	0	0	0	0	0	0	0	0	0	0	0	0	0	0	0	97	95	0	0	0	0	0
0	0	0	99	0	0	0	0	0	0	0	0	0	0	0	99	96	0	0	0	0	0	0	0
0	0	0	0	0	0	0	0	0	0	0	0	0	0	0	0	0	0	98	0	96	0	0	97
0	0	0	0	0	0	0	0	0	0	0	0	0	0	0	98	0	0	0	100	0	99	0	96
0	0	0	0	0	0	99	0	0	0	0	0	0	0	0	0	0	0	0	0	95	0	0	0
0	0	0	0	0	0	0	0	0	0	0	0	0	0	0	0	96	0	0	95	0	0	97	0
0	0	95	0	0	0	0	0	0	0	99	0	98	0	0	0	0	0	0	0	0	0	0	0
0	97	0	0	0	0	0	0	98	0	96	0	0	0	96	0	0	0	0	0	0	0	0	0
0	0	96	0	0	0	0	0	0	97	0	0	0	0	0	0	0	0	0	0	0	0	0	0
0	0	0	97	0	0	0	99	0	95	0	98	0	0	0	0	0	0	0	0	0	0	0	0
0	0	0	0	0	0	0	0	0	0	0	0	100	0	95	0	0	0	0	0	0	0	0	0
97	0	0	0	0	0	0	0	0	0	0	96	0	95	0	0	0	0	0	0	0	0	0	0
0	0	0	97	0	0	0	0	0	0	0	0	99	0	0	0	0	0	0	0	0	0	0	0
0	0	0	0	0	96	0	0	98	0	0	0	0	0	97	0	0	0	0	0	0	0	0	0
0	0	0	0	0	0	0	0	0	0	0	97	96	0	0	0	0	0	0	0	0	0	0	0

0	0	0	0	0	43	0	0	0	0	0	0	0	0	0	0	0	0	0	0	37	0	0	0
0	0	0	0	19	0	0	0	0	0	0	0	0	0	0	0	20	0	0	0	0	0	0	0
0	0	0	0	0	0	0	0	0	0	0	0	0	0	0	0	0	42	0	0	0	0	0	0
0	0	0	0	14	11	0	0	0	0	0	0	0	0	0	0	0	0	4	0	0	40	0	0
0	19	0	14	0	0	0	0	0	0	0	0	0	0	0	0	0	0	0	0	0	0	0	0
43	0	0	11	0	0	0	0	0	0	0	0	0	0	0	0	0	0	0	0	0	0	1	0
0	0	0	0	0	0	0	18	0	0	0	0	0	11	0	0	0	0	0	0	0	0	0	0
0	0	0	0	0	0	18	0	0	0	0	0	0	0	0	0	0	0	24	0	0	0	0	0
0	0	0	0	0	0	0	0	0	0	0	0	0	0	0	0	10	0	0	0	0	0	5	0
0	0	0	0	0	0	0	0	0	0	0	0	0	0	0	0	0	4	10	0	0	0	0	0
0	0	0	0	0	0	0	0	0	0	0	0	0	0	0	9	13	0	0	0	0	0	0	0
0	0	0	0	0	0	0	0	0	0	0	0	0	0	0	0	0	0	35	0	0	0	0	21
0	0	0	0	0	0	0	0	0	0	0	0	0	0	0	37	0	0	0	33	0	8	0	23
0	0	0	0	0	0	11	0	0	0	0	0	0	0	0	0	0	0	0	0	34	0	0	0
0	0	0	0	0	0	0	0	0	0	0	0	0	0	0	0	2	0	0	7	0	0	31	0
0	0	0	0	0	0	0	0	0	0	9	0	37	0	0	0	0	0	0	0	0	0	0	0
0	20	0	0	0	0	0	0	10	0	13	0	0	0	2	0	0	0	0	0	0	0	0	0
0	0	42	0	0	0	0	0	0	4	0	0	0	0	0	0	0	0	0	0	0	0	0	0
0	0	0	4	0	0	0	24	0	10	0	35	0	0	0	0	0	0	0	0	0	0	0	0
0	0	0	0	0	0	0	0	0	0	0	0	33	0	7	0	0	0	0	0	0	0	0	0
37	0	0	0	0	0	0	0	0	0	0	0	0	34	0	0	0	0	0	0	0	0	0	0
0	0	0	40	0	0	0	0	0	0	0	0	8	0	0	0	0	0	0	0	0	0	0	0
0	0	0	0	0	1	0	0	5	0	0	0	0	0	31	0	0	0	0	0	0	0	0	0
0	0	0	0	0	0	0	0	0	0	0	21	23	0	0	0	0	0	0	0	0	0	0	0
